2023-08-18,0.091,0.0798,0.091,0.0552,1144
2023-08-21,0.0351,0.05,0.0699,0.0351,78080
2023-08-22,0.0735,0.04,0.0735,0.04,12799
2023-08-23,0.04,0.0595,0.0595,0.04,2298
2023-08-24,0.052,0.0552,0.0578,0.0375,57888
2023-08-29,0.0595,0.0595,0.0595,0.0595,3004
2023-08-30,0.0577,0.0565,0.0585,0.0565,4158
2023-09-05,0.0401,0.0401,0.0401,0.0401,100
2023-09-06,0.0401,0.0401,0.0401,0.0401,100
2023-09-07,0.0351,0.06,0.06,0.0351,11559
2023-09-08,0.0524,0.0457,0.0524,0.0457,200
2023-09-11,0.034,0.034,0.034,0.0311,1240
2023-09-12,0.0255,0.051,0.051,0.0255,1013
2023-09-13,0.0446,0.0487,0.0599,0.0252,10102
2023-09-15,0.046101,0.0442,0.046101,0.0442,3536
2023-09-18,0.0599,0.0599,0.0599,0.0599,20100
2023-09-19,0.0367,0.0306,0.0367,0.0306,1536
2023-09-22,0.0589,0.0589,0.0589,0.0589,100
2023-09-27,0.0255,0.0255,0.0255,0.0255,200
2023-10-12,0.0255,0.0251,0.0255,0.0251,4251
2023-10-16,0.0374,0.0374,0.0374,0.0374,116
2023-10-17,0.0256,0.0256,0.0256,0.0256,241
2023-10-31,0.0256,0.02,0.0256,0.02,75018
2023-11-14,0.0152,0.0154,0.0154,0.0152,1580
2023-11-17,0.0156,0.0239,0.0264,0.0144,113388
2023-11-20,0.03,0.03,0.035,0.025,75903
2023-11-22,0.0396,0.05,0.0747,0.0396,39700
2023-11-24,0.0745,0.0899,0.1299,0.0745,20887
2023-11-27,0.0987,0.0987,0.0987,0.0987,100
2023-12-12,0.05,0.0495,0.05,0.0495,4200
2023-12-14,0.056,0.0559,0.056,0.0559,2000
2023-12-20,0.039899,0.039899,0.039899,0.039899,196
2023-12-21,0.0353,0.035,0.0353,0.035,540
2023-12-22,0.0347,0.0347,0.0347,0.0347,108
2023-12-26,0.035,0.035,0.035,0.035,100
2023-12-27,0.0252,0.0198,0.0262,0.01,35572
2023-12-28,0.015,0.0366,0.0384,0.0149,22900
2023-12-29,0.0308,0.0308,0.0308,0.0308,200
2024-01-02,0.0324,0.0324,0.0324,0.0324,400
2024-01-08,0.019899,0.02,0.02,0.018661,130912
2024-01-12,0.035,0.035,0.035,0.035,900
2024-01-16,0.0347,0.0234,0.0369,0.0234,3105
2024-01-19,0.0446,0.0449,0.0449,0.0446,1316
2024-01-22,0.0555,0.0555,0.0555,0.0555,100
2024-01-24,0.0446,0.0203,0.045,0.0203,1135
2024-01-31,0.0207,0.0205,0.0276,0.0205,12253
2024-02-01,0.0208,0.0328,0.0328,0.0207,17641
2024-02-27,0.0221,0.0221,0.0221,0.0221,2800
2024-03-19,0.0256,0.042,0.0946,0.0245,81253
2024-03-20,0.08,0.04,0.08,0.0372,84176
2024-03-21,0.0398,0.0565,0.0775,0.0373,93561
2024-03-22,0.0561,0.0535,0.0587,0.0378,3107
2024-03-25,0.059,0.059,0.059,0.059,200
2024-03-26,0.043,0.045,0.0529,0.043,7915
2024-03-27,0.0429,0.0491,0.0709,0.0408,50828
2024-04-04,0.045101,0.045101,0.045101,0.045101,100
2024-04-16,0.045,0.045,0.045,0.045,10000
2024-04-17,0.0455,0.04,0.0455,0.04,2223
2024-04-18,0.04,0.04,0.04,0.04,277
2024-04-30,0.0383,0.038,0.0383,0.038,915
2024-05-01,0.038,0.038,0.038,0.038,10000
2024-06-05,0.0383,0.0381,0.0383,0.0376,5227
2024-06-10,0.071,0.0408,0.071,0.0408,5400
2024-06-11,0.0424,0.03,0.0424,0.0251,110210
2024-06-12,0.0374,0.037,0.0374,0.0286,4123
2024-06-13,0.0306,0.0625,0.0625,0.0256,597
2024-06-14,0.0586,0.0475,0.0586,0.0254,13984
2024-06-17,0.047,0.0525,0.0575,0.047,13762
2024-06-18,0.04,0.05,0.05,0.04,3879
2024-06-20,0.05,0.0253,0.05,0.0253,843
2024-07-03,0.0257,0.0257,0.0257,0.0257,100
2024-07-24,0.05,0.035,0.05,0.035,16010
2024-07-29,0.0257,0.03,0.0569,0.0202,29432
2024-07-30,0.0434,0.0406,0.0494,0.04,10468
2024-08-01,0.0349,0.0349,0.0349,0.0349,372
2024-08-05,0.0222,0.0222,0.0222,0.0222,707
2024-08-06,0.0399,0.0399,0.0399,0.0399,1160
2024-08-13,0.0395,0.0404,0.0404,0.0395,900
2024-08-28,0.0252,0.0254,0.0374,0.025,18100
2024-08-29,0.04,0.04,0.04,0.04,100
2024-09-03,0.0351,0.0255,0.0351,0.0254,43693
2024-09-06,0.03,0.03,0.03,0.03,100
2024-09-16,0.0327,0.02,0.0327,0.02,36853
2024-09-17,0.0202,0.0202,0.0202,0.0201,1774
2024-09-24,0.0252,0.02,0.0252,0.02,217748
2024-10-08,0.0205,0.0198,0.0205,0.0198,11127
2024-10-09,0.0249,0.015,0.0249,0.0125,147961
2024-10-10,0.0151,0.0106,0.0151,0.0102,241191
2024-10-11,0.021,0.0268,0.027,0.0105,3050
2024-10-15,0.01945,0.0133,0.0196,0.0133,2807
2024-10-16,0.0191,0.0191,0.0191,0.0191,1368
2024-10-18,0.0194,0.0194,0.0194,0.0194,1113
2024-10-21,0.015,0.0217,0.024,0.01335,49725
2024-10-23,0.0133,0.0133,0.0133,0.0133,1990
2024-10-29,0.0198,0.011,0.02,0.0105,8584
2024-10-30,0.011,0.012,0.02,0.011,3124
2024-11-01,0.01208,0.01208,0.01208,0.01208,200
2024-11-11,0.0111,0.0111,0.02,0.0111,2173
2024-11-12,0.017238,0.0189,0.0189,0.017238,1100
2024-11-19,0.019,0.019,0.019,0.019,1131
2024-11-26,0.0188,0.0188,0.0188,0.0188,126
2024-12-02,0.0114,0.0114,0.0114,0.0114,1175
2024-12-10,0.0132,0.0132,0.0132,0.0132,100
2024-12-12,0.0132,0.0133,0.0133,0.0132,2012
2024-12-16,0.0133,0.012,0.0133,0.0112,5020
2024-12-18,0.0113,0.0114,0.0114,0.0113,600
2024-12-19,0.012,0.012,0.012,0.0113,1706
2024-12-31,0.0115,0.0189,0.019,0.0115,777
2025-01-03,0.019,0.0177,0.019,0.0152,14772
2025-01-06,0.0198,0.02,0.02,0.0198,3569
2025-01-07,0.02,0.02,0.0202,0.0198,10286
2025-01-10,0.0268,0.0206,0.0268,0.0206,3559
2025-01-13,0.0248,0.0212,0.0248,0.02,100317
2025-01-14,0.0266,0.0251,0.0268,0.022,59306
2025-01-16,0.0265,0.018,0.03,0.0151,266194
2025-01-21,0.02,0.02,0.0201,0.02,10549
2025-01-24,0.0397,0.0397,0.0397,0.0397,368
2025-01-27,0.0396,0.0202,0.0396,0.0202,1261
2025-02-03,0.02,0.0245,0.0245,0.0199,5500
2025-02-11,0.0392,0.021,0.0396,0.02,199059
2025-02-12,0.02,0.0182,0.0201,0.0182,8486
2025-02-13,0.02,0.0192,0.02,0.0184,10503
2025-02-26,0.0202,0.0396,0.0396,0.0202,2000
2025-02-27,0.0203,0.0225,0.0266,0.0202,3400
2025-03-03,0.0206,0.0153,0.0207,0.0153,3987
2025-03-07,0.03,0.031,0.031,0.023,215900
2025-03-10,0.0333,0.025,0.0394,0.0214,24963
2025-03-11,0.03,0.02,0.038,0.02,38827
2025-03-12,0.0212,0.0212,0.0212,0.0212,2195
2025-03-14,0.02,0.0201,0.0201,0.02,6172
2025-03-17,0.0237,0.027299,0.027299,0.0201,5400
2025-03-18,0.025,0.02,0.0251,0.02,11993
2025-03-19,0.022,0.022,0.022,0.022,193
