2016-01-19,14326.648,14326.648,14326.648,14326.648,0
2016-03-23,NaN,14326.648,NaN,NaN,0
2016-03-24,2922.6361,2922.6361,2922.6361,2922.6361,0
2016-03-29,3266.4756,3266.4756,3266.4756,3266.4756,0
2016-03-30,NaN,3266.4756,NaN,NaN,0
2016-04-01,3495.702,3495.702,3495.702,3495.702,0
2016-04-04,3553.0086,3553.0086,3553.0086,3553.0086,0
2016-04-05,3495.702,3495.702,3495.702,3495.702,0
2016-04-06,NaN,3495.702,NaN,NaN,0
2016-04-08,NaN,3495.702,NaN,NaN,0
2016-04-11,3600.0,3600.0,3600.0,3600.0,0
2016-04-19,1800.0,1800.0,1800.0,1800.0,0
2016-04-20,1800.0,1800.0,1800.0,1800.0,0
2016-04-21,1800.0,1800.0,1800.0,1800.0,0
2016-04-22,1800.0,1800.0,1800.0,1800.0,0
2016-04-26,3600.0,3600.0,3600.0,3600.0,0
2016-04-27,3600.0,3600.0,3600.0,3600.0,0
2016-04-28,3600.0,3600.0,3600.0,3600.0,0
2016-04-29,3600.0,3600.0,3600.0,3600.0,0
2016-05-02,3600.0,3600.0,3600.0,3600.0,0
2016-05-03,3600.0,3600.0,3600.0,3600.0,0
2016-05-04,3600.0,3600.0,3600.0,3600.0,0
2016-05-05,3600.0,3600.0,3600.0,3600.0,0
2016-05-06,3600.0,3600.0,3600.0,3600.0,0
2016-05-09,3600.0,3600.0,3600.0,3600.0,0
2016-05-10,3600.0,3600.0,3600.0,3600.0,0
2016-05-11,3600.0,3600.0,3600.0,3600.0,0
2016-05-12,3600.0,3600.0,3600.0,3600.0,0
2016-05-13,3600.0,3600.0,3600.0,3600.0,0
2016-05-16,3600.0,3600.0,3600.0,3600.0,0
2016-05-17,3600.0,3600.0,3600.0,3600.0,0
2016-05-18,3600.0,3600.0,3600.0,3600.0,0
2016-05-19,3600.0,3600.0,3600.0,3600.0,0
2016-05-20,3600.0,3600.0,3600.0,3600.0,0
2016-05-24,3600.0,3600.0,3600.0,3600.0,0
2016-05-25,3600.0,3600.0,3600.0,3600.0,0
2016-05-26,3600.0,3600.0,3600.0,3600.0,0
2016-05-27,3600.0,3600.0,3600.0,3600.0,0
2016-05-31,3600.0,3600.0,3600.0,3600.0,0
2016-06-01,3600.0,3600.0,3600.0,3600.0,0
2016-06-02,3600.0,3600.0,3600.0,3600.0,0
2016-06-03,3600.0,3600.0,3600.0,3600.0,0
2016-06-15,3600.0,3600.0,3600.0,3600.0,0
2016-06-16,3600.0,3600.0,3600.0,3600.0,0
2016-12-07,3600.0,3600.0,3600.0,3600.0,0
2016-12-08,3600.0,3600.0,3600.0,3600.0,0
2016-12-12,3600.0,3600.0,3600.0,3600.0,0
2016-12-14,3600.0,3600.0,3600.0,3600.0,0
2016-12-15,3600.0,3600.0,3600.0,3600.0,0
2016-12-16,3600.0,3600.0,3600.0,3600.0,0
2016-12-19,3600.0,3600.0,3600.0,3600.0,0
2016-12-20,3600.0,3600.0,3600.0,3600.0,0
2016-12-21,3600.0,3600.0,3600.0,3600.0,0
2016-12-22,3600.0,3600.0,3600.0,3600.0,0
2016-12-23,3600.0,3600.0,3600.0,3600.0,0
2016-12-28,3600.0,3600.0,3600.0,3600.0,0
2017-01-03,3600.0,3600.0,3600.0,3600.0,0
2017-01-04,3600.0,3600.0,3600.0,3600.0,0
2017-01-05,3600.0,3600.0,3600.0,3600.0,0
2017-01-06,3600.0,3600.0,3600.0,3600.0,0
2017-01-10,3600.0,3600.0,3600.0,3600.0,0
2017-01-12,3600.0,3600.0,3600.0,3600.0,0
2017-01-17,3600.0,3600.0,3600.0,3600.0,0
2017-01-24,3600.0,3600.0,3600.0,3600.0,0
2017-02-01,3600.0,3600.0,3600.0,3600.0,0
2017-02-02,3600.0,3600.0,3600.0,3600.0,0
2017-02-08,3600.0,3600.0,3600.0,3600.0,0
2017-02-09,3600.0,3600.0,3600.0,3600.0,0
2017-02-13,3600.0,3600.0,3600.0,3600.0,0
2017-02-14,3600.0,3600.0,3600.0,3600.0,0
2017-02-15,3600.0,3600.0,3600.0,3600.0,0
2017-02-17,3600.0,3600.0,3600.0,3600.0,0
2017-02-22,3600.0,3600.0,3600.0,3600.0,0
2017-02-23,3600.0,3600.0,3600.0,3600.0,0
2017-02-24,3600.0,3600.0,3600.0,3600.0,0
2017-02-27,3600.0,3600.0,3600.0,3600.0,0
2017-03-01,3600.0,3600.0,3600.0,3600.0,0
2017-03-03,3600.0,3600.0,3600.0,3600.0,0
2017-03-06,3600.0,3600.0,3600.0,3600.0,0
2017-03-07,3600.0,3600.0,3600.0,3600.0,0
2017-03-08,3600.0,3600.0,3600.0,3600.0,0
2017-03-09,3600.0,3600.0,3600.0,3600.0,0
2017-03-10,3600.0,3600.0,3600.0,3600.0,0
2017-03-13,3600.0,3600.0,3600.0,3600.0,0
2017-03-14,3600.0,3600.0,3600.0,3600.0,0
2017-03-17,3600.0,3600.0,3600.0,3600.0,0
2018-05-09,3420.0,3420.0,3420.0,3420.0,0
2018-05-16,3402.0,3402.0,3402.0,3402.0,0
2018-05-29,3420.0,3420.0,3420.0,3420.0,0
2018-08-13,3600.0,3600.0,3600.0,3600.0,0
2018-09-12,2970.0,2970.0,2970.0,2970.0,0
2018-11-20,2880.0,2880.0,2880.0,2880.0,0
2018-12-18,2700.0,2700.0,2700.0,2700.0,0
2018-12-21,2700.0,2700.0,2700.0,2700.0,0
2018-12-24,2700.0,2700.0,2700.0,2700.0,0
2018-12-31,3600.0,3600.0,3600.0,3600.0,0
2019-01-02,3780.0,3780.0,3780.0,3780.0,0
2019-01-03,3600.0,3600.0,3600.0,3600.0,0
2019-01-07,3600.0,3600.0,3600.0,3600.0,0
2019-01-08,3600.0,3600.0,3600.0,3600.0,0
2019-01-09,3600.0,3600.0,3600.0,3600.0,0
2019-01-10,3600.0,3600.0,3600.0,3600.0,0
2019-01-16,3420.0,3420.0,3420.0,3420.0,0
2019-01-22,3240.0,3240.0,3240.0,3240.0,0
2019-01-25,2880.0,2880.0,2880.0,2880.0,0
2019-01-29,2700.0,2700.0,2700.0,2700.0,0
2019-02-12,2610.0,2610.0,2610.0,2610.0,0
2019-03-04,2700.0,2700.0,2700.0,2700.0,0
2019-04-11,2250.0,2250.0,2250.0,2250.0,0
2019-05-20,1800.0,1800.0,1800.0,1800.0,1
2019-05-21,1800.0,1800.0,1800.0,1800.0,1
2019-05-23,2000.0,2000.0,2000.0,2000.0,1
2019-05-24,2100.0,2100.0,2100.0,2100.0,1
2019-05-28,2100.0,2100.0,2100.0,2100.0,1
2019-05-29,2150.0,2150.0,2150.0,2150.0,1
2019-06-03,1950.0,1950.0,1950.0,1950.0,1
2019-06-05,2000.0,2000.0,2000.0,2000.0,1
2019-06-10,1500.0,1500.0,1500.0,1500.0,2
2019-06-11,NaN,1500.0,NaN,NaN,0
2019-06-12,NaN,1500.0,NaN,NaN,0
2019-06-17,NaN,1500.0,NaN,NaN,0
2019-06-18,1200.0,1200.0,1200.0,1200.0,1
2019-06-19,1195.0,1195.0,1195.0,1195.0,1
2019-06-20,1300.0,1300.0,1300.0,1300.0,2
2019-06-21,1250.0,1250.0,1250.0,1250.0,1
2019-06-24,1300.0,1300.0,1300.0,1300.0,2
2019-07-01,1300.0,1300.0,1300.0,1300.0,2
2019-07-02,1200.0,1200.0,1200.0,1200.0,1
2019-07-08,600.0,600.0,600.0,550.0,13
2019-07-09,1000.0,1000.0,1000.0,1000.0,1
2019-07-10,1000.0,1150.0,1150.0,1000.0,3
2019-07-11,1200.0,1200.0,1200.0,1200.0,1
2019-07-12,NaN,1200.0,NaN,NaN,0
2019-07-15,1000.0,1000.0,1000.0,1000.0,1
2019-07-17,1000.0,1000.0,1000.0,1000.0,1
2019-07-18,NaN,1000.0,NaN,NaN,0
2019-07-19,1070.0,1070.0,1070.0,1070.0,2
2019-07-22,1100.0,1100.0,1100.0,1100.0,5
2019-07-25,1030.0,1030.0,1030.0,1030.0,1
2019-07-26,1035.0,1030.0,1035.0,1030.0,2
2019-07-30,1100.0,1100.0,1100.0,1100.0,1
2019-07-31,1080.0,1100.0,1100.0,1080.0,2
2019-08-01,1146.0,1150.0,1150.0,1146.0,5
2019-08-02,1000.0,1100.0,1100.0,1000.0,4
2019-08-05,1090.0,1070.0,1090.0,1070.0,3
2019-08-06,1050.0,1100.0,1100.0,1050.0,3
2019-08-07,1098.0,1050.0,1098.0,1050.0,4
2019-08-08,1080.0,1080.0,1080.0,1080.0,2
2019-08-12,1049.0,1049.0,1049.0,1049.0,1
2019-08-13,1000.0,1049.0,1049.0,1000.0,5
2019-08-14,1000.0,1049.0,1049.0,1000.0,4
2019-08-15,965.0,900.0,965.0,900.0,10
2019-08-16,910.0,850.0,910.0,850.0,3
2019-08-19,850.0,900.0,900.0,850.0,7
2019-08-20,850.0,900.0,900.0,850.0,7
2019-08-21,705.0,705.0,900.0,705.0,10
2019-08-22,977.0,950.0,977.0,900.0,20
2019-08-23,870.0,900.0,900.0,870.0,10
2019-08-26,875.0,870.0,875.0,870.0,5
2019-08-28,840.0,840.0,840.0,840.0,4
2019-08-29,835.0,815.0,835.0,815.0,4
2019-08-30,815.0,817.0,818.0,810.0,22
2019-09-03,819.0,820.0,820.0,819.0,21
2019-09-04,818.0,830.0,830.0,818.0,20
2019-09-05,828.0,850.0,850.0,828.0,22
2019-09-06,850.0,860.0,860.0,850.0,21
2019-09-09,850.0,870.0,870.0,850.0,20
2019-09-10,860.0,880.0,880.0,850.0,20
2019-09-11,870.0,900.0,900.0,870.0,21
2019-09-12,870.0,910.0,910.0,870.0,20
2019-09-13,800.0,910.0,910.0,800.0,21
2019-09-16,900.0,900.0,900.0,890.0,20
2019-09-17,895.0,895.0,897.0,850.0,20
2019-09-18,800.0,775.0,800.0,760.0,23
2019-09-19,800.0,797.0,800.0,785.0,20
2019-09-20,738.0,760.0,765.0,512.0,23
2019-09-23,765.0,766.0,800.0,765.0,9
2019-09-24,761.0,775.0,775.0,761.0,5
2019-09-25,760.0,770.0,770.0,758.0,20
2019-09-26,760.0,800.0,800.0,760.0,21
2019-09-27,790.0,900.0,900.0,790.0,24
2019-10-01,705.0,707.0,709.0,700.0,9
2019-10-02,700.0,718.0,718.0,700.0,24
2019-10-03,680.0,709.0,709.0,680.0,20
2019-10-04,660.0,700.0,700.0,650.0,21
2019-10-07,675.0,680.0,680.0,670.0,21
2019-10-08,665.0,680.0,680.0,665.0,20
2019-10-09,668.0,675.0,675.0,662.0,24
2019-10-10,665.0,675.0,675.0,664.0,32
2019-10-11,665.0,670.0,670.0,665.0,17
2019-10-14,667.0,670.0,670.0,665.0,20
2019-10-15,665.0,650.0,665.0,650.0,16
2019-10-16,663.0,675.0,675.0,663.0,16
2019-10-17,650.0,663.0,663.0,650.0,11
2019-10-18,664.0,665.0,665.0,664.0,12
2019-10-21,600.0,603.0,603.0,600.0,16
2019-10-22,600.0,597.0,600.0,597.0,7
2019-10-23,595.0,595.0,595.0,595.0,2
2019-10-24,589.0,555.0,590.0,555.0,4
2019-10-25,550.0,550.0,550.0,550.0,5
2019-10-28,550.0,545.0,550.0,545.0,12
2019-10-29,540.0,540.0,540.0,540.0,6
2019-10-30,535.0,540.0,540.0,535.0,24
2019-10-31,530.0,530.0,530.0,530.0,8
2019-11-01,510.0,500.0,510.0,200.0,20
2019-11-04,495.0,505.0,530.0,489.0,203
2019-11-05,500.0,520.0,520.0,500.0,40
2019-11-06,511.0,525.0,525.0,511.0,27
2019-11-07,520.0,540.0,540.0,515.0,49
2019-11-08,540.0,545.0,550.0,525.0,68
2019-11-11,550.0,590.0,590.0,550.0,37
2019-11-12,575.0,574.0,590.0,574.0,39
2019-11-13,590.0,600.0,600.0,573.0,36
2019-11-14,600.0,650.0,650.0,590.0,25
2019-11-15,640.0,680.0,680.0,640.0,21
2019-11-18,680.0,680.0,688.0,680.0,17
2019-11-19,680.0,680.0,680.0,680.0,15
2019-11-20,670.0,680.0,680.0,670.0,15
2019-11-21,675.0,680.0,680.0,670.0,18
2019-11-22,680.0,675.0,680.0,670.0,33
2019-11-25,670.0,670.0,675.0,670.0,16
2019-11-26,670.0,670.0,670.0,670.0,12
2019-11-27,665.0,660.0,665.0,660.0,23
2019-11-29,665.0,665.0,665.0,665.0,9
2019-12-02,670.0,660.0,670.0,660.0,16
2019-12-03,665.0,660.0,665.0,660.0,13
2019-12-04,640.0,660.0,660.0,640.0,4
2019-12-06,620.0,620.0,620.0,620.0,4
2019-12-09,615.0,610.0,620.0,610.0,16
2019-12-10,590.0,602.0,603.0,590.0,23
2019-12-11,603.0,599.0,603.0,589.0,24
2019-12-12,603.0,585.0,603.0,585.0,18
2019-12-13,588.0,585.0,588.0,513.5,37
2019-12-16,595.0,563.0,595.0,506.0,102
2019-12-17,550.0,555.0,555.0,550.0,14
2019-12-18,559.0,545.0,559.0,545.0,10
2019-12-19,545.0,540.0,545.0,540.0,15
2019-12-20,527.0,540.0,540.0,527.0,10
2019-12-23,535.0,530.0,535.0,525.0,6
2019-12-24,520.0,520.0,520.0,520.0,1
2019-12-26,520.0,520.0,520.0,520.0,1
2019-12-27,520.0,515.0,520.0,515.0,3
2019-12-30,505.0,505.0,505.0,505.0,1
2019-12-31,437.0,437.0,437.0,437.0,5
2020-01-02,437.0,502.5,502.5,437.0,23
2020-01-03,505.0,500.0,505.0,450.0,40
2020-01-06,490.0,490.0,500.0,490.0,11
2020-01-07,490.0,480.0,490.0,479.0,20
2020-01-08,460.0,465.0,465.0,460.0,12
2020-01-09,440.0,437.0,440.0,435.0,4
2020-01-10,425.0,440.0,440.0,425.0,42
2020-01-13,430.0,420.0,430.0,403.0,14
2020-01-14,400.0,400.0,400.0,400.0,2
2020-01-15,390.0,390.0,390.0,390.0,2
2020-01-16,351.0,350.0,351.0,350.0,12
2020-01-17,310.0,315.0,315.0,310.0,11
2020-01-21,300.0,295.0,300.0,251.0,22
2020-01-22,295.0,300.0,300.0,225.0,33
2020-01-23,290.0,240.0,290.0,240.0,2
2020-01-24,240.0,300.0,300.0,240.0,56
2020-01-27,NaN,300.0,NaN,NaN,0
2020-01-29,250.0,280.0,280.0,250.0,14
2020-01-30,250.0,290.0,290.0,250.0,15
2020-01-31,NaN,290.0,NaN,NaN,0
2020-02-03,280.0,280.0,280.0,280.0,2
2020-02-05,270.0,300.0,300.0,270.0,38
2020-02-06,290.0,300.0,300.0,265.0,18
2020-02-07,290.0,288.0,300.0,288.0,10
2020-02-10,288.0,290.0,290.0,288.0,12
2020-02-11,290.0,250.0,300.0,250.0,31
2020-02-12,294.0,293.0,294.0,293.0,32
2020-02-13,290.0,287.0,290.0,287.0,49
2020-02-14,287.0,285.0,287.0,282.0,15
2020-02-18,285.0,275.0,295.0,275.0,48
2020-02-19,275.0,288.0,290.0,275.0,38
2020-02-20,280.0,280.0,290.0,280.0,45
2020-02-21,280.0,275.0,280.0,255.0,40
2020-02-24,275.0,280.0,290.0,270.0,49
2020-02-25,280.0,255.0,290.0,255.0,51
2020-02-26,275.0,284.5,289.0,255.0,67
2020-02-27,280.0,280.0,285.0,180.0,29
2020-02-28,279.0,290.0,290.0,279.0,14
2020-03-02,280.0,285.0,285.0,280.0,21
2020-03-03,285.0,295.0,295.0,285.0,18
2020-03-04,295.0,290.0,299.0,290.0,51
2020-03-05,285.0,290.0,290.0,270.0,20
2020-03-06,290.0,290.0,290.0,290.0,4
2020-03-09,290.0,290.0,290.0,290.0,4
2020-03-10,290.0,290.0,290.0,290.0,2
2020-03-13,290.0,290.0,290.0,290.0,1
2020-03-16,NaN,290.0,NaN,NaN,0
2020-03-17,280.0,280.0,280.0,280.0,2
2020-03-18,280.0,280.0,280.0,280.0,14
2020-03-23,280.0,280.0,280.0,280.0,6
2020-03-24,220.0,225.0,225.0,220.0,2
2020-03-25,265.0,265.0,265.0,265.0,4
2020-03-26,265.0,265.0,265.0,265.0,2
2020-03-27,240.0,240.0,240.0,240.0,4
2020-03-30,240.0,240.0,240.0,240.0,11
2020-03-31,245.0,245.0,245.0,245.0,3
2020-04-06,245.0,200.0,245.0,200.0,8
2020-04-07,255.0,255.0,255.0,255.0,1
2020-04-08,265.0,265.0,265.0,265.0,4
2020-04-09,275.0,250.0,275.0,250.0,5
2020-04-13,260.0,260.0,260.0,260.0,1
2020-04-14,275.0,275.0,275.0,275.0,1
2020-04-16,275.0,275.0,275.0,275.0,3
2020-04-17,290.0,290.0,290.0,105.0,19
2020-04-20,290.0,290.0,290.0,290.0,1
2020-04-21,290.0,320.0,320.0,290.0,7
2020-04-29,NaN,320.0,NaN,NaN,0
2020-05-05,220.0,240.0,240.0,220.0,11
2020-05-06,295.0,300.0,300.0,295.0,3
2020-05-07,NaN,300.0,NaN,NaN,0
2020-05-12,300.0,300.0,300.0,300.0,2
2020-05-21,290.0,290.0,290.0,290.0,1
2020-05-22,290.0,300.0,300.0,290.0,20
2020-05-26,290.0,299.0,300.0,290.0,28
2020-05-27,300.0,295.0,300.0,295.0,11
2020-05-28,295.0,295.0,300.0,295.0,14
2020-05-29,290.0,300.0,300.0,290.0,9
2020-06-01,290.0,300.0,300.0,290.0,17
2020-06-02,290.0,300.0,300.0,290.0,12
2020-06-03,160.0,300.0,300.0,160.0,8
2020-06-04,294.0,295.0,295.0,294.0,7
2020-06-05,290.0,290.0,290.0,290.0,5
2020-06-08,295.0,300.0,300.0,295.0,4
2020-06-09,295.0,300.0,300.0,295.0,6
2020-06-10,295.0,295.0,295.0,295.0,3
2020-06-26,NaN,295.0,NaN,NaN,0
2020-06-29,280.0,280.0,280.0,280.0,1
2020-06-30,270.0,300.0,300.0,270.0,10
2020-07-08,260.0,260.0,260.0,260.0,16
2020-07-09,300.0,300.0,300.0,300.0,3
2020-07-10,300.0,300.0,300.0,300.0,5
2020-07-13,295.0,295.0,295.0,295.0,14
2020-07-14,300.0,295.0,300.0,295.0,11
2020-07-15,300.0,300.0,300.0,300.0,4
2020-07-16,300.0,320.0,320.0,300.0,11
2020-07-17,320.0,330.0,330.0,320.0,15
2020-07-20,330.0,370.0,370.0,325.0,126
2020-07-21,367.0,373.0,373.0,367.0,56
2020-07-22,373.0,375.0,375.0,373.0,26
2020-07-23,373.0,373.0,373.0,373.0,5
2020-07-24,373.0,375.0,375.0,373.0,8
2020-07-27,375.0,385.0,385.0,375.0,26
2020-07-28,375.0,370.0,380.0,370.0,6
2020-07-29,375.0,375.0,375.0,375.0,1
2020-07-30,375.0,395.0,400.0,375.0,39
2020-07-31,390.0,395.0,395.0,290.0,8
2020-08-03,390.0,390.0,390.0,390.0,3
2020-08-04,390.0,405.0,405.0,390.0,11
2020-08-05,400.0,400.0,400.0,400.0,2
2020-08-06,405.0,380.0,405.0,380.0,10
2020-08-07,380.0,380.0,380.0,380.0,1
2020-08-10,360.0,400.0,400.0,360.0,13
2020-08-11,380.0,395.0,395.0,380.0,6
2020-08-12,395.0,400.0,400.0,395.0,13
2020-08-13,400.0,400.0,400.0,395.0,9
2020-08-14,395.0,395.0,395.0,395.0,13
2020-08-17,405.0,405.0,405.0,405.0,2
2020-08-18,380.0,400.0,400.0,380.0,12
2020-08-19,390.0,395.0,395.0,390.0,10
2020-08-20,395.0,400.0,400.0,395.0,3
2020-08-24,395.0,400.0,400.0,395.0,10
2020-08-25,400.0,400.0,400.0,400.0,3
2020-08-26,400.0,405.0,405.0,400.0,10
2020-08-27,397.5,400.0,405.0,397.5,18
2020-08-28,395.0,360.0,395.0,360.0,3
2020-08-31,396.0,400.0,400.0,396.0,7
2020-09-01,400.0,400.0,400.0,400.0,5
2020-09-02,405.0,405.0,405.0,400.0,26
2020-09-03,405.0,400.0,405.0,400.0,6
2020-09-04,400.0,400.0,410.0,400.0,7
2020-09-08,390.0,395.0,395.0,360.0,12
2020-09-09,395.0,375.0,400.0,375.0,14
2020-09-10,395.0,395.0,395.0,395.0,1
2020-09-11,395.0,395.0,395.0,395.0,10
2020-09-14,370.0,400.0,400.0,360.0,16
2020-09-15,370.0,380.0,380.0,370.0,15
2020-09-16,390.0,370.0,395.0,370.0,9
2020-09-17,395.0,400.0,400.0,395.0,14
2020-09-18,410.0,400.0,410.0,400.0,6
2020-09-21,415.0,400.0,415.0,400.0,11
2020-09-22,400.0,390.0,400.0,390.0,5
2020-09-23,390.0,400.0,400.0,385.0,16
2020-09-24,385.0,400.0,400.0,385.0,9
2020-09-25,395.0,395.0,400.0,395.0,5
2020-09-28,395.0,400.0,400.0,395.0,10
2020-09-29,395.0,400.0,400.0,395.0,10
2020-09-30,390.0,400.0,400.0,360.0,22
2020-10-01,390.0,400.0,400.0,390.0,5
2020-10-02,400.0,410.0,410.0,400.0,11
2020-10-05,400.0,410.0,410.0,400.0,11
2020-10-06,410.0,415.0,415.0,360.0,16
2020-10-07,400.0,400.0,415.0,400.0,12
2020-10-08,400.0,420.0,420.0,400.0,8
2020-10-09,400.0,400.0,415.0,400.0,8
2020-10-12,410.0,415.0,415.0,400.0,9
2020-10-13,415.0,415.0,415.0,415.0,3
2020-10-14,415.0,420.0,420.0,415.0,6
2020-10-15,415.0,415.0,415.0,415.0,5
2020-10-16,405.0,410.0,410.0,405.0,5
2020-10-19,410.0,415.0,415.0,410.0,3
2020-10-20,410.0,410.0,410.0,410.0,1
2020-10-21,400.0,405.0,405.0,400.0,7
2020-10-22,405.0,405.0,405.0,405.0,4
2020-10-23,400.0,400.0,400.0,400.0,2
2020-10-26,395.0,405.0,405.0,395.0,9
2020-10-27,395.0,390.0,400.0,390.0,8
2020-10-28,400.0,400.0,400.0,400.0,1
2020-10-29,400.0,390.0,400.0,390.0,8
2020-10-30,390.0,390.0,390.0,390.0,5
2020-11-02,400.0,400.0,400.0,400.0,1
2020-11-03,395.0,400.0,400.0,395.0,9
2020-11-04,395.0,400.0,400.0,395.0,7
2020-11-05,395.0,400.0,400.0,395.0,8
2020-11-06,395.0,400.0,400.0,395.0,9
2020-11-09,395.0,275.0,400.0,275.0,23
2020-11-10,380.0,350.0,400.0,350.0,46
2020-11-11,325.0,390.0,390.0,325.0,17
2020-11-12,370.0,400.0,400.0,370.0,7
2020-11-13,390.0,395.0,395.0,390.0,8
2020-11-16,395.0,400.0,400.0,395.0,9
2020-11-17,400.0,400.0,400.0,400.0,4
2020-11-18,400.0,400.0,400.0,385.0,11
2020-11-19,400.0,400.0,400.0,400.0,4
2020-11-20,400.0,400.0,400.0,400.0,2
2020-11-23,400.0,400.0,400.0,400.0,23
2020-11-24,400.0,400.0,400.0,390.0,35
2020-11-25,400.0,415.0,415.0,400.0,26
2020-11-27,410.0,420.0,420.0,410.0,20
2020-11-30,410.0,420.0,420.0,410.0,18
2020-12-01,410.0,420.0,420.0,410.0,12
2020-12-02,415.0,420.0,420.0,415.0,21
2020-12-03,415.0,425.0,425.0,415.0,33
2020-12-04,415.0,425.0,425.0,415.0,27
2020-12-07,415.0,420.0,420.0,415.0,11
2020-12-08,415.0,420.0,425.0,410.0,37
2020-12-09,415.0,430.0,430.0,410.0,16
2020-12-10,420.0,440.0,440.0,420.0,31
2020-12-11,445.0,450.0,450.0,428.0,39
2020-12-14,450.0,438.0,450.0,438.0,28
2020-12-15,450.0,438.0,450.0,438.0,18
2020-12-16,438.0,450.0,450.0,438.0,34
2020-12-17,440.0,440.0,450.0,440.0,19
2020-12-18,440.0,500.0,501.0,440.0,44
2020-12-21,550.0,527.0,550.0,505.0,54
2020-12-22,510.0,525.0,525.0,510.0,12
2020-12-23,523.0,520.0,523.0,510.0,20
2020-12-24,515.0,520.0,520.0,504.0,15
2020-12-28,515.0,525.0,525.0,515.0,22
2020-12-29,520.0,500.0,520.0,500.0,12
2020-12-30,NaN,500.0,NaN,NaN,0
2020-12-31,495.0,510.0,515.0,480.0,20
2021-01-04,500.0,505.0,505.0,475.0,34
2021-01-05,505.0,505.0,505.0,505.0,7
2021-01-06,500.0,505.0,505.0,500.0,10
2021-01-07,500.0,500.0,505.0,500.0,14
2021-01-08,500.0,500.0,500.0,495.0,20
2021-01-11,500.0,500.0,500.0,495.0,15
2021-01-12,500.0,505.0,505.0,500.0,9
2021-01-13,500.0,505.0,510.0,490.0,21
2021-01-14,485.0,500.0,500.0,485.0,13
2021-01-15,600.0,540.0,600.0,500.0,26
2021-01-19,510.0,565.0,600.0,510.0,51
2021-01-20,525.0,540.0,540.0,495.0,7
2021-01-21,525.0,495.0,525.0,495.0,12
2021-01-22,495.0,530.0,530.0,495.0,24
2021-01-25,500.0,505.0,520.0,495.0,18
2021-01-26,500.0,520.0,520.0,495.0,10
2021-01-27,505.0,495.5,505.0,490.0,41
2021-01-28,490.0,490.0,505.0,490.0,18
2021-01-29,490.0,500.0,500.0,490.0,13
2021-02-01,490.0,500.0,500.0,422.0,25
2021-02-02,490.0,495.0,500.0,490.0,19
2021-02-03,490.0,495.0,495.0,490.0,2
2021-02-04,460.0,480.0,480.0,422.0,22
2021-02-05,490.0,495.0,495.0,480.0,18
2021-02-08,485.0,485.0,485.0,485.0,4
2021-02-09,485.0,485.0,490.0,485.0,21
2021-02-10,485.0,495.0,500.0,485.0,19
2021-02-11,480.0,485.0,485.0,480.0,13
2021-02-12,480.0,485.0,485.0,460.0,20
2021-02-16,480.0,485.0,485.0,480.0,10
2021-02-17,472.5,495.0,495.0,472.5,20
2021-02-18,480.0,485.0,485.0,480.0,7
2021-02-19,480.0,500.0,500.0,480.0,11
2021-02-22,400.0,450.0,460.0,400.0,77
2021-02-23,448.75,465.0,465.0,448.75,11
2021-02-24,400.0,440.0,440.0,400.0,21
2021-02-25,418.0,418.0,418.0,418.0,2
2021-02-26,401.0,440.0,440.0,400.0,25
2021-03-01,430.0,440.0,440.0,430.0,8
2021-03-02,435.0,435.0,435.0,435.0,10
2021-03-03,435.0,450.0,450.0,435.0,10
2021-03-05,430.0,440.0,440.0,430.0,6
2021-03-08,440.0,440.0,440.0,440.0,8
2021-03-09,450.0,440.0,450.0,440.0,8
2021-03-10,440.0,440.0,440.0,440.0,6
2021-03-11,440.0,440.0,440.0,440.0,5
2021-03-12,440.0,450.0,450.0,440.0,7
2021-03-15,440.0,440.0,440.0,440.0,4
2021-03-16,445.0,450.0,450.0,445.0,5
2021-03-17,440.0,440.0,440.0,440.0,5
2021-03-18,450.0,450.0,450.0,450.0,2
2021-03-19,440.0,440.0,440.0,440.0,6
2021-03-22,435.0,440.0,440.0,435.0,9
2021-03-23,430.0,440.0,440.0,425.0,10
2021-03-24,430.0,430.0,430.0,430.0,5
2021-03-25,435.0,440.0,440.0,435.0,11
2021-03-26,435.0,445.0,445.0,435.0,8
2021-03-29,435.0,450.0,450.0,435.0,14
2021-03-30,440.0,445.0,445.0,430.0,12
2021-03-31,440.0,450.0,450.0,440.0,8
2021-04-01,445.0,450.0,450.0,445.0,10
2021-04-05,450.0,450.0,450.0,450.0,8
2021-04-06,450.0,450.0,450.0,450.0,6
2021-04-07,440.0,440.0,440.0,440.0,5
2021-04-08,440.0,420.0,440.0,420.0,28
2021-04-09,440.0,440.0,440.0,440.0,31
2021-04-12,440.0,440.0,440.0,440.0,28
2021-04-13,440.0,440.0,440.0,440.0,21
2021-04-14,440.0,440.0,440.0,440.0,24
2021-04-15,440.0,440.0,440.0,440.0,22
2021-04-16,440.0,440.0,440.0,440.0,23
2021-04-19,440.0,420.0,440.0,420.0,42
2021-04-20,435.0,405.0,450.0,405.0,39
2021-04-21,445.0,450.0,450.0,445.0,12
2021-04-22,450.0,427.5,460.0,400.0,41
2021-04-23,440.0,450.0,450.0,440.0,11
2021-04-26,445.0,455.0,455.0,445.0,8
2021-04-27,450.0,455.0,455.0,450.0,7
2021-04-28,450.0,460.0,460.0,450.0,20
2021-04-29,455.0,445.0,460.0,400.0,23
2021-04-30,450.0,450.0,450.0,450.0,5
2021-05-06,465.0,470.0,470.0,450.0,22
2021-05-07,455.0,465.0,465.0,455.0,18
2021-05-10,440.0,551.0,2995.0,440.0,26
2021-05-11,550.0,549.0,800.0,460.0,27
2021-05-12,530.0,530.0,530.0,529.0,8
2021-05-13,530.0,540.0,540.0,530.0,10
2021-05-14,535.0,550.0,550.0,535.0,14
2021-05-17,545.0,560.0,560.0,545.0,22
2021-05-18,535.0,535.0,535.0,535.0,8
2021-05-19,540.0,550.0,550.0,540.0,32
2021-05-20,540.0,550.0,550.0,540.0,7
2021-05-21,540.0,550.0,550.0,540.0,9
2021-05-24,540.0,550.0,550.0,540.0,10
2021-05-25,545.0,550.0,550.0,545.0,6
2021-05-26,540.0,555.0,555.0,540.0,7
2021-05-27,550.0,550.0,550.0,550.0,4
2021-05-28,550.0,550.0,550.0,550.0,8
2021-06-01,530.0,530.0,530.0,530.0,4
2021-06-02,530.0,535.0,535.0,530.0,6
2021-06-03,530.0,530.0,530.0,530.0,9
2021-06-04,530.0,535.0,535.0,530.0,6
2021-06-07,435.0,490.0,490.0,433.0,8
2021-06-08,524.0,500.0,535.0,500.0,15
2021-06-09,515.0,525.0,525.0,515.0,10
2021-06-10,520.0,525.0,525.0,520.0,7
2021-06-11,520.0,520.0,520.0,520.0,7
2021-06-14,520.0,535.0,535.0,520.0,8
2021-06-15,520.0,520.0,520.0,520.0,13
2021-06-16,520.0,520.0,520.0,520.0,9
2021-06-17,520.0,520.0,530.0,520.0,12
2021-06-18,525.0,475.0,530.0,430.0,30
2021-06-21,500.0,510.0,510.0,500.0,12
2021-06-22,490.0,500.0,500.0,490.0,13
2021-06-23,490.0,500.0,500.0,490.0,14
2021-06-24,490.0,500.0,500.0,490.0,9
2021-06-25,490.0,500.0,500.0,490.0,6
2021-06-28,500.0,500.0,500.0,450.0,4
2021-06-29,495.0,500.0,500.0,495.0,7
2021-06-30,500.0,505.0,505.0,500.0,8
2021-07-01,500.0,510.0,510.0,500.0,10
2021-07-02,500.0,450.0,510.0,450.0,9
2021-07-06,490.0,500.0,500.0,480.0,9
2021-07-07,500.0,500.0,500.0,500.0,6
2021-07-08,500.0,500.0,500.0,500.0,4
2021-07-09,500.0,500.0,500.0,500.0,4
2021-07-12,490.0,495.0,495.0,490.0,7
2021-07-13,490.0,495.0,495.0,490.0,6
2021-07-14,495.0,500.0,500.0,495.0,8
2021-07-15,495.0,495.0,495.0,495.0,4
2021-07-16,495.0,500.0,500.0,495.0,10
2021-07-19,495.0,500.0,500.0,495.0,10
2021-07-20,495.0,500.0,500.0,495.0,11
2021-07-21,490.0,495.0,495.0,490.0,10
2021-07-22,495.0,500.0,500.0,495.0,6
2021-07-23,495.0,495.0,495.0,495.0,7
2021-07-26,495.0,500.0,500.0,495.0,7
2021-07-27,500.0,500.0,500.0,500.0,5
2021-07-28,500.0,470.0,510.0,470.0,7
2021-07-29,490.0,440.0,510.0,440.0,12
2021-07-30,485.0,494.0,499.0,485.0,5
2021-08-02,485.0,495.0,495.0,400.0,51
2021-08-03,332.0,299.0,364.0,283.5,6855
2021-08-04,320.0,305.0,326.99,300.0,1207
2021-08-05,305.0,317.5,319.89,304.0,428
2021-08-06,320.0,317.0,330.0,315.0,642
2021-08-09,317.0,312.87,317.65,305.01,67
2021-08-10,306.0,373.0,446.0,306.0,45761
2021-08-11,392.75,358.0,425.0,340.0,57256
2021-08-12,271.0,271.0,294.0,250.0,15369
2021-08-13,264.0,232.0,270.0,223.0,4481
2021-08-16,226.0,218.0,240.0,210.0,2131
2021-08-17,203.0,213.0,217.0,203.0,1359
2021-08-18,213.0,229.0,236.99,213.0,2133
2021-08-19,241.0,217.0,250.0,200.0,2201
2021-08-20,219.0,203.0,222.01,195.0,3186
2021-08-23,203.0,251.0,349.0,203.0,140627
2021-08-24,235.0,261.0,264.0,225.0,10119
2021-08-25,239.0,246.0,258.0,237.0,3040
2021-08-26,241.0,287.0,315.0,240.0,61063
2021-08-27,270.0,297.0,320.0,270.0,15605
2021-08-30,317.0,318.0,325.0,300.0,4647
2021-08-31,315.0,290.0,318.0,286.0,3471
2021-09-01,406.0,359.0,475.0,319.0,530956
2021-09-02,332.0,353.0,355.0,322.0,17830
2021-09-03,343.0,325.0,343.0,318.0,4776
2021-09-07,325.0,369.0,375.0,322.0,11628
2021-09-08,359.0,336.0,369.0,336.0,2578
2021-09-09,336.0,340.0,341.0,329.0,1626
2021-09-10,341.0,321.0,344.0,318.0,1675
2021-09-13,334.0,300.0,335.76,295.0,3488
2021-09-14,300.0,303.0,310.0,290.0,2471
2021-09-15,300.0,274.0,300.0,266.0,3013
2021-09-16,270.0,261.0,271.0,261.0,926
2021-09-17,258.0,286.0,290.0,256.0,2861
2021-09-20,275.0,248.0,280.0,248.0,1617
2021-09-21,250.0,245.0,259.4,245.0,1324
2021-09-22,248.0,258.0,262.0,245.0,335
2021-09-23,265.0,248.5,268.26,241.0,829
2021-09-24,249.0,248.0,259.5,248.0,983
2021-09-27,252.0,237.0,252.0,235.0,2869
2021-09-28,236.0,290.0,322.0,230.0,24316
2021-09-29,292.0,245.0,300.99,222.9,10932
2021-09-30,227.0,231.0,240.0,226.0,1721
2021-10-01,230.0,227.0,236.0,225.63,1323
2021-10-04,229.0,223.0,231.0,220.0,1046
2021-10-05,223.0,220.0,229.0,220.0,660
2021-10-06,220.0,219.0,229.0,218.0,1427
2021-10-07,219.0,215.0,221.0,213.17,874
2021-10-08,217.0,216.0,222.0,211.01,614
2021-10-11,221.0,218.0,223.0,214.0,734
2021-10-12,218.0,240.0,250.0,216.01,13482
2021-10-13,233.0,235.0,239.0,229.0,2860
2021-10-14,245.0,246.0,250.0,235.0,29435
2021-10-15,283.0,271.0,320.0,250.0,61098
2021-10-18,253.0,256.0,266.0,244.76,5840
2021-10-19,250.0,254.0,259.0,247.0,2242
2021-10-20,253.0,253.0,254.84,242.0,1525
2021-10-21,244.0,264.0,275.0,243.0,1977
2021-10-22,254.0,247.0,261.0,244.0,1992
2021-10-25,245.0,251.0,257.0,244.0,645
2021-10-26,251.0,249.0,253.0,244.19,694
2021-10-27,246.0,241.0,253.0,239.0,1342
2021-10-28,236.0,256.0,258.0,235.0,1601
2021-10-29,248.0,254.0,257.8,245.0,5387
2021-11-01,825.0,603.0,1169.0,571.0,1041488
2021-11-02,510.0,445.0,526.0,393.0,55357
2021-11-03,434.0,412.0,460.0,397.0,12682
2021-11-04,413.0,393.0,428.0,375.0,13809
2021-11-05,394.0,375.0,395.0,361.0,7451
2021-11-08,379.0,370.0,404.8,363.63,9657
2021-11-09,374.0,347.0,375.0,345.0,4438
2021-11-10,355.0,329.0,385.0,326.0,8434
2021-11-11,348.0,342.0,351.0,332.0,9040
2021-11-12,339.0,332.0,349.0,329.0,2899
2021-11-15,336.0,356.0,418.0,325.0,37874
2021-11-16,342.0,342.0,355.0,335.0,4418
2021-11-17,332.0,337.0,345.0,332.0,2520
2021-11-18,337.0,337.0,370.5,332.0,4823
2021-11-19,335.0,329.0,356.0,329.0,2809
2021-11-22,335.0,325.0,344.0,320.0,2491
2021-11-23,320.0,316.0,333.94,313.0,3188
2021-11-24,310.0,316.0,323.0,302.0,1721
2021-11-26,317.0,320.0,334.0,315.0,2525
2021-11-29,325.0,322.0,331.28,320.0,1494
2021-11-30,322.0,304.0,328.7,302.0,2769
2021-12-01,310.0,296.0,323.08,293.0,1281
2021-12-02,301.0,298.0,304.0,292.0,630
2021-12-03,299.0,293.0,307.94,293.0,587
2021-12-06,294.0,297.0,303.99,291.0,691
2021-12-07,305.0,316.0,318.0,300.0,929
2021-12-08,318.0,330.0,330.0,318.0,907
2021-12-09,333.0,331.0,346.0,331.0,1099
2021-12-10,332.0,348.0,426.0,326.1,63664
2021-12-13,320.35,306.0,334.9,300.0,4875
2021-12-14,302.0,305.0,312.99,300.0,1304
2021-12-15,303.0,332.0,339.0,301.0,3750
2021-12-16,329.0,340.0,340.0,315.15,2145
2021-12-17,331.0,358.0,367.0,324.01,2327
2021-12-20,338.0,360.0,360.0,337.0,2296
2021-12-21,360.0,392.0,392.0,359.0,4637
2021-12-22,385.0,392.0,405.0,361.0,3634
2021-12-23,384.0,377.0,388.93,369.0,1076
2021-12-27,378.0,385.0,385.0,363.0,1157
2021-12-28,383.0,368.0,383.0,360.0,800
2021-12-29,361.0,358.0,368.0,356.0,449
2021-12-30,359.0,341.0,364.99,334.0,972
2021-12-31,340.0,339.0,352.0,335.67,648
2022-01-03,340.0,335.0,340.0,330.0,514
2022-01-04,330.0,359.0,369.0,326.0,2478
2022-01-05,368.0,354.0,368.98,342.01,2534
2022-01-06,359.0,338.0,359.0,330.0,897
2022-01-07,341.0,341.0,345.65,330.01,619
2022-01-10,340.0,347.0,355.0,325.0,2433
2022-01-11,347.0,354.0,356.0,346.0,1776
2022-01-12,355.0,372.0,394.0,347.1,5340
2022-01-13,358.0,333.0,364.5,333.0,1436
2022-01-14,325.0,329.0,343.02,325.0,1016
2022-01-18,321.0,314.0,324.0,308.0,742
2022-01-19,309.0,309.0,322.67,304.0,682
2022-01-20,317.0,305.0,317.0,304.0,498
2022-01-21,301.0,272.0,310.5,272.0,1347
2022-01-24,268.0,263.0,270.0,263.0,377
2022-01-25,266.0,265.0,269.26,255.0,252
2022-01-26,263.0,252.0,270.0,251.0,355
2022-01-27,257.0,251.0,258.0,250.0,348
2022-01-28,254.0,247.0,255.59,242.0,352
2022-01-31,243.0,250.0,256.0,240.0,281
2022-02-01,263.0,254.0,263.0,250.0,233
2022-02-02,270.0,257.0,270.0,251.01,236
2022-02-03,245.0,248.0,252.0,245.0,222
2022-02-04,250.0,252.0,260.9,248.0,171
2022-02-07,254.0,250.0,259.0,245.0,307
2022-02-08,262.0,252.0,262.0,240.5,887
2022-02-09,250.0,249.0,252.0,245.0,252
2022-02-10,254.0,250.0,256.96,247.0,274
2022-02-11,255.0,264.0,265.0,244.0,494
2022-02-14,255.0,250.0,255.0,245.0,478
2022-02-15,251.0,250.0,261.0,247.0,269
2022-02-16,249.0,251.0,254.0,243.0,686
2022-02-17,265.0,249.0,265.0,242.0,911
2022-02-18,246.45,253.0,253.5,246.45,114
2022-02-22,250.0,242.0,251.97,242.0,383
2022-02-23,254.64,247.0,254.64,245.0,107
2022-02-24,239.0,232.0,245.0,225.0,312
2022-02-25,231.0,245.0,250.0,231.0,128
2022-02-28,235.0,248.0,248.0,233.0,258
2022-03-01,241.96,251.0,255.0,241.96,359
2022-03-02,251.0,251.0,251.0,249.0,128
2022-03-03,250.0,245.0,250.0,245.0,199
2022-03-04,246.0,245.0,248.98,240.0,280
2022-03-07,241.0,226.0,242.0,226.0,334
2022-03-08,232.5,230.0,241.06,225.0,1004
2022-03-09,229.0,294.0,308.0,225.0,8923
2022-03-10,233.0,256.0,285.0,233.0,1552
2022-03-11,255.0,228.0,255.0,220.0,875
2022-03-14,240.0,232.0,241.0,230.0,153
2022-03-15,235.0,221.0,235.0,220.0,591
2022-03-16,234.0,218.0,234.0,215.0,594
2022-03-17,220.0,221.0,227.0,216.0,429
2022-03-18,224.0,226.0,228.0,222.01,265
2022-03-21,222.0,228.0,233.0,222.0,219
2022-03-22,230.82,233.0,236.13,226.0,300
2022-03-23,235.0,235.0,235.0,221.0,129
2022-03-24,247.02,233.0,247.02,229.0,133
2022-03-25,233.0,242.0,247.0,233.0,531
2022-03-28,245.11,249.5,254.0,241.0,533
2022-03-29,257.0,251.5,257.0,240.68,266
2022-03-30,257.0,283.0,290.0,256.0,2941
2022-03-31,285.0,273.0,285.0,263.0,1236
2022-04-01,269.0,271.0,279.0,256.0,457
2022-04-04,272.0,267.0,272.01,264.0,181
2022-04-05,261.0,266.0,269.23,261.0,152
2022-04-06,266.0,293.0,313.0,262.0,2778
2022-04-07,288.0,286.0,295.0,280.01,1065
2022-04-08,281.0,270.0,284.2,270.0,908
2022-04-11,270.0,266.0,281.2,263.0,190
2022-04-12,261.0,255.0,266.0,254.0,193
2022-04-13,251.0,254.0,262.2,251.0,135
2022-04-14,258.0,252.0,264.0,252.0,178
2022-04-18,270.0,256.0,270.0,256.0,87
2022-04-19,256.0,266.0,275.5,255.0,148
2022-04-20,274.0,261.0,274.0,258.0,106
2022-04-21,252.0,235.0,260.0,235.0,186
2022-04-22,254.0,246.0,254.0,244.0,114
2022-04-25,245.0,235.0,248.0,235.0,186
2022-04-26,235.0,224.0,236.0,223.0,554
2022-04-27,225.01,230.0,241.0,225.01,126
2022-04-28,232.0,237.0,237.0,230.0,74
2022-04-29,237.0,239.0,240.99,229.0,195
2022-05-02,235.0,239.53,241.0,235.0,47
2022-05-03,235.0,242.0,245.0,232.0,402
2022-05-04,234.0,242.08,248.0,234.0,164
2022-05-05,229.0,244.0,245.0,229.0,169
2022-05-06,244.0,246.5,249.0,244.0,77
2022-05-09,240.0,255.0,269.0,240.0,1066
2022-05-10,260.1,276.0,284.0,244.5,864
2022-05-11,276.0,245.0,290.0,244.0,2067
2022-05-12,244.0,212.0,246.0,212.0,1012
2022-05-13,213.0,225.0,228.73,203.5,768
2022-05-16,224.99,212.0,224.99,206.0,314
2022-05-17,218.99,209.0,218.99,208.74,160
2022-05-18,210.0,208.0,221.0,208.0,134
2022-05-19,219.01,203.0,222.0,203.0,300
2022-05-20,218.0,210.0,218.0,200.0,98
2022-05-23,221.0,216.0,233.0,203.0,509
2022-05-24,219.0,201.0,219.0,201.0,181
2022-05-25,208.0,204.0,210.0,200.0,105
2022-05-26,201.01,201.0,206.22,201.0,56
2022-05-27,201.0,195.0,202.0,195.0,682
2022-05-31,197.99,198.0,204.0,196.0,355
2022-06-01,196.0,202.5,205.0,196.0,231
2022-06-02,196.0,208.0,208.0,196.0,151
2022-06-03,210.0,207.0,210.0,199.0,203
2022-06-06,204.0,193.99,208.0,183.0,936
2022-06-07,195.0,190.0,199.96,185.0,801
2022-06-08,193.0,191.0,199.0,185.0,325
2022-06-09,187.0,171.0,191.0,171.0,308
2022-06-10,187.99,90.0,187.99,88.0,2961
2022-06-13,119.0,107.0,148.0,95.39,14146
2022-06-14,108.0,108.0,108.0,91.21,1749
2022-06-15,106.0,98.0,107.0,92.07,2701
2022-06-16,98.0,96.18,102.0,90.0,1598
2022-06-17,95.5,97.52,109.0,91.0,1574
2022-06-21,98.0,96.03,108.0,94.99,821
2022-06-22,100.0,91.7,100.0,88.82,953
2022-06-23,92.0,94.0,97.36,90.0,395
2022-06-24,88.5,98.99,103.0,86.0,1737
2022-06-27,96.02,94.0,96.02,90.0,1279
2022-06-28,93.79,94.65,95.0,88.0,790
2022-06-29,92.65,105.0,106.0,90.0,1481
2022-06-30,100.0,106.0,106.0,92.05,502
2022-07-01,105.0,101.0,106.5,95.0,828
2022-07-05,102.0,102.0,106.0,97.0,610
2022-07-06,95.38,99.18,102.0,95.38,805
2022-07-07,102.0,102.0,103.0,97.0,561
2022-07-08,102.0,104.0,105.0,97.0,899
2022-07-11,102.0,93.0,103.0,89.77,1133
2022-07-12,95.73,92.19,95.73,88.18,3095
2022-07-13,94.9,89.3,95.5,85.0,2552
2022-07-14,87.62,85.375,91.4,82.7,1039
2022-07-15,84.0,78.23,85.0,70.67,1263
2022-07-18,87.0,79.55,87.0,75.0,792
2022-07-19,88.0,83.49,88.0,79.12,770
2022-07-20,83.5,79.43,84.79,77.0,727
2022-07-21,80.22,78.23,80.5,75.0,334
2022-07-22,80.5,78.43,80.5,75.0,374
2022-07-25,78.5,80.0,81.5,78.5,518
2022-07-26,80.0,72.48,81.08,67.66,853
2022-07-27,71.31,68.33,75.0,66.6001,717
2022-07-28,71.32,68.0,71.32,65.0,649
2022-07-29,68.0,65.0,71.4,65.0,112
2022-08-01,66.9,66.8,66.9,65.0,367
2022-08-02,68.0,64.89,68.59,62.0,816
2022-08-03,64.5,67.0,71.0,57.9,2150
2022-08-04,70.0,67.37,71.0,64.0,1087
2022-08-05,67.0,63.42,70.0,62.0,946
2022-08-08,68.93,58.84,69.48,55.0,2143
2022-08-09,61.14,59.5,61.21,55.0,1618
2022-08-10,59.6,52.03,68.0,50.0,2948
2022-08-11,53.63,57.0,58.0,53.63,876
2022-08-12,72.15,67.0,72.15,60.8,1471
2022-08-15,64.99,63.14,66.69,61.0,1114
2022-08-16,66.29,67.63,67.8,63.14,989
2022-08-17,70.48,75.24,75.24,61.11,1454
2022-08-18,78.31,90.0,93.0,75.05,4393
2022-08-19,89.99,87.0,90.0,80.0,2210
2022-08-22,86.33,90.0,90.0,75.1,1304
2022-08-23,83.25,86.62,90.0,81.2,482
2022-08-24,84.3,84.28,89.0,82.5301,462
2022-08-25,81.3,81.74,86.19,81.3,373
2022-08-26,84.0,84.1,84.1,76.68,471
2022-08-29,87.2,83.0,87.2,79.8,569
2022-08-30,86.0,95.24,99.2899,80.01,1136
2022-08-31,92.0,101.0,105.0,92.0,1596
2022-09-01,105.0,104.0,115.0,100.0,5585
2022-09-02,104.0,102.0,104.0,96.01,636
2022-09-06,102.0,108.0,110.0,100.0,1207
2022-09-07,117.0,108.0,119.0,106.0,1742
2022-09-08,110.0,114.0,115.0,105.0,1474
2022-09-09,113.0,110.0,115.0,110.0,1227
2022-09-12,113.0,110.0,116.0,109.08,517
2022-09-13,110.0,109.0,112.0,108.0,684
2022-09-14,109.0,107.0,110.0,107.0,423
2022-09-15,105.0,100.0,107.13,100.0,662
2022-09-16,100.0,73.0,107.63,73.0,3849
2022-09-19,87.8,75.0,87.8,75.0,479
2022-09-20,76.0,73.73,82.0,73.73,636
2022-09-21,78.2149,75.0,79.7899,73.0001,42
2022-09-22,75.0,81.04,87.17,75.0,587
2022-09-23,83.0,91.35,104.0,81.01,969
2022-09-26,91.0,88.99,96.18,85.0,375
2022-09-27,86.0,79.51,89.73,78.2,478
2022-09-28,85.0,83.0,88.0,77.4001,168
2022-09-29,86.2,87.99,89.0,80.0,60
2022-09-30,88.0,88.0,95.0,88.0,396
2022-10-03,97.17,89.53,97.17,86.22,163
2022-10-04,88.0,86.94,90.0,81.5,264
2022-10-05,88.74,90.71,93.9899,88.74,368
2022-10-06,90.0,91.0001,92.0,89.73,89
2022-10-07,93.0,88.45,93.0,88.446,120
2022-10-10,93.0,85.68,93.0,83.2,169
2022-10-11,93.0,86.61,93.0,85.1,123
2022-10-12,88.95,86.0,88.95,86.0,13
2022-10-13,87.0,82.99,87.0,82.99,197
2022-10-14,93.0,70.0,93.0,70.0,934
2022-10-17,73.0,71.06,73.0,71.0,248
2022-10-18,73.0,70.0,73.0,70.0,211
2022-10-19,71.0,70.0,72.71,70.0,94
2022-10-20,72.99,72.64,72.99,69.2739,15
2022-10-21,70.96,72.0,74.4,70.96,78
2022-10-24,73.5,67.0,73.5,65.08,197
2022-10-25,68.0,69.0,73.0,68.0,281
2022-10-26,73.81,68.03,73.81,68.01,181
2022-10-27,70.045,70.28,70.28,69.0,54
2022-10-28,73.79,73.94,73.94,69.0,224
2022-10-31,77.0,73.0,77.0,73.0,175
2022-11-01,74.68,72.5,77.0,72.5,136
2022-11-02,72.5,76.0,77.0,68.16,112
2022-11-03,76.81,79.66,81.01,73.2001,190
2022-11-04,79.66,73.31,79.66,73.2,120
2022-11-07,82.86,75.01,82.9,75.0,231
2022-11-08,75.0,74.52,75.0,73.31,28
2022-11-09,75.0,71.49,75.0,69.35,131
2022-11-10,78.26,75.6,78.26,73.87,19
2022-11-11,78.6,72.16,78.6,72.16,62
2022-11-14,79.0,75.05,79.7899,69.64,74
2022-11-15,80.0,71.69,80.0,71.69,198
2022-11-16,72.56,78.0,78.0,72.56,61
2022-11-17,79.0,77.0,79.0,71.0,171
2022-11-18,77.1,74.2,78.0,73.61,365
2022-11-21,70.24,70.24,73.52,70.0,132
2022-11-22,73.76,75.5001,78.0,70.24,30
2022-11-23,75.0,73.0001,75.0,71.34,64
2022-11-25,73.0,75.0,75.0,73.0,72
2022-11-28,72.58,73.0,75.0001,72.58,24
2022-11-29,73.0101,74.0,74.0,73.0,15
2022-11-30,72.0001,73.8719,73.8719,70.0,19
2022-12-01,74.36,75.0,77.0,71.0,83
2022-12-02,78.75,76.49,79.0,73.0,16
2022-12-05,70.0,74.9,74.9,70.0,38
2022-12-06,74.75,73.0,76.5,73.0,167
2022-12-07,73.0,71.0,75.0,67.0,362
2022-12-08,73.0,74.55,74.9,71.0,38
2022-12-09,76.0,74.0,76.0,73.15,6
2022-12-12,70.0,70.8999,74.0,68.6806,267
2022-12-13,74.0,71.0,75.0,70.0,228
2022-12-14,72.35,71.01,79.0,71.0,215
2022-12-15,79.0,70.0,79.0,69.0,424
2022-12-16,71.0,70.0,71.0,67.0,209
2022-12-19,70.0,68.84,71.0,68.0,117
2022-12-20,69.0,67.0,74.5699,66.0,496
2022-12-21,69.0,64.71,69.0,64.0,221
2022-12-22,67.0,64.5,67.0,64.0,120
2022-12-23,69.0101,69.0,72.5427,67.0,82
2022-12-27,69.0,65.0,69.0,65.0,86
2022-12-28,66.0,63.0,67.5,62.01,228
2022-12-29,64.0,63.5,65.67,63.0,180
2022-12-30,69.0,62.5,69.0,62.26,406
2023-01-03,60.0,60.0,62.0,60.0,476
2023-01-04,60.4,62.0,62.0,60.0,215
2023-01-05,128.0,107.0,187.0,101.0,437880
2023-01-06,93.98,91.09,107.0,90.0,18440
2023-01-09,87.76,98.0,98.0,82.52,10312
2023-01-10,94.1,93.7,95.0,85.0,3738
2023-01-11,90.0,98.0,102.0,88.1,4353
2023-01-12,97.0,93.24,97.49,89.0,2832
2023-01-13,90.0,86.4899,92.0,85.0,1665
2023-01-17,87.97,81.4,87.97,77.13,1751
2023-01-18,84.0,76.48,84.0,74.0,1473
2023-01-19,79.0,78.01,83.0,78.0,857
2023-01-20,79.0,78.0,80.0,76.01,858
2023-01-23,80.0,76.1,81.4975,76.0,716
2023-01-24,76.5,75.2,79.5959,75.1,918
2023-01-25,79.39,75.32,79.81,75.2,424
2023-01-26,77.0,76.1,78.0,76.0,360
2023-01-27,77.0,75.99,78.0,75.2,410
2023-01-30,77.0,73.0,77.0,73.0,949
2023-01-31,74.55,72.15,75.87,71.0,610
2023-02-01,73.0,72.5,74.0,70.82,889
2023-02-02,73.9,71.0,73.9,70.0,680
2023-02-03,72.0,70.31,73.89,70.0,728
2023-02-06,71.0,72.0,73.0,71.0,281
2023-02-07,72.0,71.21,72.0,70.3,258
2023-02-08,73.8799,70.2,73.8799,70.0,314
2023-02-09,71.9,68.1301,75.6,66.0,903
2023-02-10,70.0,75.0,78.9999,69.01,2124
2023-02-13,73.5,69.1,73.5,69.0,1212
2023-02-14,72.0,70.52,72.4999,70.0,93
2023-02-15,70.0,72.5,74.0,70.0,192
2023-02-16,71.0,72.5,75.0,71.0,263
2023-02-17,72.0,72.5001,74.0,70.0,438
2023-02-21,75.0,77.0,82.75,72.1201,2484
2023-02-22,77.0,75.0,77.5001,74.06,745
2023-02-23,74.0,73.01,77.5,69.0,5752
2023-02-24,72.0,69.5,72.5001,67.07,3436
2023-02-27,70.5,69.0,74.0,68.0,734
2023-02-28,69.0,66.4,69.9999,65.0,1558
2023-03-01,69.0,63.32,69.01,61.0,1482
2023-03-02,64.0,65.4899,66.6,64.0,319
2023-03-03,70.0,70.0,70.56,67.0,1162
2023-03-06,68.0,67.25,70.0,67.0,452
2023-03-07,68.0,65.98,69.442,65.0,315
2023-03-08,66.0,65.0,66.0,63.31,125
2023-03-09,70.0,64.0,70.0,64.0,338
2023-03-10,63.0,59.11,64.0,55.2,1014
2023-03-13,59.0,58.0,59.99,55.05,388
2023-03-14,58.0,64.5,76.0,58.0,883
2023-03-15,64.5,58.04,67.73,58.0,310
2023-03-16,55.7,57.0,58.03,55.05,492
2023-03-17,57.03,60.0,60.0,56.23,520
2023-03-20,64.21,64.99,69.0,63.73,219
2023-03-21,65.0,65.0,69.0,59.01,254
2023-03-22,61.34,61.35,66.5,61.34,280
2023-03-23,60.0,62.0,65.3,60.0,64
2023-03-24,65.1,61.0,65.1,60.01,367
2023-03-27,63.56,61.01,63.56,61.001,61
2023-03-28,60.0,60.0,62.1,60.0,30
2023-03-29,63.79,65.3,65.8,62.01,219
2023-03-30,62.7,62.0,63.0,60.1,105
2023-03-31,59.0,64.0,64.0,59.0,150
2023-04-03,64.0,64.21,65.8,64.0,148
2023-04-04,64.0,64.15,64.54,62.96,133
2023-04-05,64.05,62.4001,64.05,58.55,132
2023-04-06,62.4,64.79,64.98,62.4,65
2023-04-10,64.0,66.74,66.74,61.0,352
2023-04-11,66.0,63.0,67.0123,61.52,557
2023-04-12,69.0,63.0,69.0,63.0,99
2023-04-13,67.41,66.15,67.41,63.0001,34
2023-04-14,63.0,61.78,68.99,61.26,151
2023-04-17,65.0,64.8,65.0,64.38,44
2023-04-18,64.5,66.11,66.4833,64.5,401
2023-04-19,66.0001,66.01,66.02,65.01,70
2023-04-20,66.0,65.6295,67.0,64.01,113
2023-04-21,64.0,67.0,71.62,64.0,1261
2023-04-24,70.35,66.17,72.0,60.0,796
2023-04-25,66.1,66.91,68.979,66.1,150
2023-04-26,63.63,66.0,70.02,63.63,422
2023-04-27,68.0,70.0,70.0,67.0,106
2023-04-28,67.0,68.0,70.0,66.5,209
2023-05-01,72.0,72.04,74.95,67.0,545
2023-05-02,73.0,72.99,74.0,72.0,381
2023-05-03,71.0,73.0,75.8,65.0,318
2023-05-04,73.02,75.0,75.0,73.02,328
2023-05-05,72.0,80.97,81.0,72.0,389
2023-05-08,84.7,87.78,94.7,83.63,1406
2023-05-09,96.0,92.0,96.0,87.78,402
2023-05-10,90.0,81.97,90.0,80.0,372
2023-05-11,82.0,78.0,82.0,78.0,46
2023-05-12,85.5001,82.66,88.5,82.0,358
2023-05-15,78.03,78.0,79.84,76.0001,367
2023-05-16,72.0,69.5,80.6,69.258,585
2023-05-17,74.9398,77.0,79.1888,73.0,199
2023-05-18,81.0,73.33,81.0,73.33,142
2023-05-19,76.0,72.962,77.5,69.2321,184
2023-05-22,72.64,69.01,72.64,65.1,1007
2023-05-23,65.52,67.0,67.9999,65.52,359
2023-05-24,67.0,69.58,69.58,67.0,299
2023-05-25,67.8,67.59,69.0,67.01,51
2023-05-26,68.0,67.0255,70.0,67.0,528
2023-05-30,68.0,68.1,70.36,68.0,145
2023-05-31,68.98,68.01,70.0,67.0,238
2023-06-01,68.01,67.13,68.01,67.0,76
2023-06-02,67.0,66.61,67.1501,65.01,357
2023-06-05,66.0,61.25,66.8,60.52,298
2023-06-06,61.0,63.03,65.0,61.0,91
2023-06-07,63.0,63.0,64.53,63.0,71
2023-06-08,69.8,62.9,69.8,62.0,324
2023-06-09,64.88,60.01,64.88,60.01,48
2023-06-12,62.0,62.0,62.0,58.0,326
2023-06-13,62.0,61.0,62.97,61.0,193
2023-06-14,61.0,62.54,62.54,58.22,314
2023-06-15,60.1001,60.1,61.2361,57.5,664
2023-06-16,58.0001,58.23,59.0,57.5,369
2023-06-20,57.0,62.83,62.83,55.04,342
2023-06-21,61.0,59.0,61.0,58.0,130
2023-06-22,56.85,54.03,58.7,54.02,394
2023-06-23,60.0,52.91,60.0,52.91,468
2023-06-26,57.0,56.9,58.0,53.9899,221
2023-06-27,59.0,51.99,59.0,51.0,442
2023-06-28,51.98,51.03,52.0,51.0,237
2023-06-29,52.0,50.21,52.0,49.66,315
2023-06-30,53.0,51.95,53.0,50.0,337
2023-07-03,53.0,52.99,53.0,50.0,248
2023-07-05,53.0,49.6,53.0,46.06,1487
2023-07-06,48.0,46.38,48.99,46.07,625
2023-07-07,53.7,46.71,53.7,44.7,854
2023-07-10,45.37,45.66,47.0,44.02,259
2023-07-11,46.5,45.99,46.5,45.01,344
2023-07-12,46.0,44.99,46.0,44.0,189
2023-07-13,44.91,45.0,50.0,44.14,429
2023-07-14,44.0,42.0,44.99,42.0,590
2023-07-17,40.0,37.9,40.04,35.05,1394
2023-07-18,35.0,41.7,44.0,34.5,4298
2023-07-19,39.5,42.0,42.0,35.0,1406
2023-07-20,40.0,38.0,40.0,38.0,243
2023-07-21,39.0001,38.0,39.6,38.0,186
2023-07-24,38.09,39.0,41.01,33.29,3369
2023-07-25,4.2,3.8,4.2,3.66,151096
2023-07-26,5.19,5.32,6.87,5.06,33873096
2023-07-27,4.08,3.1,4.4,2.89,1045490
2023-07-28,3.01,2.69,3.01,2.61,351313
2023-07-31,2.75,2.49,2.77,2.4,173113
2023-08-01,4.3,3.61,5.08,3.23,11281930
2023-08-02,3.45,3.02,3.5789,2.97,424533
2023-08-03,2.98,3.08,3.14,2.81,282020
2023-08-04,3.01,2.74,3.1,2.7311,97731
2023-08-07,2.7,2.59,2.75,2.53,74087
2023-08-08,2.47,2.4,2.55,2.4,45563
2023-08-09,2.4,2.38,2.498,2.28,74572
2023-08-10,2.36,2.17,2.42,2.13,40259
2023-08-11,2.17,2.06,2.17,2.03,45718
2023-08-14,2.07,1.87,2.07,1.82,131401
2023-08-15,1.8819,1.91,1.94,1.86,43328
2023-08-16,1.9,1.94,2.408,1.9,712814
2023-08-17,2.09,1.8,2.34,1.7,960784
2023-08-18,1.66,1.87,1.92,1.62,153100
2023-08-21,1.82,2.0,2.1,1.7601,213143
2023-08-22,1.94,1.96,2.0,1.8614,53388
2023-08-23,1.86,1.9,2.05,1.856,108532
2023-08-24,1.8545,1.69,1.9,1.66,81487
2023-08-25,1.66,1.71,1.77,1.66,20709
2023-08-28,1.71,1.48,1.81,1.455,130950
2023-08-29,1.48,1.33,1.48,1.3,74226
2023-08-30,1.32,1.25,1.38,1.2002,125428
2023-08-31,1.25,1.31,1.35,1.17,60982
2023-09-01,1.3,1.24,1.35,1.18,67010
2023-09-05,1.24,1.18,1.2401,1.14,139414
2023-09-06,1.06,1.14,1.1867,1.05,110144
2023-09-07,1.11,1.09,1.1201,1.0695,35938
2023-09-08,1.07,1.1,1.12,1.05,28081
2023-09-11,1.07,1.07,1.07,1.07,390
2023-09-12,1.07,1.13,1.18,1.07,22863
2023-09-13,1.1301,1.19,1.36,1.1301,138961
2023-09-14,1.16,1.07,1.21,1.07,54152
2023-09-15,1.11,1.05,1.15,1.03,96471
2023-09-18,1.05,1.06,1.1,1.03,132734
2023-09-19,1.09,1.09,1.1799,1.05,89625
2023-09-20,1.16,1.05,1.16,1.03,49228
2023-09-21,1.06,0.9754,1.06,0.87,149289
2023-09-22,0.98,0.88,0.99,0.82,74395
2023-09-25,0.88,0.94,1.03,0.88,42323
2023-09-26,0.925,0.9569,0.975,0.88,48225
2023-09-27,0.95,1.0,1.03,0.92,36073
2023-09-28,1.03,1.0,1.11,0.9617,94951
2023-09-29,0.99,1.04,1.1,0.9801,29493
2023-10-02,1.07,0.92,1.08,0.92,87263
2023-10-03,0.93,0.935,0.98,0.86,40976
2023-10-04,0.89,0.8684,0.9126,0.8533,38007
2023-10-05,0.86,0.8999,0.96,0.86,20303
2023-10-06,0.85,0.81,0.9273,0.6739,88071
2023-10-09,0.82,0.85,0.9,0.79,41678
2023-10-10,0.82,0.89,0.89,0.82,24899
2023-10-11,0.85,0.8653,0.8992,0.820001,38581
2023-10-12,0.8242,0.88,0.88,0.81,34557
2023-10-13,0.85,0.94,0.95,0.85,55252
2023-10-16,0.94,0.94,1.05,0.94,62517
2023-10-17,0.94,0.8742,0.95,0.8742,50926
2023-10-18,0.894,0.9267,0.9267,0.890101,13768
2023-10-19,0.93,0.92,0.93,0.88,7747
2023-10-20,0.9,0.911136,0.9295,0.883,19667
2023-10-23,0.91,1.0497,1.15,0.91,253828
2023-10-24,1.03,0.89,1.03,0.89,72703
2023-10-25,0.88,0.85,0.978,0.82,78744
2023-10-26,3.31,1.28,3.35,1.21,82234139
2023-10-27,1.49,1.38,1.6,1.3,16300642
2023-10-30,1.36,1.21,1.37,1.11,3273711
2023-10-31,1.15,1.08,1.2,1.01,1829861
2023-11-01,1.05,1.1,1.2,1.05,1285342
2023-11-02,1.14,1.2,1.24,1.1,1533167
2023-11-03,1.22,1.17,1.27,1.1608,1045527
2023-11-06,1.15,1.07,1.15,1.055,612177
2023-11-07,1.07,1.12,1.13,1.03,363040
2023-11-08,1.12,1.12,1.15,1.09,242042
2023-11-09,1.17,1.08,1.17,1.06,429010
2023-11-10,1.06,1.06,1.13,1.04,264222
2023-11-13,1.04,1.14,1.15,1.02,499401
2023-11-14,1.15,1.12,1.15,1.09,411214
2023-11-15,1.06,1.25,1.28,1.06,727234
2023-11-16,1.23,1.59,1.78,1.2101,19874951
2023-11-17,1.54,1.55,1.71,1.421,2790993
2023-11-20,1.56,1.69,1.8,1.53,2069786
2023-11-21,1.9,1.78,2.22,1.72,16503031
2023-11-22,1.78,1.87,1.97,1.73,1705480
2023-11-24,1.89,2.02,2.03,1.82,1006414
2023-11-27,2.005,1.68,2.02,1.64,996546
2023-11-28,1.68,1.5,1.7099,1.45,967130
2023-11-29,1.53,1.51,1.55,1.49,218589
2023-11-30,1.51,1.26,1.51,1.25,537724
2023-12-01,1.27,1.34,1.47,1.2201,514491
2023-12-04,1.35,1.45,1.46,1.3101,384974
2023-12-05,1.45,1.44,1.47,1.38,356006
2023-12-06,1.44,1.35,1.44,1.29,295138
2023-12-07,1.33,1.25,1.36,1.22,437951
2023-12-08,1.25,1.19,1.25,1.16,281581
2023-12-11,1.18,1.05,1.18,1.03,370905
2023-12-12,1.1,1.05,1.1,1.0,243436
2023-12-13,1.1,1.1,1.13,1.04,178987
2023-12-14,1.1,1.29,1.3,1.06,416471
2023-12-15,1.29,1.3,1.366,1.25,341644
2023-12-18,1.31,1.18,1.33,1.15,180961
2023-12-19,1.2,1.19,1.23,1.1608,129642
2023-12-20,1.19,1.11,1.19,1.09,145040
2023-12-21,1.11,1.1,1.1499,1.08,98612
2023-12-22,1.09,1.08,1.12,1.0697,71146
2023-12-26,1.15,1.21,1.23,1.14,233812
2023-12-27,1.24,1.2,1.25,1.16,152566
2023-12-28,1.19,1.25,1.25,1.18,158238
2023-12-29,1.24,1.16,1.25,1.15,221888
2024-01-02,1.17,1.2,1.22,1.165,89595
2024-01-03,2.1699,1.93,2.45,1.75,89146344
2024-01-04,1.85,1.41,1.85,1.41,5576309
2024-01-05,1.38,1.37,1.52,1.35,1481783
2024-01-08,1.37,1.5,1.535,1.37,1424988
2024-01-09,1.42,1.58,1.59,1.42,869886
2024-01-10,1.57,1.56,1.58,1.51,536662
2024-01-11,1.51,1.47,1.55,1.42,530232
2024-01-12,1.46,1.43,1.52,1.4,445466
2024-01-16,1.36,1.31,1.4,1.28,512621
2024-01-17,1.27,1.29,1.32,1.27,308066
2024-01-18,1.26,1.23,1.29,1.21,223164
2024-01-19,1.23,1.25,1.26,1.2,240000
2024-01-22,1.23,1.25,1.27,1.21,240651
2024-01-23,1.25,1.32,1.32,1.2279,222756
2024-01-24,1.29,1.25,1.3,1.2,404656
2024-01-25,1.26,1.26,1.295,1.22,414959
2024-01-26,1.26,1.3,1.3,1.26,194584
2024-01-29,1.3,1.39,1.4,1.24,360352
2024-01-30,1.36,1.45,1.48,1.34,525901
2024-01-31,1.45,1.52,1.54,1.42,696245
2024-02-01,1.49,1.51,1.53,1.41,510890
2024-02-02,1.46,1.5,1.515,1.45,195215
2024-02-05,1.46,1.4,1.496,1.4,204945
2024-02-06,1.42,1.39,1.4461,1.35,111200
2024-02-07,1.41,1.4,1.41,1.36,103446
2024-02-08,1.39,1.3,1.44,1.275,311695
2024-02-09,1.31,1.32,1.32,1.2602,95707
2024-02-12,1.31,1.34,1.35,1.26,463447
2024-02-13,1.3,1.32,1.34,1.3,80774
2024-02-14,1.32,1.26,1.33,1.25,169635
2024-02-15,1.28,1.28,1.32,1.23,296849
2024-02-16,1.27,1.27,1.2884,1.25,176921
2024-02-20,1.24,1.2,1.28,1.19,170376
2024-02-21,1.2,1.19,1.21,1.15,178899
2024-02-22,1.27,1.21,1.27,1.17,50107
2024-02-23,1.21,1.2,1.25,1.15,78610
2024-02-26,1.19,1.24,1.25,1.1801,81388
2024-02-27,1.25,1.23,1.25,1.22,60472
2024-02-28,1.24,1.215,1.24,1.21,99052
2024-02-29,1.2,1.21,1.23,1.18,93473
2024-03-01,1.22,1.18,1.22,1.15,136120
2024-03-04,1.21,1.24,1.269,1.19,151098
2024-03-05,1.25,1.21,1.25,1.2,62386
2024-03-06,1.2,1.24,1.25,1.1959,85387
2024-03-07,1.26,1.25,1.26,1.21,39533
2024-03-08,1.249,1.25,1.29,1.24,55770
2024-03-11,1.25,1.22,1.26,1.22,72352
2024-03-12,1.21,1.26,1.2865,1.21,59933
2024-03-13,1.24,1.23,1.25,1.21,76851
2024-03-14,1.24,1.2,1.2454,1.2,64983
2024-03-15,1.21,1.17,1.2199,1.17,127997
2024-03-18,1.17,1.16,1.18,1.14,64118
2024-03-19,1.15,1.12,1.1699,1.1,108643
2024-03-20,1.12,1.071,1.13,1.06,191197
2024-03-21,1.0742,1.06,1.11,1.055,83680
2024-03-22,1.07,1.07,1.08,1.06,62856
2024-03-25,1.05,1.05,1.06,1.03,106352
2024-03-26,1.405,1.28,1.45,1.15,27519665
2024-03-27,1.33,1.2,1.33,1.18,1442930
2024-03-28,1.17,1.31,1.31,1.1601,678552
2024-04-01,1.28,1.37,1.41,1.28,645779
2024-04-02,1.35,1.29,1.35,1.25,204799
2024-04-03,1.29,1.29,1.3,1.24,127648
2024-04-04,1.26,1.28,1.31,1.25,116839
2024-04-05,1.27,1.27,1.3,1.25,70614
2024-04-08,1.3,1.25,1.305,1.25,157159
2024-04-09,1.24,1.18,1.28,1.17,249099
2024-04-10,1.29,1.14,1.31,1.05,3781778
2024-04-11,1.1,1.15,1.17,1.1,266579
2024-04-12,1.15,1.09,1.15,1.08,223847
2024-04-15,1.1,1.09,1.105,1.05,218273
2024-04-16,1.06,1.12,1.13,1.05,114038
2024-04-17,1.15,1.02,1.19,1.0,1777147
2024-04-18,1.08,1.05,1.08,0.94,460323
2024-04-19,1.04,0.9901,1.04,0.9651,168883
2024-04-22,0.99,1.04,1.04,0.941101,311506
2024-04-23,1.01,1.35,1.37,1.0,8641601
2024-04-24,1.46,1.48,1.5,1.28,6738031
2024-04-25,1.45,1.59,1.73,1.36,5357784
2024-04-26,1.4901,1.42,1.57,1.4,2056011
2024-04-29,1.39,1.4,1.4499,1.3,1768520
2024-04-30,1.34,1.25,1.41,1.25,759399
2024-05-01,1.19,1.13,1.23,1.05,987661
2024-05-02,1.12,1.15,1.1694,1.1,317743
2024-05-03,1.15,1.08,1.15,1.07,415917
2024-05-06,1.09,1.08,1.09,1.0309,736910
2024-05-07,1.07,1.06,1.0799,1.03,264079
2024-05-08,1.09,1.11,1.13,1.04,558580
2024-05-09,1.11,1.1,1.24,1.06,1343248
2024-05-10,1.08,1.06,1.09,1.05,207682
2024-05-13,1.06,1.07,1.14,1.06,192431
2024-05-14,1.07,1.08,1.09,1.05,249766
2024-05-15,1.06,1.08,1.12,1.06,330961
2024-05-16,1.1,1.06,1.1,1.05,155354
2024-05-17,1.07,1.07,1.09,1.06,118512
2024-05-20,1.08,1.08,1.08,1.06,77832
2024-05-21,1.08,1.08,1.1,1.0651,100339
2024-05-22,1.08,1.07,1.09,1.06,159027
2024-05-23,1.06,1.0285,1.09,1.005,327452
2024-05-24,1.0,0.935,1.02,0.902,501959
2024-05-28,0.98,0.9251,0.98,0.9141,113206
2024-05-29,0.9241,0.88,0.94,0.87,168060
2024-05-30,0.88,0.858,0.8981,0.85,114238
2024-05-31,0.85,0.7941,0.8501,0.7815,218052
2024-06-03,0.767,0.77,0.78305,0.75,206607
2024-06-04,0.77,0.7945,0.8063,0.77,85638
2024-06-05,0.773,0.7762,0.78,0.752,147183
2024-06-06,0.762,0.789,0.79,0.751,105904
2024-06-07,0.789,0.777,0.7999,0.75,183809
2024-06-10,0.7555,0.799,0.7999,0.75,108331
2024-06-11,0.775,0.85,0.85,0.76,180659
2024-06-12,0.85,0.8577,0.87,0.85,123717
2024-06-13,0.85,0.83,0.86,0.8211,92490
2024-06-14,0.83,0.859,0.869,0.83,90085
2024-06-17,0.866,0.7822,0.866,0.7714,159401
2024-06-18,0.7822,0.7225,0.7962,0.7116,221204
2024-06-20,0.725,0.735,0.74,0.705,128776
2024-06-21,0.71,0.713,0.737,0.705,189421
2024-06-24,0.731,0.759,0.763,0.713,36976
2024-06-25,0.759,0.7443,0.759,0.7101,119145
2024-06-26,0.7373,0.7333,0.757,0.73,79537
2024-06-27,0.721,0.7369,0.748,0.72,57874
2024-06-28,0.75,0.774,0.7787,0.7495,112492
2024-07-01,0.7738,0.8199,0.8289,0.765001,134174
2024-07-02,0.7953,0.753,0.7954,0.743,72645
2024-07-03,0.73,0.73,0.7529,0.71,26513
2024-07-05,0.753,0.74,0.7665,0.73,21128
2024-07-08,0.7488,0.7505,0.7797,0.7401,29249
2024-07-09,0.77,0.7627,0.78,0.7449,35715
2024-07-10,0.77,0.7817,0.79,0.7601,55077
2024-07-11,0.781,0.8199,0.829,0.78099,87081
2024-07-12,0.82,0.791,0.82,0.791,44930
2024-07-15,0.8,0.794,0.8188,0.781,49911
2024-07-16,0.794,0.7901,0.7992,0.785,16347
2024-07-17,0.854,0.93,0.969,0.8,1000667
2024-07-18,0.87,0.8946,0.929,0.85,162704
2024-07-19,0.894,0.826,0.894,0.82,90136
2024-07-22,0.81,0.8476,0.858,0.81,77633
2024-07-23,0.83,0.792,0.847,0.784,162929
2024-07-24,0.78,0.732,0.8015,0.732,92016
2024-07-25,0.729,0.72,0.7597,0.72,122601
2024-07-26,0.71,0.7489,0.75,0.71,108189
2024-07-29,0.73,0.705,0.749999,0.7011,135459
2024-07-30,0.71,0.7389,0.7499,0.71,172100
2024-07-31,0.74,0.7792,0.78,0.7389,105737
2024-08-01,0.761,0.752,0.7799,0.7311,42371
2024-08-02,0.72,0.72,0.75,0.716,57228
2024-08-05,0.69,0.6934,0.7199,0.6,126006
2024-08-06,0.71,0.695,0.71,0.65,19697
2024-08-07,0.69,0.6738,0.6901,0.6635,19676
2024-08-08,0.6698,0.6843,0.7093,0.6665,18632
2024-08-09,0.6999,0.689,0.7097,0.68,41717
2024-08-12,0.7,0.6868,0.7,0.67,34751
2024-08-13,0.68,0.7065,0.709801,0.67,34252
2024-08-14,0.7,0.7499,0.75,0.677801,66176
2024-08-15,0.77,0.711,0.7874,0.7,143689
2024-08-16,0.74,0.6594,0.74,0.6593,106826
2024-08-19,0.691,0.6951,0.712,0.6601,58113
2024-08-20,0.6951,0.7381,0.7381,0.6951,21568
2024-08-21,0.7,0.7307,0.74,0.7,37867
2024-08-22,0.7174,0.71,0.7204,0.707,25956
2024-08-23,0.7111,0.7151,0.745,0.711,35001
2024-08-26,0.721,0.71,0.7455,0.701,59622
2024-08-27,0.705,0.7101,0.7198,0.6989,16797
2024-08-28,0.72,0.6935,0.7201,0.6852,21008
2024-08-29,0.704,0.6847,0.704,0.68,35010
2024-08-30,0.67,0.6753,0.6851,0.6611,69616
2024-09-03,0.697,0.6638,0.697,0.6519,60535
2024-09-04,0.66,0.659,0.67425,0.652,26518
2024-09-05,0.668449,0.651,0.6719,0.6502,28652
2024-09-06,0.65,0.659,0.659,0.641,36002
2024-09-09,0.66,0.6489,0.665,0.632,20747
2024-09-10,0.6368,0.6694,0.6697,0.6368,15756
2024-09-11,0.67,0.687,0.71,0.665101,39932
2024-09-12,0.7,0.6902,0.7145,0.6902,13596
2024-09-13,0.69,0.6941,0.7089,0.69,21914
2024-09-16,0.6802,0.676,0.6918,0.675,24722
2024-09-17,0.672,0.6676,0.676,0.65,22101
2024-09-18,0.669,0.66,0.6825,0.66,37123
2024-09-19,0.661,0.661161,0.669799,0.652101,20132
2024-09-20,0.682399,0.6957,0.6957,0.6563,64611
2024-09-23,0.69175,0.6974,0.6974,0.676,40343
2024-09-24,0.676,0.6712,0.6863,0.671,46582
2024-09-25,0.671,0.6677,0.6899,0.6631,27808
2024-09-26,0.6677,0.66,0.6778,0.6533,58610
2024-09-27,0.6742,0.6873,0.6949,0.6303,77880
2024-09-30,0.6878,0.6834,0.6878,0.6501,40393
2024-10-01,0.6899,0.64,0.6899,0.63,54742
2024-10-02,0.64,0.6051,0.64,0.605,75985
2024-10-03,0.605,0.6375,0.668,0.605,43883
2024-10-04,0.64,0.62,0.655,0.605,75946
2024-10-07,0.63,0.5505,0.644,0.5505,195834
2024-10-08,0.56,0.571,0.59,0.5339,36609
2024-10-09,0.565,0.5373,0.594075,0.517,66210
2024-10-10,0.55,0.4746,0.5639,0.4053,325724
2024-10-11,0.498,0.472,0.5025,0.47,73296
2024-10-14,0.49,0.5001,0.5177,0.4845,97138
2024-10-15,0.5303,0.5871,0.7093,0.5166,1945760
2024-10-16,0.54,0.5583,0.57,0.53,150803
2024-10-17,0.5255,0.5467,0.561,0.523,54688
2024-10-18,0.5521,0.548,0.5521,0.528,62247
2024-10-21,0.55,0.54,0.558,0.5281,35100
2024-10-22,0.54,0.56,0.579,0.532,75840
2024-10-23,0.56,0.57,0.57,0.5401,55689
2024-10-24,0.57,0.719,0.7378,0.550401,1431988
2024-10-25,0.6315,0.692146,0.7468,0.6243,639433
2024-10-28,0.685,0.74,0.746,0.64,331564
2024-10-29,0.71,0.7027,0.77,0.69,188273
2024-10-30,0.714,0.72,0.77,0.695,261172
2024-10-31,0.7,0.691,0.720001,0.6804,88345
2024-11-01,0.724,0.66,0.724,0.639,168850
2024-11-04,0.6537,0.6313,0.67,0.615,151862
2024-11-05,0.63,0.5701,0.635999,0.55,272495
2024-11-06,0.5701,0.553,0.5819,0.5221,106336
2024-11-07,0.541,0.5424,0.5499,0.533,89659
2024-11-08,0.542,0.5265,0.58,0.52,69056
2024-11-11,0.5145,0.5261,0.5335,0.4951,72025
2024-11-12,0.5177,0.52,0.531299,0.51,76264
2024-11-13,0.535,0.535,0.553,0.535,55719
2024-11-14,0.54,0.551,0.58,0.52,295598
2024-11-15,0.58,0.500001,0.58,0.5,176345
2024-11-18,0.5,0.5104,0.55,0.5,87839
2024-11-19,0.52,0.5252,0.56,0.5,61880
2024-11-20,0.55,0.5674,0.57,0.5457,27944
2024-11-21,0.585,0.5499,0.59,0.53,89041
2024-11-22,0.569,0.5488,0.5732,0.531,48550
2024-11-25,0.55,0.522,0.55,0.52,108539
2024-11-26,0.522,0.506,0.539719,0.5003,133928
2024-11-27,0.5033,0.5102,0.5404,0.5033,53020
2024-11-29,0.542,0.53,0.545,0.517251,46433
2024-12-02,0.557,0.5234,0.557,0.51,39212
2024-12-03,0.531,0.54,0.5479,0.528,17747
2024-12-04,0.54,0.547,0.54799,0.53,24473
2024-12-05,0.5353,0.5352,0.547,0.5254,40001
2024-12-06,0.54,0.5049,0.54,0.498,127482
2024-12-09,0.5099,0.501,0.52,0.48,114886
2024-12-10,0.486,0.4747,0.4955,0.47,186629
2024-12-11,0.45,0.5198,0.52,0.4236,5319676
2024-12-12,0.52,0.515,0.52,0.4716,343742
2024-12-13,0.491,0.505,0.51,0.468,179479
2024-12-16,0.51,0.51,0.515,0.4815,110382
2024-12-17,0.499,0.4815,0.5085,0.4595,179153
2024-12-18,0.483,0.485,0.504,0.458,95701
2024-12-19,0.49,0.5177,0.54,0.485,188725
2024-12-20,0.508,0.524,0.53,0.49,100301
2024-12-23,0.51,0.53,0.54,0.49,109356
2024-12-24,0.504,0.51,0.528,0.502,35929
2024-12-26,0.51,0.559,0.592,0.51,218685
2024-12-27,0.5499,0.5812,0.629465,0.5499,343362
2024-12-30,0.5779,0.5907,0.611,0.528,234879
2024-12-31,0.6,0.59,0.620219,0.5801,168963
2025-01-02,0.59,0.6413,0.69,0.59,157006
2025-01-03,0.659,0.6555,0.68,0.63,118635
2025-01-06,0.65,0.6812,0.69,0.65,100443
2025-01-07,0.69,0.58,0.69,0.58,229256
2025-01-08,0.579,0.534,0.579,0.52,245971
2025-01-10,0.55,0.554,0.5682,0.501,154384
2025-01-13,0.5102,0.53,0.54,0.5102,114417
2025-01-14,0.5141,0.5157,0.542,0.51,131833
2025-01-15,0.52,0.545,0.563,0.52,79500
2025-01-16,0.55,0.5511,0.578,0.53,114094
2025-01-17,0.57,0.54,0.57,0.53,74934
2025-01-21,0.53,0.5412,0.56,0.528,57793
2025-01-22,0.55,0.52,0.555856,0.52,111146
2025-01-23,0.519,0.5335,0.542,0.5136,90451
2025-01-24,0.52,0.5236,0.5499,0.515,95346
2025-01-27,0.53,0.539,0.54999,0.516,49919
2025-01-28,0.54,0.535,0.548364,0.52,49478
2025-01-29,0.535,0.521,0.5475,0.512,94754
2025-01-30,0.52,0.52,0.55,0.51,95605
2025-01-31,0.52,0.517,0.526399,0.503,88004
2025-02-03,0.5,0.508,0.52,0.46,99344
2025-02-04,0.495,0.4804,0.495,0.466,88649
2025-02-05,0.5,0.48,0.507,0.46,110106
2025-02-06,0.48,0.458,0.48415,0.437,151467
2025-02-07,0.45,0.437,0.4789,0.42,140640
2025-02-10,0.44,0.4201,0.446,0.4,147769
2025-02-11,0.42,0.421,0.4375,0.4101,49815
2025-02-12,0.421,0.4201,0.439,0.408,80695
2025-02-13,0.4201,0.419,0.42306,0.4003,139337
2025-02-14,0.41,0.4565,0.46,0.41,238939
2025-02-18,0.46,0.526,0.88,0.46,19344850
2025-02-19,0.505,0.579,0.61,0.505,1009889
2025-02-20,0.5719,0.585,0.65,0.5502,591839
2025-02-21,0.6018,0.6996,0.705,0.59,1089952
2025-02-24,0.68,0.7417,0.82,0.68,1339926
2025-02-25,0.7122,0.7138,0.7407,0.681,228017
2025-02-26,0.7172,0.8127,0.84,0.7138,479728
2025-02-27,0.815,0.798,0.8201,0.7711,165562
2025-02-28,0.755,0.6901,0.78,0.6729,357408
2025-03-03,0.69,0.6902,0.72,0.69,102792
2025-03-04,0.6902,0.6326,0.7196,0.632,96649
2025-03-05,0.63,0.6408,0.67,0.63,119749
2025-03-06,0.65,0.6363,0.6578,0.625,321021
2025-03-07,0.64,0.6386,0.6599,0.624,199678
2025-03-10,0.65,0.6324,0.6566,0.625,186810
2025-03-11,0.6324,0.655,0.6586,0.6302,178341
2025-03-12,0.65,0.6961,0.7087,0.65,152286
2025-03-13,0.6961,0.688,0.739999,0.65,263229
2025-03-14,0.6479,0.6459,0.6797,0.612,117517
2025-03-17,0.611,0.6506,0.66,0.61,124357
2025-03-18,0.66,0.6579,0.71,0.6457,88496
2025-03-19,0.65,0.66,0.675,0.6471,27854
2025-03-20,0.665,0.665,0.6699,0.6591,32838
2025-03-21,0.6604,0.69,0.69,0.6491,48003
2025-03-24,0.69,0.7098,0.7289,0.6871,145524
2025-03-25,0.7,0.688,0.7199,0.688,47030
2025-03-26,0.71,0.705,0.7271,0.6908,52075
2025-03-27,0.724,0.799,0.8161,0.7145,153497
2025-03-28,0.8,0.86,0.87,0.791,220925
