2021-03-31,18.0,16.55,18.9476,16.06,2110841
2021-04-01,16.3,16.0,17.3435,15.06,506528
2021-04-05,15.63,14.92,15.95,14.73,169213
2021-04-06,14.87,17.86,17.99,14.7292,447306
2021-04-07,17.51,15.61,17.79,15.55,173289
2021-04-08,15.55,14.51,16.05,14.47,202376
2021-04-09,14.28,13.78,15.1141,13.72,207201
2021-04-12,13.99,13.05,14.275,12.63,103160
2021-04-13,12.89,12.97,13.32,12.79,71348
2021-04-14,12.96,13.73,13.73,12.92,56978
2021-04-15,13.6,14.6,14.66,13.27,121763
2021-04-16,14.6,15.15,15.15,14.15,37429
2021-04-19,15.05,15.51,15.65,14.9844,74086
2021-04-20,15.34,15.76,16.14,15.16,46690
2021-04-21,15.85,16.0,16.34,15.7,94481
2021-04-22,16.04,16.07,16.39,15.4808,63909
2021-04-23,16.13,16.6,16.74,15.0001,74534
2021-04-26,16.71,16.75,16.84,16.05,126703
2021-04-27,16.7,16.96,17.05,16.27,111321
2021-04-28,17.06,16.32,17.06,15.8,119374
2021-04-29,16.1,16.02,16.33,15.9,75131
2021-04-30,15.88,15.55,16.345,15.29,10875
2021-05-03,15.91,15.53,16.529,15.37,9684
2021-05-04,15.23,15.4,15.72,15.23,17986
2021-05-05,15.25,15.89,16.3,15.25,13468
2021-05-06,15.8,14.29,15.8927,14.29,18696
2021-05-07,14.76,14.17,16.0,13.62,16126
2021-05-10,13.85,13.4,14.46,13.4,4020
2021-05-11,13.05,13.7,14.0926,13.02,15819
2021-05-12,13.8,13.01,14.49,13.01,8510
2021-05-13,13.55,12.61,14.0,12.51,14088
2021-05-14,12.92,13.03,13.3531,12.63,5816
2021-05-17,12.77,13.45,13.98,12.77,13848
2021-05-18,13.44,12.8,14.39,12.63,36375
2021-05-19,12.82,13.03,14.39,12.68,12832
2021-05-20,13.0,12.88,13.5657,12.8,14084
2021-05-21,12.82,13.51,13.6798,12.82,2548
2021-05-24,13.24,13.0,14.0923,13.0,14381
2021-05-25,13.09,13.0,13.3,13.0,3087
2021-05-26,13.6299,12.81,13.6299,12.81,7251
2021-05-27,12.8334,12.6,13.0,12.6,6152
2021-05-28,12.9,12.63,12.9,12.63,3705
2021-06-01,12.7,12.93,12.97,12.64,5842
2021-06-02,12.61,12.66,12.9799,12.61,3589
2021-06-03,12.6129,12.68,12.94,12.6101,14115
2021-06-04,12.8,12.61,12.8,12.61,6966
2021-06-07,12.65,12.85,12.8559,12.6,4601
2021-06-08,12.84,12.725,12.84,12.6,1696
2021-06-09,12.78,12.75,12.78,12.61,18950
2021-06-10,12.7039,12.69,12.75,12.63,6374
2021-06-11,12.7,12.61,12.75,12.61,12869
2021-06-14,12.75,12.01,12.75,12.01,130262
2021-06-15,12.0,11.42,12.75,11.42,27680
2021-06-16,11.42,11.92,12.5765,11.42,26363
2021-06-17,11.83,11.7,12.4133,11.7,5901
2021-06-18,11.93,11.54,11.93,11.53,6479
2021-06-21,11.51,11.73,12.5,11.51,1030
2021-06-22,11.8,11.57,11.8,11.5,3818
2021-06-23,11.46,11.42,11.68,11.42,17645
2021-06-24,11.42,11.0,11.67,11.0,23577
2021-06-25,11.0,10.93,11.4,10.81,28985
2021-06-28,11.29,10.27,11.29,10.27,21470
2021-06-29,10.35,9.92,10.85,9.92,13821
2021-06-30,9.95,9.79,10.95,9.79,53902
2021-07-01,9.96,9.93,10.2506,9.83,18900
2021-07-02,9.94,9.7,10.4,9.7,38124
2021-07-06,10.0,8.5,10.5394,8.5,45018
2021-07-07,8.51,7.71,9.0,7.71,53996
2021-07-08,7.79,7.59,8.08,7.59,49422
2021-07-09,7.6,7.11,7.77,7.11,77341
2021-07-12,7.29,7.18,7.3,7.11,58155
2021-07-13,7.18,6.97,7.25,6.97,47056
2021-07-14,6.97,6.69,6.9848,6.68,47147
2021-07-15,6.62,6.8,6.93,6.38,481006
2021-07-16,7.0,6.69,7.0,6.59,104225
2021-07-19,6.5,6.41,6.7315,6.41,174757
2021-07-20,6.4,6.58,6.66,6.4,154451
2021-07-21,6.67,6.51,6.68,6.5,43321
2021-07-22,6.55,6.54,6.62,6.48,25420
2021-07-23,6.5,6.42,6.56,6.38,28967
2021-07-26,6.48,6.23,6.48,6.08,30097
2021-07-27,6.16,6.01,6.19,5.91,28923
2021-07-28,5.95,6.05,6.1054,5.95,6360
2021-07-29,6.01,5.91,6.19,5.91,20268
2021-07-30,6.13,5.83,6.13,5.76,30891
2021-08-02,5.99,6.08,6.38,5.9,41153
2021-08-03,6.01,5.98,6.0733,5.95,11038
2021-08-04,5.98,6.19,6.215,5.95,17025
2021-08-05,6.1854,6.05,6.1999,6.03,18225
2021-08-06,6.1051,6.22,6.24,6.08,8842
2021-08-09,6.23,6.19,6.23,6.01,16223
2021-08-10,6.25,7.56,7.64,6.05,241275
2021-08-11,8.0,6.6,11.4,6.15,3864057
2021-08-12,6.5035,6.39,7.2,5.51,646086
2021-08-13,6.4,6.45,6.71,6.21,88471
2021-08-16,6.4,6.32,6.64,6.0,96509
2021-08-17,6.24,6.32,6.5799,6.0153,65294
2021-08-18,6.59,6.58,6.59,6.125,104050
2021-08-19,6.55,6.11,6.55,6.0,96793
2021-08-20,6.11,6.2,6.39,6.02,52569
2021-08-23,6.23,6.49,6.7,6.23,59658
2021-08-24,6.46,6.25,6.7,6.25,42309
2021-08-25,6.6,6.51,6.67,6.31,158392
2021-08-26,6.44,6.38,6.63,6.36,62938
2021-08-27,6.4,6.5,6.6,6.25,69080
2021-08-30,6.49,6.49,6.6,6.36,43570
2021-08-31,6.48,6.78,6.78,6.41,65640
2021-09-01,6.8,6.81,7.02,6.7,61242
2021-09-02,6.8,6.65,6.86,6.54,63529
2021-09-03,6.66,6.46,6.9863,6.41,69118
2021-09-07,6.48,6.51,6.75,6.37,80476
2021-09-08,6.48,6.11,6.84,6.06,77928
2021-09-09,6.12,6.17,6.23,6.1001,18194
2021-09-10,6.2,6.16,6.5,6.06,43092
2021-09-13,6.16,5.87,6.16,5.7,83905
2021-09-14,5.85,5.84,6.0,5.81,36121
2021-09-15,5.84,5.81,5.89,5.45,118616
2021-09-16,5.78,5.84,5.895,5.78,68638
2021-09-17,5.81,5.83,5.8999,5.65,24553
2021-09-20,5.75,5.87,6.0,5.72,110854
2021-09-21,5.94,5.95,6.14,5.7003,68443
2021-09-22,5.94,5.85,6.08,5.77,17702
2021-09-23,5.82,5.95,6.04,5.82,25385
2021-09-24,5.9,6.95,7.99,5.9,1265722
2021-09-27,7.16,7.36,7.8,6.95,579722
2021-09-28,7.4,6.95,7.6118,6.77,486399
2021-09-29,7.05,6.6,7.285,6.5,140297
2021-09-30,6.63,7.79,8.57,6.625,1425394
2021-10-01,7.74,7.79,8.36,7.01,527455
2021-10-04,7.8,7.35,7.986,7.15,220380
2021-10-05,7.33,7.55,7.76,6.8927,433528
2021-10-06,7.37,7.88,8.39,6.8,352819
2021-10-07,8.08,7.99,8.12,7.5702,241631
2021-10-08,8.02,7.94,8.04,7.595,207713
2021-10-11,7.92,8.28,8.55,7.67,568770
2021-10-12,8.26,8.86,9.0,8.2,497943
2021-10-13,8.77,8.1,8.8105,8.02,303258
2021-10-14,8.26,7.77,8.3394,7.58,299971
2021-10-15,7.75,7.61,8.09,7.51,168194
2021-10-18,7.42,7.07,7.61,6.81,394749
2021-10-19,7.07,7.1,7.25,6.85,210848
2021-10-20,7.1,7.24,7.53,6.9301,308494
2021-10-21,7.17,7.32,7.4,7.05,84483
2021-10-22,7.23,6.69,7.23,6.2319,538701
2021-10-25,6.7,6.73,6.9561,6.5364,247511
2021-10-26,6.71,6.56,6.83,6.44,480972
2021-10-27,6.5,6.1,6.715,6.05,175911
2021-10-28,6.22,6.25,6.454,6.1,267664
2021-10-29,6.25,6.14,6.325,6.0,269188
2021-11-01,6.25,6.71,6.76,6.14,364725
2021-11-02,6.71,7.06,7.16,6.4401,235216
2021-11-03,7.07,7.18,7.27,6.88,156010
2021-11-04,7.12,7.31,7.67,6.95,235386
2021-11-05,7.4,6.86,7.49,6.56,184503
2021-11-08,6.82,6.86,6.9799,6.7,140520
2021-11-09,7.02,6.62,7.23,6.5123,233325
2021-11-10,6.65,6.68,6.88,6.47,160252
2021-11-11,6.76,6.51,6.76,6.45,96260
2021-11-12,6.48,6.18,6.56,5.91,404198
2021-11-15,6.19,5.7,6.2,5.63,337119
2021-11-16,5.65,5.55,5.73,5.51,159745
2021-11-17,5.59,5.6,5.6,5.42,271170
2021-11-18,5.59,5.33,5.68,5.3,254263
2021-11-19,5.34,4.96,5.4,4.9,247794
2021-11-22,5.01,4.83,5.075,4.66,140661
2021-11-23,4.86,5.09,5.14,4.565,321449
2021-11-24,5.14,5.19,5.33,4.94,112500
2021-11-26,5.07,4.84,5.18,4.83,63142
2021-11-29,4.95,4.94,5.07,4.7229,81618
2021-11-30,4.89,5.1,5.13,4.7393,121109
2021-12-01,5.18,4.91,5.29,4.87,67238
2021-12-02,4.86,4.89,5.06,4.75,120046
2021-12-03,4.95,4.63,5.01,4.44,123325
2021-12-06,4.68,4.8,4.95,4.5112,74852
2021-12-07,4.84,5.03,5.15,4.84,117044
2021-12-08,5.09,5.32,5.439,4.93,179214
2021-12-09,5.24,4.97,5.5593,4.925,206980
2021-12-10,4.99,4.96,5.33,4.92,92011
2021-12-13,4.88,4.69,5.04,4.61,97336
2021-12-14,4.68,4.45,4.7091,4.3537,99178
2021-12-15,4.39,4.46,4.55,4.12,168841
2021-12-16,4.52,4.22,4.59,4.17,122773
2021-12-17,4.15,4.58,4.65,4.14,441842
2021-12-20,4.49,4.66,4.86,4.4702,124934
2021-12-21,4.75,4.97,5.165,4.64,113311
2021-12-22,5.03,5.06,5.29,4.97,118708
2021-12-23,5.11,5.57,5.65,5.0,103875
2021-12-27,5.56,5.3,5.59,5.2,53544
2021-12-28,5.42,5.22,5.49,5.03,82474
2021-12-29,5.23,5.09,5.31,5.02,41062
2021-12-30,5.11,5.13,5.3791,5.08,51235
2021-12-31,5.19,5.01,5.325,5.0,41375
2022-01-03,5.02,5.23,5.32,5.0,43203
2022-01-04,5.27,5.17,5.35,4.9829,53442
2022-01-05,5.1,4.52,5.29,4.5,101891
2022-01-06,4.56,4.42,4.74,4.33,67807
2022-01-07,4.45,4.26,4.51,4.2,62087
2022-01-10,4.22,4.32,4.42,4.09,68998
2022-01-11,4.32,4.51,4.63,4.19,48346
2022-01-12,4.62,4.31,4.62,4.28,27389
2022-01-13,4.34,4.05,4.365,4.05,25249
2022-01-14,4.02,4.07,4.15,4.02,17799
2022-01-18,4.01,4.09,4.16,4.01,60287
2022-01-19,4.1,4.23,4.45,4.05,49353
2022-01-20,4.23,4.02,4.44,4.0,91533
2022-01-21,4.0,4.03,4.32,3.96,88966
2022-01-24,3.88,3.8,3.9114,3.55,80158
2022-01-25,3.66,3.81,3.87,3.6407,21516
2022-01-26,3.93,3.83,4.01,3.73,24376
2022-01-27,3.86,3.55,3.86,3.43,116727
2022-01-28,3.62,3.63,3.79,3.5,25879
2022-01-31,3.63,3.8,3.9,3.61,15027
2022-02-01,3.96,3.89,4.05,3.7177,21669
2022-02-02,3.72,3.62,3.86,3.5,178040
2022-02-03,3.6,3.45,3.8,3.45,59385
2022-02-04,3.42,3.59,3.64,3.42,33962
2022-02-07,3.69,3.6,3.69,3.4501,75237
2022-02-08,3.51,3.52,3.7,3.51,12205
2022-02-09,3.89,3.76,3.89,3.45,12132
2022-02-10,3.62,3.6,3.8348,3.5,29068
2022-02-11,3.58,3.5,3.79,3.48,18642
2022-02-14,3.46,3.4,3.55,3.31,21682
2022-02-15,3.53,3.46,3.53,3.3682,20889
2022-02-16,3.66,3.54,3.66,3.31,63413
2022-02-17,3.53,3.49,3.59,3.49,17122
2022-02-18,3.44,3.52,3.59,3.42,20063
2022-02-22,3.43,3.5,3.5973,3.43,17240
2022-02-23,3.49,3.32,3.49,3.32,7383
2022-02-24,3.15,3.31,3.36,3.06,23379
2022-02-25,3.29,3.33,3.38,3.2867,5952
2022-02-28,3.32,3.31,3.47,3.25,7415
2022-03-01,3.2782,3.07,3.45,3.07,23534
2022-03-02,3.275,3.23,3.275,3.08,30057
2022-03-03,3.3,3.1,3.3,3.06,15582
2022-03-04,3.16,2.8,3.16,2.695,136337
2022-03-07,3.0,2.84,3.0,2.7301,47586
2022-03-08,2.84,2.86,2.99,2.81,7326
2022-03-09,2.9,2.92,3.0,2.85,31361
2022-03-10,3.07,2.92,3.07,2.85,12325
2022-03-11,2.97,2.85,3.07,2.8,24552
2022-03-14,2.84,2.82,3.04,2.77,204633
2022-03-15,2.8,2.98,2.98,2.8,7786
2022-03-16,2.98,3.0,3.0,2.88,23579
2022-03-17,2.99,3.14,3.15,2.85,30607
2022-03-18,3.08,3.32,3.32,2.88,132832
2022-03-21,2.89,3.16,3.35,2.89,37497
2022-03-22,3.11,3.21,3.225,3.05,30433
2022-03-23,3.15,3.11,3.15,3.04,65074
2022-03-24,3.04,3.1,3.2,2.9,43300
2022-03-25,3.07,3.15,3.16,2.96,103781
2022-03-28,3.26,2.97,3.26,2.85,111603
2022-03-29,2.96,3.07,3.13,2.96,61940
2022-03-30,3.02,3.2,3.24,2.94,300049
2022-03-31,3.21,2.94,3.2788,2.9,233819
2022-04-01,2.99,2.98,2.99,2.85,102427
2022-04-04,2.95,3.04,3.11,2.93,137810
2022-04-05,3.09,2.81,3.09,2.81,301850
2022-04-06,2.82,3.02,3.07,2.73,631174
2022-04-07,3.05,2.95,3.05,2.85,232397
2022-04-08,2.91,2.84,2.96,2.77,361802
2022-04-11,2.81,2.79,2.89,2.72,413809
2022-04-12,2.79,2.5,2.82,2.395,992514
2022-04-13,2.47,2.57,2.6,2.42,167789
2022-04-14,2.51,2.37,2.54,2.34,148455
2022-04-18,2.4038,2.43,2.48,2.28,138016
2022-04-19,2.45,2.57,2.59,2.4,102696
2022-04-20,2.55,2.57,2.58,2.4801,74467
2022-04-21,2.62,2.49,2.62,2.46,51426
2022-04-22,2.48,2.46,2.51,2.41,47875
2022-04-25,2.495,2.48,2.53,2.43,27705
2022-04-26,2.48,2.43,2.5,2.38,116209
2022-04-27,2.2734,2.34,2.45,2.27,54967
2022-04-28,2.38,2.25,2.38,2.1101,275432
2022-04-29,2.24,2.22,2.385,2.21,53106
2022-05-02,2.28,2.21,2.31,2.03,81532
2022-05-03,2.34,2.37,2.39,2.22,183707
2022-05-04,2.38,2.34,2.425,2.1,91599
2022-05-05,2.3025,2.3,2.35,2.26,24861
2022-05-06,2.28,2.16,2.28,2.11,62053
2022-05-09,2.17,1.96,2.21,1.96,109739
2022-05-10,2.01,2.06,2.14,1.84,66552
2022-05-11,2.08,2.01,2.08,1.97,71047
2022-05-12,1.93,2.06,2.0799,1.8801,42806
2022-05-13,2.0,2.22,2.25,1.97,26072
2022-05-16,2.1,2.3,2.3,2.09,47079
2022-05-17,2.3,2.35,2.38,2.21,35506
2022-05-18,2.35,2.34,2.4,2.3001,48559
2022-05-19,2.35,2.41,2.42,2.35,33177
2022-05-20,2.4448,2.52,2.52,2.4448,63973
2022-05-23,2.53,2.55,2.55,2.43,42643
2022-05-24,2.49,2.51,2.55,2.4,30764
2022-05-25,2.5,2.45,2.52,2.45,31198
2022-05-26,2.5,2.48,2.5,2.32,6030
2022-05-27,2.49,2.56,2.56,2.47,92368
2022-05-31,2.55,2.5,2.58,2.5,50880
2022-06-01,2.4562,2.51,2.53,2.3934,46921
2022-06-02,2.55,2.55,2.64,2.47,35541
2022-06-03,2.499,2.48,2.58,2.44,24272
2022-06-06,2.53,2.51,2.54,2.41,43186
2022-06-07,2.51,2.68,2.74,2.51,134301
2022-06-08,2.7,2.62,2.7,2.54,38575
2022-06-09,2.7,2.57,2.7,2.53,42886
2022-06-10,2.5,2.5,2.56,2.4612,64706
2022-06-13,2.4,2.29,2.5,2.28,68281
2022-06-14,2.36,2.26,2.36,2.2,31816
2022-06-15,2.3,2.3,2.3,2.18,19244
2022-06-16,2.29,2.3,2.35,2.25,52684
2022-06-17,2.39,2.39,2.63,2.28,66684
2022-06-21,2.48,2.49,2.55,2.38,9872
2022-06-22,2.44,2.5,2.61,2.3813,21785
2022-06-23,2.52,2.56,2.6,2.45,10834
2022-06-24,2.5999,2.59,2.6,2.48,33134
2022-06-27,2.56,2.54,2.62,2.51,10827
2022-06-28,2.53,2.59,2.5999,2.5012,8413
2022-06-29,2.56,2.5,2.65,2.406,46891
2022-06-30,2.4261,2.52,2.66,2.42,23646
2022-07-01,2.5,2.49,2.53,2.41,7986
2022-07-05,2.4612,2.53,2.54,2.4612,4458
2022-07-06,2.55,2.82,2.92,2.5,207183
2022-07-07,2.89,2.75,2.89,2.52,82101
2022-07-08,2.71,2.73,2.84,2.65,35437
2022-07-11,2.67,2.69,2.72,2.59,31006
2022-07-12,2.74,2.65,2.74,2.46,49557
2022-07-13,2.5601,2.72,2.72,2.5601,37827
2022-07-14,2.65,2.64,2.85,2.64,10733
2022-07-15,2.6,2.65,2.75,2.6,156989
2022-07-18,2.64,2.34,2.67,2.16,160935
2022-07-19,2.41,2.42,2.46,2.4099,10885
2022-07-20,2.4,2.4,2.42,2.31,71703
2022-07-21,2.395,2.41,2.52,2.3651,35687
2022-07-22,2.5,2.53,2.54,2.38,37118
2022-07-25,2.5,2.58,2.61,2.5,31647
2022-07-26,2.62,2.59,2.64,2.5023,17393
2022-07-27,2.5,2.6,2.6,2.5,5823
2022-07-28,2.6,2.6,2.65,2.51,14707
2022-07-29,2.535,2.55,2.6,2.52,6219
2022-08-01,2.55,2.59,2.64,2.51,13365
2022-08-02,2.43,2.59,2.61,2.43,47561
2022-08-03,2.6,2.8,2.8,2.5944,46168
2022-08-04,2.8849,2.91,2.99,2.87,94574
2022-08-05,2.95,2.98,2.98,2.87,20988
2022-08-08,3.08,3.1,3.17,2.942,59200
2022-08-09,3.05,3.0,3.07,2.91,24314
2022-08-10,3.0,3.07,3.1,2.99,26842
2022-08-11,3.09,3.06,3.16,3.05,39883
2022-08-12,3.07,3.08,3.14,3.07,5205
2022-08-15,3.1,3.25,3.2899,3.07,43915
2022-08-16,3.33,3.36,3.4497,3.26,41058
2022-08-17,3.43,3.39,3.45,3.3101,31601
2022-08-18,3.38,3.35,3.4,3.25,51087
2022-08-19,3.35,3.09,3.37,3.08,26651
2022-08-22,3.09,2.96,3.09,2.95,26326
2022-08-23,2.99,3.0,3.11,2.88,58736
2022-08-24,3.0,3.1,3.14,2.999,21303
2022-08-25,3.15,3.24,3.39,3.11,57086
2022-08-26,3.16,3.1,3.18,3.1,27046
2022-08-29,3.06,2.94,3.3,2.94,70827
2022-08-30,3.02,3.06,3.12,2.97,24624
2022-08-31,3.1,2.91,3.1,2.91,20992
2022-09-01,2.92,2.93,3.06,2.87,33352
2022-09-02,3.03,2.92,3.05,2.8501,4731
2022-09-06,3.09,3.03,3.15,3.01,17445
2022-09-07,3.0,3.1,3.24,3.0,13502
2022-09-08,3.17,3.18,3.22,3.1,9777
2022-09-09,3.25,2.92,3.25,2.91,32416
2022-09-12,3.01,3.05,3.1,2.9,7560
2022-09-13,3.01,3.02,3.1099,2.95,9432
2022-09-14,2.96,2.99,3.06,2.9,17040
2022-09-15,2.93,2.92,2.99,2.8701,17589
2022-09-16,2.86,2.89,2.92,2.745,27341
2022-09-19,2.815,2.73,2.84,2.72,21688
2022-09-20,2.7,2.7,2.8,2.65,17488
2022-09-21,2.7,2.7,2.86,2.65,17777
2022-09-22,2.7,2.73,2.84,2.66,14838
2022-09-23,2.65,2.84,2.995,2.48,52113
2022-09-26,2.97,2.83,2.97,2.7,35458
2022-09-27,2.6492,2.695,2.84,2.62,89281
2022-09-28,2.6,2.6,2.765,2.5449,50028
2022-09-29,2.5,2.45,2.515,2.23,21001
2022-09-30,2.21,2.26,2.52,2.21,21439
2022-10-03,2.37,2.27,2.5069,2.23,23299
2022-10-04,2.3,2.39,2.4299,2.29,18924
2022-10-05,2.33,2.32,2.433,2.25,11335
2022-10-06,2.26,2.27,2.3845,2.23,8664
2022-10-07,2.37,2.21,2.5,2.21,14866
2022-10-10,2.2,2.1,2.21,2.02,28194
2022-10-11,2.16,2.03,2.16,2.0,9509
2022-10-12,2.01,1.98,2.05,1.91,22087
2022-10-13,1.96,2.16,2.2099,1.96,8368
2022-10-14,2.14,2.1,2.29,2.01,6704
2022-10-17,2.07,2.11,2.28,1.92,58242
2022-10-18,2.23,2.11,2.23,1.93,13034
2022-10-19,2.0112,1.81,2.05,1.81,36953
2022-10-20,1.93,1.985,2.08,1.885,31759
2022-10-21,2.16,1.98,2.16,1.92,5931
2022-10-24,1.95,1.88,2.16,1.82,28093
2022-10-25,1.82,2.0,2.0332,1.82,9586
2022-10-26,2.07,2.03,2.1387,1.95,7473
2022-10-27,2.01,1.96,2.03,1.96,11163
2022-10-28,1.9319,2.03,2.07,1.9,23410
2022-10-31,2.04,1.93,2.04,1.81,32701
2022-11-01,1.9,1.84,1.9,1.75,51642
2022-11-02,1.7441,1.93,1.97,1.72,25389
2022-11-03,1.94,1.94,1.95,1.89,6998
2022-11-04,1.95,1.95,1.9974,1.755,68084
2022-11-07,1.99,1.99,2.1,1.86,25688
2022-11-08,1.99,1.79,1.99,1.735,30502
2022-11-09,1.77,1.59,1.77,1.58,78159
2022-11-10,1.7,1.69,1.88,1.65,1488558
2022-11-11,1.8,1.69,1.87,1.61,62716
2022-11-14,1.8,1.79,1.85,1.65,27133
2022-11-15,1.8,1.73,1.9,1.7,29893
2022-11-16,1.72,1.87,1.93,1.7,25493
2022-11-17,1.93,1.92,2.01,1.795,30511
2022-11-18,1.9341,1.85,1.9341,1.8245,7732
2022-11-21,1.93,1.85,1.93,1.83,4948
2022-11-22,1.91,1.8,1.98,1.8,12797
2022-11-23,1.9592,1.79,1.9592,1.78,8219
2022-11-25,2.01,1.9,2.01,1.7649,15582
2022-11-28,2.0,1.93,2.05,1.91,20648
2022-11-29,1.92,1.9,1.9445,1.9,3307
2022-11-30,1.99,2.02,2.04,1.96,28900
2022-12-01,2.11,1.75,2.12,1.745,83184
2022-12-02,1.87,1.75,1.87,1.705,29749
2022-12-05,1.75,1.71,1.85,1.71,17863
2022-12-06,1.71,1.5,1.79,1.5,164720
2022-12-07,1.51,1.4,1.55,1.31,83139
2022-12-08,1.35,1.27,1.4,1.19,119889
2022-12-09,1.28,1.3,1.4199,1.2,118467
2022-12-12,1.25,1.17,1.32,1.17,411789
2022-12-13,1.17,1.19,1.2501,1.17,584977
2022-12-14,1.19,1.15,1.24,1.13,249707
2022-12-15,1.11,1.1,1.175,1.09,299913
2022-12-16,1.1,0.8499,1.1,0.8499,1295836
2022-12-19,0.9014,0.8503,0.974099,0.849,516833
2022-12-20,0.86,0.84,0.92971,0.75,578244
2022-12-21,0.85,0.79,0.879,0.777,580402
2022-12-22,0.79,0.79,0.899,0.77,1022245
2022-12-23,0.8,0.8001,0.84995,0.79,1126316
2022-12-27,0.82,0.8,0.835,0.79,597954
2022-12-28,0.8,0.8318,0.858,0.7925,1075888
2022-12-29,0.85,0.8895,0.9347,0.8318,801453
2022-12-30,0.89,0.9,0.97,0.864,996546
2023-01-03,0.96,1.05,1.06,0.92,2368683
2023-01-04,1.07,1.1,1.11,1.0,1231324
2023-01-05,1.1,1.12,1.13,1.01,1048440
2023-01-06,1.13,1.18,1.31,1.12,1991094
2023-01-09,1.2,1.13,1.21,1.09,679180
2023-01-10,1.13,1.14,1.1806,1.11,692768
2023-01-11,1.2,1.19,1.25,1.15,1165587
2023-01-12,1.22,1.14,1.37,1.12,2076676
2023-01-13,1.12,1.18,1.19,1.12,460208
2023-01-17,1.15,1.16,1.21,1.13,429564
2023-01-18,1.19,1.17,1.21,1.15,335519
2023-01-19,1.15,1.13,1.17,1.1,286772
2023-01-20,1.1466,1.17,1.18,1.13,161839
2023-01-23,1.13,1.18,1.19,1.13,207234
2023-01-24,1.17,1.15,1.18,1.15,123749
2023-01-25,1.16,1.15,1.17,1.14,105659
2023-01-26,1.15,1.15,1.1681,1.06,323453
2023-01-27,1.12,1.18,1.18,1.12,172383
2023-01-30,1.15,1.19,1.21,1.15,247568
2023-01-31,1.2,1.24,1.27,1.2,267684
2023-02-01,1.24,1.24,1.28,1.2,282480
2023-02-02,1.27,1.21,1.29,1.18,358114
2023-02-03,1.23,1.2,1.24,1.18,144251
2023-02-06,1.18,1.26,1.27,1.17,234295
2023-02-07,1.26,1.22,1.28,1.215,240487
2023-02-08,1.24,1.2,1.26,1.185,186899
2023-02-09,1.24,1.175,1.24,1.15,286083
2023-02-10,1.14,1.17,1.18,1.1201,146362
2023-02-13,1.18,1.16,1.19,1.1401,55719
2023-02-14,1.18,1.17,1.19,1.15,110657
2023-02-15,1.17,1.12,1.17,1.11,196525
2023-02-16,1.11,1.15,1.16,1.08,149563
2023-02-17,1.16,1.16,1.17,1.12,84798
2023-02-21,1.16,1.13,1.16,1.11,84612
2023-02-22,1.12,1.1,1.1373,1.09,53137
2023-02-23,1.11,1.15,1.18,1.1,239949
2023-02-24,1.17,1.12,1.17,1.1,82966
2023-02-27,1.1387,1.11,1.16,1.095,114868
2023-02-28,1.15,1.1,1.15,1.1,64392
2023-03-01,1.14,1.13,1.15,1.06,187564
2023-03-02,1.11,1.1,1.13,1.06,132648
2023-03-03,1.1279,1.0702,1.14,1.05,113758
2023-03-06,1.07,1.09,1.11,1.06,28981
2023-03-07,1.05,1.07,1.12,1.04,116510
2023-03-08,1.11,1.04,1.11,1.04,79171
2023-03-09,1.05,0.995,1.05,0.95,198975
2023-03-10,1.0,0.95,1.03,0.9211,215109
2023-03-13,0.95,0.92,1.02,0.91,233088
2023-03-14,0.92,0.9613,0.9749,0.92,127094
2023-03-15,0.93,0.925,0.97,0.9,270326
2023-03-16,0.9311,0.91,0.9399,0.85,1613411
2023-03-17,0.96,0.94,0.96,0.9026,115242
2023-03-20,0.94,0.88,0.9549,0.87,247475
2023-03-21,0.9,0.88,0.93,0.861,162482
2023-03-22,0.878,0.84,0.93,0.8293,391123
2023-03-23,0.86,0.8559,0.9,0.805,214454
2023-03-24,0.83,0.845,0.89,0.81,234994
2023-03-27,0.8647,0.8799,0.9,0.86,90261
2023-03-28,0.89,0.890001,0.92,0.8616,70105
2023-03-29,0.91995,0.9061,0.9399,0.9,42389
2023-03-30,0.92,0.921,0.9466,0.9,94172
2023-03-31,0.94,0.9575,0.973,0.93,228601
2023-04-03,0.956,0.954,0.96,0.9062,348149
2023-04-04,0.96,0.96,0.97,0.9455,44003
2023-04-05,0.97,0.93,0.97,0.9,61989
2023-04-06,0.97,0.94,0.9749,0.9295,39710
2023-04-10,0.943,0.94,0.96,0.92,17624
2023-04-11,0.95,0.925,0.975,0.9,181084
2023-04-12,0.92,0.9249,0.97,0.9,56761
2023-04-13,0.93,0.93,0.95,0.861,114163
2023-04-14,0.91,0.89,0.927984,0.86,261534
2023-04-17,0.91,0.909,0.945,0.8685,128016
2023-04-18,0.93,0.8966,0.93,0.8302,120510
2023-04-19,0.877,0.899,0.899,0.8571,163307
2023-04-20,0.88,0.88,0.899,0.86,33465
2023-04-21,0.87,0.87,0.88,0.85,174916
2023-04-24,0.87,0.85,0.8969,0.82,169268
2023-04-25,0.9,0.84,0.9,0.7702,802836
2023-04-26,0.8102,0.82,0.85,0.7901,170398
2023-04-27,0.82,0.8201,0.85,0.815,289562
2023-04-28,0.8201,0.83,0.8459,0.815,286537
2023-05-01,0.84,0.83,0.8445,0.82,164042
2023-05-02,0.825,0.8215,0.8429,0.821,41249
2023-05-03,0.8201,0.8162,0.8499,0.8157,90862
2023-05-04,0.84,0.86,0.8798,0.8279,257304
2023-05-05,0.8794,0.8875,0.9,0.85,99934
2023-05-08,0.9,0.9601,0.984927,0.9,174533
2023-05-09,0.98,1.0,1.0187,0.93,249807
2023-05-10,1.05,0.9511,1.05,0.94,353237
2023-05-11,0.951,0.953,0.9939,0.951,79527
2023-05-12,0.952,0.949,0.952,0.9201,49764
2023-05-15,0.93,0.97,0.9824,0.93,63620
2023-05-16,0.958,1.0,1.03,0.948,136921
2023-05-17,0.9957,0.98,1.05,0.965,143020
2023-05-18,0.9675,1.01,1.01,0.9501,50697
2023-05-19,1.04,1.02,1.05,0.955,152213
2023-05-22,1.05,1.08,1.12,1.03,301392
2023-05-23,1.14,1.09,1.14,1.05,167470
2023-05-24,1.08,1.055,1.08,1.04,44072
2023-05-25,1.06,1.0,1.06,0.97,109113
2023-05-26,1.035,1.01095,1.035,0.9518,81535
2023-05-30,1.03,1.0,1.0499,0.97,101882
2023-05-31,0.97,1.0,1.0396,0.9608,57866
2023-06-01,1.01,1.03,1.04,1.0,104320
2023-06-02,1.03,1.0174,1.04,0.97,35934
2023-06-05,0.99,1.0,1.02,0.9761,52008
2023-06-06,1.0,1.0,1.02,0.9802,25433
2023-06-07,0.99,0.9889,1.02,0.951,100835
2023-06-08,0.9889,0.993,1.02,0.98,42711
2023-06-09,1.0114,0.97,1.02,0.9513,64688
2023-06-12,0.975,0.951,1.0147,0.951,95962
2023-06-13,0.98,0.9705,1.01,0.9506,81967
2023-06-14,1.01,0.98,1.01,0.9611,73521
2023-06-15,1.02,0.9801,1.02,0.9801,52886
2023-06-16,0.9801,0.9801,1.005,0.9801,78417
2023-06-20,0.9996,1.01,1.02,0.9801,111158
2023-06-21,1.02,0.9801,1.02,0.9801,36511
2023-06-22,0.9828,0.9704,0.9973,0.9611,92450
2023-06-23,0.9612,0.96,1.02,0.96,60188
2023-06-26,0.97,0.97,1.02,0.96,97341
2023-06-27,0.97,0.9812,1.0,0.97,35673
2023-06-28,1.0,0.98,1.01,0.9206,62792
2023-06-29,0.965,0.9653,0.9899,0.9402,162845
2023-06-30,0.95,0.9452,0.965,0.9202,133453
2023-07-03,0.9452,0.94,0.9834,0.9254,154201
2023-07-05,0.96,0.9576,0.98,0.94,26871
2023-07-06,0.9993,0.95,0.9993,0.9307,136076
2023-07-07,0.96,0.95,0.97495,0.934701,37900
2023-07-10,0.96,0.9303,0.97235,0.9302,135233
2023-07-11,0.9589,0.95,0.9899,0.9334,59950
2023-07-12,0.97,0.9863,1.01,0.95,245969
2023-07-13,0.9896,0.9999,1.03,0.9705,132771
2023-07-14,0.99,0.99,1.0192,0.9828,51917
2023-07-17,1.02,1.0227,1.04,0.98,43942
2023-07-18,1.04,1.06,1.08,1.01,313111
2023-07-19,1.09,1.1,1.12,1.065,250097
2023-07-20,1.1,1.09,1.12,1.07,95581
2023-07-21,1.11,1.11,1.11,1.08,56332
2023-07-24,1.1,1.03,1.11,1.02,194153
2023-07-25,1.04,1.04,1.08,1.01,192401
2023-07-26,1.02,1.02,1.05,1.02,88245
2023-07-27,1.05,1.04,1.06,1.02,54589
2023-07-28,1.03,1.04,1.04,1.02,38749
2023-07-31,1.05,1.02,1.05,1.01,65435
2023-08-01,1.03,1.02,1.03,0.9711,170658
2023-08-02,1.0,0.9725,1.0,0.9707,33280
2023-08-03,0.9725,0.995,1.0,0.9725,6300
2023-08-04,1.0,0.995,1.01,0.9801,40942
2023-08-07,0.985,1.01,1.03,0.981189,64290
2023-08-08,1.0,1.0,1.0,0.981,22235
2023-08-09,1.01,0.98,1.01,0.98,84149
2023-08-10,1.03,0.9999,1.03,0.961,103020
2023-08-11,0.9804,0.99,1.01,0.95,149074
2023-08-14,0.999,0.9755,0.999,0.95,97192
2023-08-15,0.968,0.97,0.9913,0.9523,99123
2023-08-16,0.97,0.941,1.02,0.941,121196
2023-08-17,0.98,0.9195,0.98,0.9,213258
2023-08-18,0.9011,0.94125,0.950037,0.9002,22767
2023-08-21,0.921,0.949299,0.9496,0.9,29830
2023-08-22,0.9215,0.91,0.93,0.9,21300
2023-08-23,0.91,0.9201,0.96,0.91,40412
2023-08-24,0.9,0.9,0.959899,0.9,37114
2023-08-25,0.9035,0.9,0.93,0.9,9886
2023-08-28,0.9,0.89,0.92,0.8748,75589
2023-08-29,0.9,0.882,0.92,0.882,35627
2023-08-30,0.89,0.919899,0.919899,0.89,32789
2023-08-31,0.91,0.9302,0.96,0.91,123453
2023-09-01,0.93,0.95,0.96,0.91,69652
2023-09-05,0.96,0.93,0.96,0.93,34759
2023-09-06,0.9564,0.925,0.9599,0.91,32743
2023-09-07,0.92,0.8351,0.925,0.8212,262477
2023-09-08,0.84,0.865,0.87,0.83,98883
2023-09-11,0.8495,0.8495,0.8495,0.8495,200
2023-09-12,0.89,0.87,0.89,0.8502,11124
2023-09-13,0.89,0.85,0.89495,0.825,51128
2023-09-14,0.85,0.861,0.89,0.85,46793
2023-09-15,0.88,0.8875,0.9098,0.86,41752
2023-09-18,0.857,0.8899,0.89,0.857,13067
2023-09-19,0.9,0.8641,0.9,0.8521,6951
2023-09-20,0.87189,0.8977,0.92,0.87189,31462
2023-09-21,0.8899,0.9199,0.946567,0.886,36161
2023-09-22,0.894951,0.8886,0.9197,0.865,38086
2023-09-25,0.8885,0.8933,0.91,0.865,18056
2023-09-26,0.9,0.8798,0.9197,0.85,26002
2023-09-27,0.855401,0.9234,0.93,0.83655,141125
2023-09-28,0.9101,0.9012,0.9101,0.88,28062
2023-09-29,0.87,0.9099,0.9099,0.87,3871
2023-10-02,0.88,0.91,0.92,0.851,34140
2023-10-03,0.876799,0.88,0.89,0.854,29437
2023-10-04,0.86,0.86,0.88,0.835,49337
2023-10-05,0.87,0.8599,0.87,0.837,15617
2023-10-06,0.8342,0.8476,0.86,0.8342,18164
2023-10-09,0.8645,0.8398,0.865,0.8302,29644
2023-10-10,0.85,0.86,0.88999,0.8401,8283
2023-10-11,0.852,0.8404,0.87749,0.8354,34464
2023-10-12,0.86,0.8505,0.884,0.8156,95662
2023-10-13,0.87,0.904,0.904,0.822,66629
2023-10-16,0.87,0.89,0.9079,0.87,35228
2023-10-17,0.9,0.87,0.9,0.86,50668
2023-10-18,0.9,0.875,0.9005,0.875,32354
2023-10-19,0.866,0.95,1.04,0.866,76346
2023-10-20,0.98,0.9254,0.98,0.9254,77837
2023-10-23,0.9,0.89001,0.93,0.88,27655
2023-10-24,0.89,0.8881,0.907,0.85,53687
2023-10-25,0.88,0.9099,0.9198,0.8603,44338
2023-10-26,0.902,0.865,0.9199,0.83,86576
2023-10-27,0.865,0.8897,0.8979,0.852,34958
2023-10-30,0.8914,0.889,0.898,0.87,13235
2023-10-31,0.884,0.86,0.897,0.85,10120
2023-11-01,0.8677,0.84,0.8799,0.833,31460
2023-11-02,0.841,0.851,0.89,0.832,50499
2023-11-03,0.89,0.8633,0.89,0.843,66419
2023-11-06,0.88,0.898,0.898,0.841,80858
2023-11-07,0.898,0.8265,0.9199,0.8265,86701
2023-11-08,0.9099,0.8566,0.9099,0.85,9243
2023-11-09,0.8699,0.835,0.87,0.811,66707
2023-11-10,0.8735,0.8,0.8735,0.774,114944
2023-11-13,0.8,0.8,0.83,0.8,21254
2023-11-14,0.8299,0.81,0.8398,0.785,99425
2023-11-15,0.83,0.801,0.83,0.76,137140
2023-11-16,0.78,0.778,0.81,0.7402,252250
2023-11-17,0.764,0.81,0.83,0.745,106079
2023-11-20,0.8259,0.81,0.8259,0.8,44003
2023-11-21,0.781,0.805,0.8099,0.781,28293
2023-11-22,0.79,0.798,0.798,0.75,29439
2023-11-24,0.81,0.82,0.82,0.7925,21188
2023-11-27,0.82,0.8351,0.85,0.8101,151863
2023-11-28,0.8351,0.8444,0.87,0.8202,122371
2023-11-29,0.86,0.8501,0.86,0.82,124112
2023-11-30,0.8496,0.826,0.85,0.826,34937
2023-12-01,0.844651,0.821,0.85,0.81,56622
2023-12-04,0.82,0.83,0.8498,0.8101,80223
2023-12-05,0.8448,0.845,0.845,0.8111,83162
2023-12-06,0.8395,0.84,0.849,0.82,90861
2023-12-07,0.822,0.8925,0.93,0.814,634902
2023-12-08,0.91,0.94,0.9752,0.89,278609
2023-12-11,0.9537,0.9135,0.9537,0.81,165177
2023-12-12,0.8701,0.9,0.93,0.87,73896
2023-12-13,0.88,0.9639,0.9677,0.8796,276138
2023-12-14,0.86,0.86,0.9136,0.8454,795929
2023-12-15,0.8498,0.87,0.8769,0.835,121670
2023-12-18,0.8586,0.854051,0.868,0.83,185845
2023-12-19,0.85,0.841,0.86,0.825,235792
2023-12-20,0.85,0.83,0.859,0.825,146288
2023-12-21,0.82,0.8304,0.8499,0.8086,147528
2023-12-22,0.8201,0.8203,0.8495,0.81,234035
2023-12-26,0.79,0.8275,0.8448,0.79,175081
2023-12-27,0.8022,0.8634,0.87,0.8022,163387
2023-12-28,0.8634,0.87,0.8822,0.85,193412
2023-12-29,0.88,0.889,0.89,0.85875,458633
2024-01-02,0.88,0.872,0.89,0.8611,222219
2024-01-03,0.87,0.8505,0.8799,0.8502,171440
2024-01-04,0.87,0.85,0.88,0.85,110380
2024-01-05,0.88,0.84,0.88,0.84,151468
2024-01-08,0.8417,0.8801,0.89,0.8417,271349
2024-01-09,0.8801,0.9399,0.97,0.8801,774468
2024-01-10,0.93,0.94,0.95,0.89,248190
2024-01-11,0.94,0.9083,0.94,0.881,157873
2024-01-12,0.9003,0.886,0.9003,0.8821,129526
2024-01-16,0.9033,0.8808,0.9033,0.8505,77442
2024-01-17,0.899451,0.8512,0.911,0.8447,142330
2024-01-18,0.8482,0.8263,0.8799,0.8206,194805
2024-01-19,0.8,0.8227,0.8529,0.8,52286
2024-01-22,0.8244,0.8352,0.86,0.82,138578
2024-01-23,0.84,0.9,0.9187,0.84,525117
2024-01-24,0.9008,0.908,0.929,0.89,142099
2024-01-25,0.89,0.961,0.9745,0.89,1398041
2024-01-26,0.96,0.96,0.979901,0.92,356190
2024-01-29,0.9548,0.9501,0.96,0.9,460605
2024-01-30,0.9625,0.89,0.9625,0.8889,508142
2024-01-31,0.8827,0.93,0.94,0.85,1763746
2024-02-01,0.93,1.0,1.04,0.91,1307032
2024-02-02,1.01,0.984,1.03,0.9622,187417
2024-02-05,0.95,0.98,1.09,0.95,878423
2024-02-06,0.9801,0.9177,1.01,0.895,1243169
2024-02-07,0.92,0.92,0.95,0.9,408033
2024-02-08,0.91,0.94,0.949999,0.88,567490
2024-02-09,0.9418,0.94,0.9598,0.875,1844180
2024-02-12,0.94,0.9564,0.97,0.9301,633669
2024-02-13,0.9304,0.95,0.99,0.9101,463296
2024-02-14,0.9714,0.9749,0.989,0.9311,282501
2024-02-15,0.97,0.9598,0.98,0.935,779104
2024-02-16,0.96,1.06,1.078,0.9404,2659772
2024-02-20,1.09,1.08,1.14,1.022,3115017
2024-02-21,1.11,1.23,1.25,1.11,2907078
2024-02-22,1.26,1.36,1.43,1.16,5613476
2024-02-23,1.35,1.36,1.42,1.26,1968174
2024-02-26,1.4,1.36,1.43,1.3,1644802
2024-02-27,1.38,1.49,1.5473,1.362,2125781
2024-02-28,1.56,1.57,1.58,1.4,1172846
2024-02-29,1.6,1.32,1.76,1.25,2377431
2024-03-01,1.34,1.36,1.42,1.31,549598
2024-03-04,1.37,1.48,1.52,1.36,450012
2024-03-05,1.47,1.3,1.47,1.26,493578
2024-03-06,1.27,1.24,1.29,1.17,471633
2024-03-07,1.28,1.22,1.28,1.18,463311
2024-03-08,1.24,1.23,1.2799,1.2112,149199
2024-03-11,1.27,1.23,1.27,1.2,230078
2024-03-12,1.2,1.23,1.27,1.171,207316
2024-03-13,1.24,1.22,1.24,1.17,186764
2024-03-14,1.22,1.11,1.22,1.08,246435
2024-03-15,1.11,1.1,1.14,1.0501,353012
2024-03-18,1.14,1.1,1.14,1.07,361941
2024-03-19,1.07,1.19,1.19,1.07,322124
2024-03-20,1.19,1.29,1.29,1.12,408188
2024-03-21,1.27,1.27,1.32,1.25,110136
2024-03-22,1.31,1.28,1.32,1.2,212141
2024-03-25,1.29,1.23,1.2938,1.18,137003
2024-03-26,1.21,1.24,1.29,1.18,134194
2024-03-27,1.23,1.19,1.25,1.16,372425
2024-03-28,1.22,1.25,1.29,1.19,282880
2024-04-01,1.27,1.25,1.27,1.19,483651
2024-04-02,1.23,1.19,1.23,1.15,114082
2024-04-03,1.17,1.2,1.2,1.1301,82561
2024-04-04,0.9802,0.9029,0.9899,0.85,2287105
2024-04-05,0.8906,0.841,0.9,0.8306,523775
2024-04-08,0.852,0.8305,0.859,0.8122,481032
2024-04-09,0.825,0.835,0.864,0.8111,184121
2024-04-10,0.841,0.8196,0.841,0.812,290983
2024-04-11,0.8229,0.85,0.8634,0.81,367421
2024-04-12,0.845,0.85,0.86,0.838,164189
2024-04-15,0.838,0.8226,0.8599,0.82,250946
2024-04-16,0.8202,0.8022,0.849,0.802,129966
2024-04-17,0.8135,0.8145,0.8298,0.79,184532
2024-04-18,0.8244,0.8,0.83,0.79,187697
2024-04-19,0.82,0.7829,0.83,0.7808,202172
2024-04-22,0.791,0.79,0.8199,0.76,429298
2024-04-23,0.7901,0.7811,0.8332,0.7725,111844
2024-04-24,0.7742,0.7838,0.809,0.7633,119428
2024-04-25,0.7977,0.7744,0.8,0.74,269377
2024-04-26,0.761,0.76,0.7992,0.74,382132
2024-04-29,0.7555,0.76,0.7794,0.748,364419
2024-04-30,0.75,0.75,0.78,0.7455,118993
2024-05-01,0.7537,0.7818,0.7897,0.7499,101881
2024-05-02,0.79,0.78,0.809,0.76,163349
2024-05-03,0.8,0.8037,0.8478,0.79,186701
2024-05-06,0.804,0.8298,0.84,0.79,195875
2024-05-07,0.84,0.826,0.84,0.8065,67649
2024-05-08,0.83,0.9189,0.93,0.821,572722
2024-05-09,0.8713,0.9186,0.9296,0.870001,88041
2024-05-10,0.92,0.9401,0.9703,0.9,205541
2024-05-13,0.938,0.8898,0.938,0.8836,71920
2024-05-14,0.8986,0.92,0.929,0.8986,61012
2024-05-15,0.9077,0.92,0.9298,0.8908,14152
2024-05-16,0.9,0.9151,0.9399,0.882201,38551
2024-05-17,0.9271,0.9478,0.959999,0.9026,117878
2024-05-20,0.92,0.93,0.96,0.9101,162433
2024-05-21,0.93,0.9438,0.9438,0.8905,46235
2024-05-22,0.9,0.9,0.9438,0.88,273091
2024-05-23,0.9016,0.8963,0.92,0.8753,162130
2024-05-24,0.9,0.91,0.91,0.8704,82028
2024-05-28,0.876,0.92,0.92,0.876,232952
2024-05-29,0.9001,0.9001,0.92,0.9001,59397
2024-05-30,0.9062,0.9397,0.9397,0.9005,30197
2024-05-31,0.9397,0.92,0.94,0.9,11300
2024-06-03,0.9,0.9,0.9469,0.894949,48125
2024-06-04,0.92005,0.9,0.9397,0.8816,37283
2024-06-05,0.9,0.9396,0.9399,0.882001,26184
2024-06-06,0.883501,0.9001,0.92,0.883501,28063
2024-06-07,0.8947,0.902,0.9398,0.8805,44809
2024-06-10,0.896,0.885,0.9,0.88,9469
2024-06-11,0.8845,0.8975,0.90235,0.88,96188
2024-06-12,0.9,0.907525,0.9223,0.9,36765
2024-06-13,0.90755,0.907,0.9076,0.9031,12722
2024-06-14,0.89,0.902,0.902,0.88,22018
2024-06-17,0.88,0.902,0.902,0.88,67896
2024-06-18,0.88,0.89495,0.91,0.88,65861
2024-06-20,0.88,0.85185,0.8825,0.85,177752
2024-06-21,0.8434,0.854,0.9069,0.82,26272
2024-06-24,0.82,0.8559,0.9,0.82,49152
2024-06-25,0.8956,0.8681,0.8997,0.8201,66372
2024-06-26,0.8211,0.843,0.887,0.8211,46673
2024-06-27,0.8201,0.81,0.837,0.7967,50108
2024-06-28,0.81141,0.815,0.8387,0.794,86008
2024-07-01,0.805,0.802,0.8337,0.8005,14231
2024-07-02,0.809,0.8337,0.8337,0.802,45061
2024-07-03,0.8333,0.81025,0.8333,0.8005,33827
2024-07-05,0.811,0.8328,0.8333,0.8,40616
2024-07-08,0.82,0.822,0.839,0.82,27539
2024-07-09,0.821,0.8039,0.8299,0.8039,34455
2024-07-10,0.805,0.84,0.84,0.805,46145
2024-07-11,0.84,0.8395,0.84,0.8109,36677
2024-07-12,0.8394,0.863,0.9094,0.81,84494
2024-07-15,0.8402,0.8389,0.8598,0.8289,27875
2024-07-16,0.85056,0.8579,0.8799,0.8153,51956
2024-07-17,0.8298,0.8589,0.8713,0.8201,11111
2024-07-18,0.87,0.8414,0.87,0.8265,14796
2024-07-19,0.848,0.8352,0.848,0.83,17453
2024-07-22,0.84,0.82,0.848,0.82,11393
2024-07-23,0.83,0.8281,0.84,0.8001,74455
2024-07-24,0.83,0.811,0.8399,0.8002,30645
2024-07-25,0.80795,0.838,0.8398,0.80795,13072
2024-07-26,0.8301,0.828899,0.8301,0.8001,30504
2024-07-29,0.7869,0.81,0.8165,0.7869,39554
2024-07-30,0.8201,0.8001,0.8299,0.8001,12667
2024-07-31,0.83,0.829,0.83,0.785948,60873
2024-08-01,0.792,0.8024,0.83,0.783469,27861
2024-08-02,0.81,0.787413,0.8248,0.787413,12283
2024-08-05,0.76,0.7701,0.7999,0.76,37324
2024-08-06,0.789999,0.7793,0.8,0.770201,12113
2024-08-07,0.8,0.765,0.8,0.765,30729
2024-08-08,0.7775,0.78,0.7999,0.765,26784
2024-08-09,0.780101,0.7716,0.79,0.7411,112211
2024-08-12,0.8085,0.7716,0.8085,0.7616,35805
2024-08-13,0.7618,0.7736,0.78,0.7405,48433
2024-08-14,0.7474,0.7609,0.7872,0.7422,12445
2024-08-15,0.75,0.74,0.759799,0.7399,77049
2024-08-16,0.735451,0.73,0.756,0.72,122984
2024-08-19,0.75,0.7359,0.75,0.73,67555
2024-08-20,0.7301,0.737,0.756,0.725051,22634
2024-08-21,0.75032,0.749,0.76,0.72,59329
2024-08-22,0.7413,0.74,0.7776,0.74,11272
2024-08-23,0.74,0.7415,0.7549,0.731,29971
2024-08-26,0.7665,0.7524,0.7665,0.733,4328
2024-08-27,0.752378,0.7524,0.7756,0.74,8922
2024-08-28,0.7517,0.7171,0.7598,0.63,92666
2024-08-29,0.74,0.7364,0.75,0.719091,22502
2024-08-30,0.73,0.72,0.739,0.71,13350
2024-09-03,0.749,0.70915,0.7499,0.7091,21089
2024-09-04,0.7061,0.705049,0.7128,0.7,108901
2024-09-05,0.71,0.7108,0.72,0.7079,21612
2024-09-06,0.719,0.7199,0.7199,0.6801,103079
2024-09-09,0.719,0.72,0.735,0.7,62322
2024-09-10,0.728,0.715,0.728,0.706,6647
2024-09-11,0.7051,0.7001,0.7094,0.69,54205
2024-09-12,0.71,0.71,0.72,0.701,18300
2024-09-13,0.72,0.7228,0.7228,0.7101,18954
2024-09-16,0.7302,0.706,0.7302,0.7056,20060
2024-09-17,0.712,0.708,0.722,0.706,57573
2024-09-18,0.708,0.71,0.72,0.69,145323
2024-09-19,0.9823,0.94,1.08,0.91,33884208
2024-09-20,0.996,1.04,1.06,0.951,1964101
2024-09-23,1.01,0.9756,1.04,0.97,661231
2024-09-24,1.0,0.95,1.01,0.9423,212409
2024-09-25,0.95,0.9551,0.965,0.92,309541
2024-09-26,0.96,0.9821,1.0,0.95,310042
2024-09-27,0.9901,1.015,1.03,0.9901,110073
2024-09-30,1.0,1.02,1.03,0.97,149188
2024-10-01,1.03,1.0,1.03,0.9605,176289
2024-10-02,0.98805,0.9903,1.0,0.96681,77132
2024-10-03,0.975,1.02,1.02,0.975,89604
2024-10-04,1.02,1.0262,1.05,0.9801,171730
2024-10-07,0.98,1.01,1.03,0.98,52975
2024-10-08,1.0,1.02,1.02,0.981,132291
2024-10-09,1.02,1.0,1.02,0.9861,53945
2024-10-10,1.0,0.977,1.0,0.9734,96499
2024-10-11,0.99,0.9887,0.9938,0.95,299320
2024-10-14,0.9682,0.985,0.9919,0.968,61250
2024-10-15,0.9525,0.985,0.9948,0.9525,53189
2024-10-16,0.9525,0.99,0.9984,0.9525,30060
2024-10-17,0.99,0.99,0.9989,0.961,31296
2024-10-18,0.9993,1.0,1.0,0.9672,45746
2024-10-21,1.005,0.992,1.01,0.974,51863
2024-10-22,1.0,0.9949,1.0,0.94,275351
2024-10-23,0.972,0.9999,1.0,0.972,48156
2024-10-24,0.9872,0.9802,1.0,0.961,29512
2024-10-25,0.99,0.98,0.99,0.96,40567
2024-10-28,1.0,0.99,1.0,0.9626,51910
2024-10-29,0.965,0.9951,0.998,0.965,58918
2024-10-30,0.985,1.02,1.02,0.9753,112299
2024-10-31,1.0,1.0,1.01,0.982,78943
2024-11-01,1.01,1.02,1.03,1.0,144403
2024-11-04,1.0,1.025,1.03,0.99,60941
2024-11-05,1.01,1.035,1.05,1.0,106831
2024-11-06,1.04,1.045,1.06,1.01,142556
2024-11-07,1.05,1.045,1.07,1.03,100999
2024-11-08,1.03,1.05,1.05,1.03,34923
2024-11-11,1.04,1.04,1.045,1.01,150096
2024-11-12,1.02,1.01,1.02,0.995,65854
2024-11-13,1.01,1.02,1.02,0.9901,10969
2024-11-14,1.05,1.07,1.12,1.05,965315
2024-11-15,1.05,1.05,1.08,1.02,320842
2024-11-18,1.04,1.05,1.06,1.03,117262
2024-11-19,1.03,1.05,1.05,1.01,146634
2024-11-20,1.04,1.07,1.07,1.02,83976
2024-11-21,1.0505,1.07,1.08,1.05,96520
2024-11-22,1.05,1.06,1.0788,1.01,413373
2024-11-25,1.07,1.07,1.08,1.03,97238
2024-11-26,1.08,1.0715,1.08,1.04,44726
2024-11-27,1.05,1.07,1.08,1.0449,98715
2024-11-29,1.07,1.075,1.08,1.05,22605
2024-12-02,1.07,1.07,1.08,1.06,47143
2024-12-03,1.08,1.07,1.08,1.05,38206
2024-12-04,1.07,1.065,1.07,1.04,144679
2024-12-05,1.0564,1.04,1.06,1.03,49257
2024-12-06,1.02,1.04,1.0401,1.02,62995
2024-12-09,1.0214,1.05,1.06,0.995,132466
2024-12-10,1.06,1.05,1.06,1.0222,56446
2024-12-11,1.03,1.02,1.04,0.9999,91950
2024-12-12,1.02,0.99,1.02,0.98,207902
2024-12-13,1.0,0.9899,1.0,0.9651,207251
2024-12-16,0.99,0.9869,1.0098,0.981,177003
2024-12-17,0.985,0.967,0.9897,0.965,64712
2024-12-18,0.97,0.965,0.98,0.93,115202
2024-12-19,0.94,0.98,0.989,0.922,370463
2024-12-20,0.99,0.9811,0.99,0.9601,123015
2024-12-23,0.99,0.9812,0.99,0.9701,29193
2024-12-24,0.9855,1.14,1.1645,0.9601,2245246
2024-12-26,1.18,1.15,1.18,1.12,281130
2024-12-27,1.165,1.13,1.165,1.11,111558
2024-12-30,1.12,1.18,1.19,1.11,407810
2024-12-31,1.18,1.14,1.186,1.1317,85219
2025-01-02,1.16,1.1401,1.17,1.12,85650
2025-01-03,1.16,1.1597,1.18,1.11,198087
2025-01-06,1.16,1.16,1.17,1.15,138702
2025-01-07,1.16,1.19,1.2,1.16,226622
2025-01-08,1.2,1.19,1.2,1.16,254745
2025-01-10,1.19,1.185,1.2,1.15,279108
2025-01-13,1.18,1.16,1.18,1.13,183526
2025-01-14,1.16,1.17,1.17,1.13,51967
2025-01-15,1.17,1.16,1.17,1.13,33901
2025-01-16,1.14,1.15,1.1695,1.12,64025
2025-01-17,1.14,1.14,1.1599,1.14,47243
2025-01-21,1.13,1.15,1.16,1.1206,75469
2025-01-22,1.15,1.15,1.1506,1.1207,126644
2025-01-23,1.14,1.1434,1.155,1.12,72841
2025-01-24,1.14,1.155,1.16,1.12,112334
2025-01-27,1.14,1.14,1.15,1.12,98594
2025-01-28,1.16,1.135,1.16,1.1,99770
2025-01-29,1.15,1.13,1.15,1.105,71295
2025-01-30,1.14,1.12,1.14,1.105,63351
2025-01-31,1.12,1.13,1.14,1.112,233892
2025-02-03,1.11,1.12,1.13,1.095,73261
2025-02-04,1.37,1.36,1.41,1.35,9743561
2025-02-05,1.38,1.39,1.4,1.35,5624594
2025-02-06,1.38,1.39,1.39,1.375,2420224
2025-02-07,1.39,1.38,1.39,1.375,1423424
2025-02-10,1.38,1.39,1.39,1.37,1211920
2025-02-11,1.37,1.38,1.39,1.37,9328289
2025-02-12,1.38,1.38,1.39,1.37,1725594
2025-02-13,1.38,1.39,1.39,1.37,874081
2025-02-14,1.39,1.38,1.39,1.37,2963594
2025-02-18,1.37,1.39,1.39,1.37,462423
2025-02-19,1.38,1.39,1.39,1.38,500199
2025-02-20,1.39,1.39,1.39,1.38,402647
2025-02-21,1.38,1.38,1.39,1.38,948003
2025-02-24,1.39,1.38,1.39,1.38,165553
2025-02-25,1.39,1.37,1.39,1.37,414812
2025-02-26,1.38,1.38,1.39,1.37,2982408
2025-02-27,1.39,1.39,1.39,1.38,248008
2025-02-28,1.36,1.38,1.39,1.36,5770511
2025-03-03,1.38,1.38,1.39,1.3601,4816049
2025-03-04,1.38,1.37,1.39,1.36,4486098
2025-03-05,1.38,1.39,1.39,1.37,3057926
2025-03-06,1.39,1.39,1.39,1.38,600185
2025-03-07,1.37,1.39,1.39,1.37,953710
2025-03-10,1.39,1.385,1.39,1.38,602728
2025-03-11,1.38,1.39,1.39,1.38,291084
2025-03-12,1.39,1.39,1.405,1.38,636556
2025-03-13,1.38,1.42,1.42,1.38,4311523
2025-03-14,1.42,1.43,1.44,1.4,235930
2025-03-17,1.43,1.44,1.47,1.4149,322061
2025-03-18,1.44,1.49,1.51,1.4238,775027
2025-03-19,1.49,1.47,1.51,1.4434,967330
2025-03-20,1.48,1.48,1.5,1.445,1204122
