2022-04-22,15544.0,14579.2,17634.4,11577.6,318
2022-04-25,13775.2,13668.0,17527.2,12649.6,551
2022-04-26,12060.0,13132.0,13721.6,11470.4,174
2022-04-27,11524.0,12542.4,21708.0,11256.0,2960
2022-04-28,12113.6,11631.736,14740.0,11577.6,356
2022-04-29,10934.4,11095.2,12542.4,9701.6,175
2022-05-02,10773.6,9755.2,11952.8,9701.6,118
2022-05-03,9755.2,9219.2,10988.0,8790.4,122
2022-05-04,10880.8,12596.0,13453.6,10344.8,5973
2022-05-05,11631.2,11363.2,12294.768,10720.0,223
2022-05-06,11041.6,10773.6,12971.2,10773.6,237
2022-05-09,10291.2,10291.2,10748.944,9540.8,48
2022-05-10,9916.0,9380.0,10344.8,8576.0,80
2022-05-11,9219.2,7932.8,9862.4,7879.2,82
2022-05-12,7772.0,7182.4,7879.2,6753.6,28
2022-05-13,6753.6,7825.6,8308.0,6753.6,28
2022-05-16,7718.4,7396.8,7932.8,7312.112,8
2022-05-17,7289.6,7557.6,7772.0,7128.8,15
2022-05-18,7236.0,8040.0,8147.2,7236.0,18
2022-05-19,8308.0,9380.0,9380.0,7825.6,51
2022-05-20,8844.0,9540.8,10666.4,8844.0,25
2022-05-23,9594.4,8793.616,10344.8,8629.6,9
2022-05-24,8951.2,7396.8,9406.8,7236.0,24
2022-05-25,7128.8,8093.6,8147.2,7018.92,10
2022-05-26,7557.6,7450.4,8040.0,7236.0,14
2022-05-27,7557.6,6700.0,7751.632,6190.8,20
2022-05-31,6485.6,6753.6,6807.2,6485.6,6
2022-06-01,7182.4,6834.0,7289.6,6671.592,14
2022-06-02,6485.6,6539.2,7396.8,6271.2,19
2022-06-03,6432.0,5751.816,6539.2,5735.2,15
2022-06-06,5574.4,5574.4,5759.32,5276.92,11
2022-06-07,5413.6,5467.2,5896.0,5306.4,12
2022-06-08,5303.184,5628.0,5713.224,5303.184,9
2022-06-09,5593.16,5467.2,5788.8,5467.2,9
2022-06-10,5735.2,5386.8,5735.2,5258.16,14
2022-06-13,4931.2,5559.928,5681.6,4716.8,18
2022-06-14,5413.6,5628.0,5628.0,5044.296,10
2022-06-15,5467.2,5842.4,6645.864,5150.96,103
2022-06-16,5264.592,5358.392,5815.6,5209.92,18
2022-06-17,5360.0,4716.8,5574.4,4716.8,11
2022-06-21,4921.552,4363.576,5056.624,4194.2,16
2022-06-22,5306.4,4472.92,5896.0,4341.6,52
2022-06-23,4502.4,4745.744,5011.064,4502.4,15
2022-06-24,4716.8,4824.0,5142.92,4716.8,5
2022-06-27,4949.96,4732.88,4953.176,4663.2536,2
2022-06-28,5065.2,4716.264,5065.2,4502.4,6
2022-06-29,5011.6,4615.496,5011.6,4556.0,3
2022-06-30,4395.2,4896.36,5520.8,4288.0,88
2022-07-01,4931.2,4931.2,4983.728,4609.6,7
2022-07-05,5092.0,4746.28,5092.0,4569.936,19
2022-07-06,4700.72,4716.8,4976.76,4586.552,8
2022-07-07,4838.472,4550.64,4889.928,4413.96,33
2022-07-08,4609.6,4545.816,4650.872,4458.448,8
2022-07-11,4662.6586,4406.456,4715.728,4372.688,6
2022-07-12,4567.256,5413.6,5788.264,4413.424,369
2022-07-13,4984.8,4931.2,5223.32,4609.6,93
2022-07-14,4931.2,4789.16,4931.2,4586.0214,21
2022-07-15,4681.424,4604.24,4716.8054,4198.488,36
2022-07-18,4502.4,4664.8026,4770.4,4401.096,4
2022-07-19,4770.4,4636.936,4965.504,4537.24,32
2022-07-20,4582.8,4502.4,4716.8,4448.8,10
2022-07-21,4415.032,4502.4,4556.0,4415.032,10
2022-07-22,4556.0,4502.4,4770.4,4296.04,9
2022-07-25,4502.4,4585.48,4612.816,4351.248,9
2022-07-26,4556.0,4512.048,4663.2,4502.4,13
2022-07-27,4610.136,4824.0,4914.048,4609.6,22
2022-07-28,4679.28,5085.568,5413.6,4663.736,60
2022-07-29,4932.808,5199.2,5628.0,4824.536,59
2022-08-01,5360.0,5118.264,5467.2,4931.2,52
2022-08-02,5628.0,6968.0,8522.4,5628.0,911
2022-08-03,6753.6,6003.2,8950.664,5574.4,313
2022-08-04,6003.2,5949.6,6646.4,5413.6,124
2022-08-05,5735.2,5788.8,6056.8,5306.4,92
2022-08-08,5681.6,6164.0,6539.2,5467.2,121
2022-08-09,6271.2,5842.4,6271.2,5735.2,32
2022-08-10,6056.8,5359.464,6164.0,5092.0,45
2022-08-11,5199.736,4883.496,5467.2,4664.272,41
2022-08-12,4877.6,4834.7254,5092.0,4678.2134,10
2022-08-15,4908.152,4947.28,5038.4,4690.0,6
2022-08-16,4904.4,4782.192,5065.2,4611.208,22
2022-08-17,4715.192,4727.52,4899.04,4611.744,7
2022-08-18,4840.08,5735.2,9487.2,4732.88,1125
2022-08-19,5467.2,5285.496,5574.4,5140.24,43
2022-08-22,5520.264,6485.6,9112.0,5239.4,922
2022-08-23,5949.6,6700.0,8361.6,5601.2,364
2022-08-24,6592.8,6753.6,8200.264,6485.6,188
2022-08-25,6753.6,6673.2,6968.0,6110.4,52
2022-08-26,6485.6,5681.6,6592.264,5467.2,69
2022-08-29,5735.2,5788.8,6325.336,5574.4,27
2022-08-30,6056.8,5520.8,6056.8,5413.6,19
2022-08-31,5520.8,5949.6,5949.6,5413.6,27
2022-09-01,5735.2,5681.6,5949.6,5523.48,30
2022-09-02,5820.424,6324.8,6646.4,5735.2,25
2022-09-06,6539.2,6164.0,6592.8,5949.6,16
2022-09-07,6056.8,6164.0,6432.0,5735.2,9
2022-09-08,6217.6,6271.2,6271.2,5788.8,7
2022-09-09,6432.0,6592.8,6968.0,5896.0,45
2022-09-12,6378.4,7289.6,7557.6,6378.4,39
2022-09-13,7075.2,6646.4,7236.0,6271.2,15
2022-09-14,6913.864,6592.8,7289.6,6538.664,20
2022-09-15,6592.8,6164.0,6592.8,5949.6,18
2022-09-16,6003.2,6003.2,6270.664,5949.6,8
2022-09-19,5949.6,5467.2,6324.8,5413.6,11
2022-09-20,5413.6,5413.6,5681.6,5360.0,11
2022-09-21,5365.36,5541.704,5681.6,5252.8,4
2022-09-22,5360.0,5234.04,5467.2,5092.0,10
2022-09-23,5092.0,4855.088,5842.4,4416.104,28
2022-09-26,4854.5466,4448.8,4854.552,4395.2,10
2022-09-27,4395.2,4423.608,4614.424,4395.2,2
2022-09-28,4395.2,4501.328,4727.52,4395.2,7
2022-09-29,4502.4,4397.344,4660.52,4333.56,6
2022-09-30,4556.0,4170.08,4609.6,4170.08,10
2022-10-03,4664.272,4583.336,4990.16,4127.2,74
2022-10-04,4368.9414,4434.328,4556.0,4234.4,21
2022-10-05,4518.48,4428.968,4633.72,4422.0,6
2022-10-06,4556.0,4288.0,4559.484,4288.0,9
2022-10-07,4154.0,4717.336,4931.2,4154.0,34
2022-10-10,5096.824,5128.984,5134.344,4824.0,6
2022-10-11,5360.0,5126.84,5360.0,4824.0,10
2022-10-12,5047.512,5360.0,5842.4,4904.4,7
2022-10-13,5038.4,5306.4,5360.0,5038.4,7
2022-10-14,5312.296,4889.392,5312.296,4887.784,4
2022-10-17,5038.4,4314.264,5095.752,4314.264,8
2022-10-18,4522.232,4598.344,4823.464,4395.2,8
2022-10-19,4271.92,4293.36,4609.6,4212.96,7
2022-10-20,4288.0,4367.328,4555.464,4180.8,4
2022-10-21,4556.0,4423.608,4556.0,4393.056,1
2022-10-24,4395.2,4360.36,4556.0,4234.4,3
2022-10-25,4360.36,4751.0986,4751.0986,4360.36,18
2022-10-26,4818.64,5360.0,5440.4,4556.5414,13
2022-10-27,5467.2,5092.0,5467.2,5092.0,6
2022-10-28,5576.008,5413.6,5576.008,5092.0,9
2022-10-31,5520.8,5735.2,6008.56,5215.28,7
2022-11-01,6110.4,5735.2,6110.4,5467.2,5
2022-11-02,5419.496,5654.8,6003.2,5419.496,11
2022-11-03,5788.8,5520.8,5788.8,5520.8,2
2022-11-04,5842.4,5092.0,5842.4,4824.0,3
2022-11-07,5520.8,5038.4,5520.8,5038.4,0
2022-11-08,4984.8,5252.8,5252.8,4958.0,2
2022-11-09,4984.8,5252.8,5252.8,4907.616,2
2022-11-10,5081.816,5360.0,5520.264,4910.296,2
2022-11-11,4288.0,5306.4,5306.4,4288.0,0
2022-11-14,5360.0,5145.6,5520.8,4522.768,7
2022-11-15,5360.0,5294.608,5360.0,4641.76,2
2022-11-16,5092.0,4822.928,5092.0,4669.096,1
2022-11-17,4931.2,4288.0,4931.2,4236.544,13
2022-11-18,4159.36,4395.736,4713.584,4047.872,5
2022-11-21,5011.6,4556.0,5360.0,4395.2,12
2022-11-22,4552.784,4503.472,5091.464,4373.76,3
2022-11-23,4556.0,4395.2,4556.0,4067.168,7
2022-11-25,4395.2,4395.2,4395.2,4234.4,0
2022-11-28,4234.4,4100.4,4341.6,4100.4,3
2022-11-29,4207.6,4277.816,4288.0,4022.68,4
2022-11-30,4133.1014,4129.344,4210.28,4127.2,4
2022-12-01,4288.0,4502.4,4783.8,4253.16,11
2022-12-02,4562.968,4716.8,4716.8,4288.0,1
2022-12-05,4558.6746,4475.6,4558.6746,4395.2,0
2022-12-06,4395.2,3375.192,4397.612,3003.208,18
2022-12-07,3698.4,3269.6,3698.4,3216.0,4
2022-12-08,3323.736,3267.992,3537.0586,3242.532,1
2022-12-09,3532.24,3832.4,3966.4,3322.6586,16
2022-12-12,4020.0,3271.744,4020.0,3216.0,11
2022-12-13,3537.6,3805.6,3805.6,3269.6,1
2022-12-14,3162.4,3055.736,3843.656,3005.352,6
2022-12-15,2840.8,3139.888,3216.0,2840.8,8
2022-12-16,3379.48,3269.064,3403.6,3009.104,7
2022-12-19,3216.0,2842.944,3269.6,2842.408,10
2022-12-20,2948.0,2304.8,2948.0,2197.6,17
2022-12-21,2626.4,2412.0,2626.4,2304.8,3
2022-12-22,2412.0,2199.744,2412.0,2199.744,3
2022-12-23,2251.2,2572.8,2948.0,2251.2,9
2022-12-27,2519.2,2090.936,2519.2,2036.8,13
2022-12-28,2144.0,2252.272,2415.752,2144.0,8
2022-12-29,2304.8,2948.0,3082.0,2197.6,20
2022-12-30,3810.424,3108.8,3810.424,2840.8,13
2023-01-03,3323.2,3055.2,3429.864,2948.0,1
2023-01-04,2948.0,2719.128,3122.8593,2680.536,2
2023-01-05,2251.2,2815.3346,3212.784,2251.2,5
2023-01-06,3224.576,3108.8,3224.576,2572.8,1
2023-01-09,3108.264,2680.0,3162.4,2412.0,6
2023-01-10,2680.0,2733.6,2974.8,2680.0,6
2023-01-11,2680.0,3162.4,4555.464,2572.8,103
2023-01-12,2948.536,3269.5946,3401.992,2948.536,6
2023-01-13,3449.696,2948.0,3449.696,2948.0,6
2023-01-17,3001.6,3184.9174,3341.96,3001.6,3
2023-01-18,3184.912,3376.264,3403.6,3162.4,1
2023-01-19,3108.8,3308.728,3376.8,3108.8,4
2023-01-20,3216.0,3360.72,3376.8,2968.904,3
2023-01-23,3376.8,3335.528,3376.8,2948.0,1
2023-01-24,3376.8,3216.0,3644.8,3140.96,7
2023-01-25,3002.1414,3609.96,3752.0,3002.1414,1
2023-01-26,3752.536,3939.5464,4233.864,3270.136,13
2023-01-27,3934.24,3725.736,3985.6906,3659.272,3
2023-01-30,3698.4,3482.392,3963.184,3216.0,3
2023-01-31,3484.0,3478.104,3726.272,3216.0,2
2023-02-01,3430.4,3927.808,4501.8586,3269.6,12
2023-02-02,3920.5774,4020.0,4400.56,3805.6,5
2023-02-03,3805.6,3216.0,4180.8,3216.0,5
2023-02-06,3857.592,4288.0,4539.92,3376.8054,22
2023-02-07,4288.0,4446.12,4448.8,4020.0,8
2023-02-08,4648.728,4447.46,4648.728,4020.536,2
2023-02-09,4288.0,4234.4,4288.0,4127.2,1
2023-02-10,3859.2,4193.128,4234.4,3755.752,3
2023-02-13,4127.2,4328.736,5252.8,3537.6,31
2023-02-14,4304.616,4274.6,4609.6,4180.8054,6
2023-02-15,4180.8,4016.248,4180.8,3760.3884,3
2023-02-16,3923.52,3887.072,3923.52,3644.8,4
2023-02-17,3805.6,3971.76,4663.2,3537.6,19
2023-02-21,3939.6,4127.2,4341.6,3752.0054,3
2023-02-22,4127.2,4020.0,4334.096,3752.0,2
2023-02-23,4288.0,3939.6,4331.416,3752.0,1
2023-02-24,3899.936,3780.408,3899.936,3485.608,1
2023-02-27,4288.0,3899.4,4288.0,3899.4,3
2023-02-28,3532.776,3907.976,4018.124,3532.24,4
2023-03-01,3644.8,3591.2,3907.4346,3570.3014,0
2023-03-02,3645.3414,3897.256,3965.864,3645.336,3
2023-03-03,3785.768,3835.08,3945.496,3569.76,8
2023-03-06,3673.744,3859.2,3912.8,3645.8774,1
2023-03-07,3859.2,3761.648,3859.2,3668.384,0
2023-03-08,3636.7707,3698.4,3882.248,3591.736,2
2023-03-09,3591.736,3644.8,3869.92,3484.0,4
2023-03-10,3832.4,3542.96,3832.4,3537.6,1
2023-03-13,3591.2,3671.6,3805.6,3484.536,2
2023-03-14,3644.8,3484.0,3805.6,3484.0,3
2023-03-15,3537.6,3591.2,3714.48,3537.6,0
2023-03-16,3805.6,3683.392,3805.6,3644.8,2
2023-03-17,4180.8,4288.0,5145.6,3966.132,16
2023-03-20,4019.464,4083.248,4424.68,3591.736,4
2023-03-21,4127.7414,4422.0,4643.368,4127.7414,2
2023-03-22,4395.2,4383.944,4422.0,4020.536,1
2023-03-23,4181.872,4417.176,4422.0,4020.0,3
2023-03-24,4417.176,4448.8,4448.8,4289.608,2
2023-03-27,4244.584,4247.8,4261.2,4127.2,1
2023-03-28,4020.0,4020.0,4020.0,3752.0,3
2023-03-29,4020.536,3912.8,4196.88,3752.0,4
2023-03-30,4108.44,3698.4,4108.44,3698.4,1
2023-03-31,3698.9414,3484.0,4062.88,3484.0,1
2023-04-03,3484.0,3216.536,3512.944,3216.0,1
2023-04-04,3216.0,3484.0,3644.8,2948.0,9
2023-04-05,3976.584,3789.52,3976.584,3789.52,0
2023-04-06,3484.0,3537.6,3537.6,3484.0,0
2023-04-10,3484.0,4245.12,4287.464,3484.0,9
2023-04-11,4226.896,4230.4175,4244.048,3859.2,3
2023-04-12,4220.464,4152.928,4221.0,3859.736,3
2023-04-13,3859.2,4255.84,4288.0,3859.2,1
2023-04-14,4288.0,4286.928,4288.0,3859.7414,3
2023-04-17,4286.928,4286.928,4286.928,4286.928,0
2023-04-18,3986.768,4233.8586,4234.4,3859.2,1
2023-04-19,3995.88,4035.544,4314.8,3698.4,2
2023-04-20,3869.3786,4223.144,4233.8586,3606.208,15
2023-04-21,3644.8,3965.864,4020.0,3591.2,1
2023-04-24,6860.8,6860.8,12703.2,6056.8,14534
2023-04-25,6324.8,4818.64,6432.0,4663.2,433
2023-04-26,4073.6,4465.952,4609.6,3805.6,173
2023-04-27,4341.6,4048.408,4394.664,3763.792,41
2023-04-28,3591.2,3393.952,3751.464,3323.2,46
2023-05-01,3216.0,3752.0,3912.8,3162.4,31
2023-05-02,3805.6,3533.848,3805.6,3376.8536,25
2023-05-03,3537.6,4556.0,4556.0,3537.6,70
2023-05-04,4395.2,4073.6,4395.2,4020.536,17
2023-05-05,4216.176,4127.736,4341.6,3805.6,6
2023-05-08,3912.8,3859.736,4046.8,3859.2,6
2023-05-09,3932.632,4020.0,4126.6586,3538.136,9
2023-05-10,3914.408,3966.936,4180.8,3912.8,6
2023-05-11,3859.2,4020.0,4115.9386,3806.1414,3
2023-05-12,4073.6,3827.576,4098.792,3827.04,6
2023-05-15,3805.6,3966.4,4100.4,3805.6,4
2023-05-16,3993.2,3698.936,3993.2,3698.936,4
2023-05-17,3752.0,3872.6,3872.6,3752.0,6
2023-05-18,3789.52,3695.72,3989.984,3537.6,9
2023-05-19,3669.992,3750.392,3750.928,3537.6,4
2023-05-22,3591.2,3618.0,3752.0,3537.6054,14
2023-05-23,3583.16,3259.416,3605.672,3158.112,26
2023-05-24,3307.12,3242.8,3389.664,3218.144,5
2023-05-25,3323.2,3376.8,3644.8,3162.4,4
2023-05-26,3430.4,3162.4,3484.0,3162.4,4
2023-05-30,7986.4,5628.0,8147.2,4931.2,7640
2023-05-31,4766.112,5283.888,5735.2,4663.2,268
2023-06-01,4931.2,5520.8,5735.2,4770.4,60
2023-06-02,5092.0,5467.2,5949.6,5092.0,51
2023-06-05,5735.2,5628.0,5735.2,5413.6,12
2023-06-06,5467.2,5628.0,6003.2,5467.2,21
2023-06-07,5467.2,5574.4,5773.792,5360.0,9
2023-06-08,7664.8,6860.8,8576.0,6164.0,5697
2023-06-09,6378.4,6700.0,7182.4,6217.6,219
2023-06-12,6432.0,7075.2,7343.2,6378.4,83
2023-06-13,7236.0,6753.6,7236.0,6700.0,28
2023-06-14,6914.4,6914.4,7236.0,6442.72,37
2023-06-15,6860.8,6539.2,6968.0,6324.8,14
2023-06-16,6807.2,5413.6,6807.2,5413.6,48
2023-06-20,5788.8,5574.4,6056.8,5360.0,41
2023-06-21,5413.6,5413.6,5574.4,5199.736,16
2023-06-22,5413.6,5301.04,5573.864,5038.4,11
2023-06-23,5164.36,4985.872,5258.696,4824.0,8
2023-06-26,4824.0,4663.2,5574.4,4663.2,30
2023-06-27,4576.904,4180.8,4596.3233,4180.8,16
2023-06-28,3912.8,3671.064,4180.264,3671.064,14
2023-06-29,3724.932,3698.4,4154.0,3678.032,12
2023-06-30,4020.0,3698.4,4020.0,3698.4,9
2023-07-03,3966.4,3788.448,3966.4,3698.4,2
2023-07-05,4020.0,3835.08,4020.0,3819.5414,13
2023-07-06,3918.16,3912.8,4019.464,3805.6,5
2023-07-07,3966.4,3698.4,4020.0,3698.4,5
2023-07-10,3752.0,3805.6,3966.4,3752.0,2
2023-07-11,3859.2,3714.48,4180.8,3698.4,12
2023-07-12,3698.4,3591.2,3840.1666,3591.2,11
2023-07-13,3709.12,3484.0,3804.528,3430.4,8
2023-07-14,3591.736,3432.544,3751.4586,3430.936,4
2023-07-17,3592.808,3537.6,3751.464,3484.0,6
2023-07-18,3537.6,3483.464,3643.192,3376.8,8
2023-07-19,3382.16,3481.856,3751.464,3376.8,13
2023-07-20,3643.728,3478.64,3644.264,3430.936,2
2023-07-21,3479.176,3403.6,3479.176,3378.408,3
2023-07-24,3269.6,3322.9266,3484.0,2950.68,20
2023-07-25,3323.2,3162.936,3323.2,3006.96,15
2023-07-26,3162.4,3162.936,3189.2,3055.2,5
2023-07-27,3055.2,3055.736,3216.0,3045.016,12
2023-07-28,3012.32,3135.6,3216.0,3012.32,3
2023-07-31,2950.68,3055.2,3108.8,2803.087,7
2023-08-01,3853.84,3232.08,3853.84,3093.256,16
2023-08-02,3317.84,3269.064,3430.4,2948.0,13
2023-08-03,3210.64,3216.0,3376.8,3162.4,4
2023-08-04,3274.96,3215.464,3322.1226,3114.16,7
2023-08-07,3108.8,3001.6,3214.928,2948.0,8
2023-08-08,3001.6,3135.6,3151.68,3001.6,5
2023-08-09,3055.736,3135.064,3135.064,3001.6,1
2023-08-10,3130.24,2948.0,3131.8426,2948.0,4
2023-08-11,2948.0,3001.064,3055.2,2787.2,6
2023-08-14,3001.6,2840.8,3001.6,2522.952,8
2023-08-15,2964.08,2814.0,2964.08,2626.4,2
2023-08-16,2626.936,2589.416,2787.2,2412.0,16
2023-08-17,2680.0,2541.176,2733.6,2465.6054,3
2023-08-18,2465.6,2497.76,2588.8318,2465.6,1
2023-08-21,2535.28,2519.2,2680.0,2465.6,2
2023-08-22,2515.984,2572.8,2572.8,2465.6,2
2023-08-23,2680.0,2463.992,2680.0,2412.0,2
2023-08-24,2470.96,2465.6,2470.96,2412.0,2
2023-08-25,2571.728,2411.464,2572.264,2204.568,0
2023-08-28,2460.24,2412.0,2460.24,2222.256,3
2023-08-29,2331.6,2282.288,2331.6,2217.0354,1
2023-08-30,2304.8,2521.88,2733.0586,2304.8,5
2023-08-31,2546.0,2733.6,2733.6,2475.248,1
2023-09-01,2599.5946,2586.2,2680.0,2519.736,3
2023-09-05,2680.0,2492.4,2680.0,2272.64,4
2023-09-06,2375.552,2572.264,2572.8,2260.848,4
2023-09-07,2412.0,2463.456,2519.2,2412.0,1
2023-09-08,2353.04,2251.736,2412.0,2251.2,2
2023-09-11,2251.2,2251.2,2304.8,2194.92,5
2023-09-12,2036.8,2197.6,2246.376,1935.496,10
2023-09-13,2251.2,2144.536,2458.096,2144.0,3
2023-09-14,2144.0,2304.8,2444.696,2144.0,3
2023-09-15,2160.08,2680.0,2680.0,2160.08,37
2023-09-18,2680.0,2357.864,2680.0,2194.92,46
2023-09-19,2391.632,2337.496,2412.0,2303.728,35
2023-09-20,2224.4,2304.8,2460.24,2224.4,4
2023-09-21,2304.8,2144.536,2390.56,2144.536,5
2023-09-22,2144.0,1983.2,2208.32,1933.3574,5
2023-09-25,2197.6,1877.072,2245.84,1716.272,11
2023-09-26,1983.2,1928.528,2250.664,1928.528,4
2023-09-27,1876.0,1828.296,1977.304,1412.896,48
2023-09-28,1983.2,1745.216,1983.2,1662.136,7
2023-09-29,1664.9554,1744.68,1822.4,1664.9554,0
2023-10-02,1876.0,2196.5226,2412.0,1870.64,19
2023-10-03,2234.584,2035.728,2620.504,1983.2,7
2023-10-04,2144.0,2353.04,2468.816,2144.0,6
2023-10-05,2358.4,2288.72,2610.32,2144.0,9
2023-10-06,2144.0,2144.0,2304.8,2144.0,1
2023-10-09,2144.0,2145.608,2256.56,2144.0,1
2023-10-10,2144.0,2052.8854,2251.2,2052.8854,10
2023-10-11,2036.8,2144.0,2144.0,2036.8,7
2023-10-12,2122.56,2696.616,2776.48,1993.384,18
2023-10-13,2700.368,2864.9254,2880.464,2358.4,3
2023-10-16,2760.936,2722.88,2889.04,2626.4,3
2023-10-17,2680.0,3064.312,3316.768,2680.0,21
2023-10-18,2950.0475,2943.712,3028.4,2943.712,3
2023-10-19,3055.2,3049.304,3216.0,2894.4,3
2023-10-20,3055.2,3028.4,3204.744,2680.0,8
2023-10-23,2733.6,1929.6,2889.04,1768.8,348
2023-10-24,2021.792,1725.92,2021.792,1710.912,46
2023-10-25,1772.016,2465.6,2626.4,1769.336,257
2023-10-26,2197.6,1977.84,2273.176,1929.6,42
2023-10-27,1918.344,1742.536,2045.912,1742.536,13
2023-10-30,1738.248,1763.976,1859.384,1738.248,6
2023-10-31,1768.8,1795.6,1876.536,1618.72,26
2023-11-01,1825.08,1671.784,1825.08,1608.0,18
2023-11-02,1626.224,1650.88,1768.264,1516.88,3
2023-11-03,1715.2,1781.128,1815.968,1608.0,5
2023-11-06,1716.272,1822.4,1878.144,1715.2,7
2023-11-07,1825.616,1742.0,1849.2,1657.312,1
2023-11-08,1822.4,1876.0,1876.0,1715.2,5
2023-11-09,1902.8,1876.0,1902.8,1695.904,0
2023-11-10,1897.44,1821.864,1897.44,1564.2088,0
2023-11-13,1768.264,1795.6,1902.8,1662.136,7
2023-11-14,1795.6,1821.864,1821.864,1608.0,1
2023-11-15,1876.0,1688.936,1876.0,1665.352,1
2023-11-16,1822.4,1876.0,1876.0,1650.88,686
2023-11-17,1583.88,1474.0,1744.68,1447.736,110
2023-11-20,1608.0,1425.76,1608.0,1393.064,24
2023-11-21,1463.28,1594.6,1768.8,1345.3654,75
2023-11-22,1554.4,1447.2,1554.4,1447.2,5
2023-11-24,1519.56,1447.2,1661.6,1447.2,3
2023-11-27,1640.16,1447.2,1640.16,1396.816,21
2023-11-28,1398.96,1447.2,1514.736,1393.6,9
2023-11-29,1404.856,1404.32,1581.2,1404.32,9
2023-11-30,1474.0,1447.2,1500.8,1359.832,13
2023-12-01,1474.0,1447.2,1474.0,1394.136,7
2023-12-04,1409.144,1404.856,1474.0,1404.32,3
2023-12-05,1474.0,1340.0,1474.0,1291.76,11
2023-12-06,1384.488,1313.2,1409.68,1286.4,20
2023-12-07,1298.728,1232.8,1315.88,1232.8,11
2023-12-08,1305.696,1179.2,1305.696,1131.496,5
2023-12-11,1206.0,1334.64,1340.0,1179.2,33
2023-12-12,1338.392,1230.12,1338.392,1126.136,29
2023-12-13,1286.4,1255.848,1286.4,1165.264,9
2023-12-14,1309.448,1179.2,1328.744,1126.14136,6
2023-12-15,1215.112,1129.352,1313.19464,1125.6,14
2023-12-18,1179.2,1283.72,1286.4,1141.68,14
2023-12-19,1316.952,1554.4,1683.5921,1256.384,1579
2023-12-20,2410.928,1870.64,2478.464,1608.0,9730
2023-12-21,1472.928,1415.04,1645.52,1210.288,608
2023-12-22,1259.6,1391.456,1447.2,1232.8,203
2023-12-26,1286.4,1185.096,1377.52,1133.64,186
2023-12-27,1173.84,1190.992,1227.44,1173.84,102
2023-12-28,1162.584,1179.736,1216.71464,970.696,275
2023-12-29,1179.2,1072.0,1179.2,1042.52,145
2024-01-02,1072.0,1111.65864,1206.536,1072.0,164
2024-01-03,1090.224,1120.24,1218.864,1008.752,1575
2024-01-04,1497.45,1035.15,1638.15,924.6,4649
2024-01-05,951.4,1025.1,1453.9,921.25,11813
2024-01-08,2200.95,1206.0,2261.25,1078.7,77142
2024-01-09,1222.75,1169.15,1256.25,1055.25,2847
2024-01-10,1085.4,1236.15,1323.25,1075.35,1944
2024-01-11,1185.9,1172.5,1269.4155,1139.0,522
2024-01-12,1115.55,1051.9,1172.5,1008.35,1579
2024-01-16,1065.3,1058.6,1236.1165,1021.75,724
2024-01-17,1061.95,1118.9,1199.3,1015.05,524
2024-01-18,1082.05,1041.85,1142.35,1041.85,640
2024-01-19,1028.45,941.35,1088.7165,938.0,376
2024-01-22,921.25,874.35,974.8165,871.0,320
2024-01-23,760.45,720.25,817.4,713.55,398
2024-01-24,723.6,716.9,793.7825,707.0175,159
2024-01-25,703.5,624.775,737.0,613.05,254
2024-01-26,1055.25,951.4,1289.75,901.15,100590
2024-01-29,834.15,837.5,927.95,740.35,4220
2024-01-30,777.2,814.05,1072.0,760.45,5272
2024-01-31,887.75,804.0,887.75,757.1,773
2024-02-01,793.95,817.4,830.7665,790.6,366
2024-02-02,773.85,797.3,837.4665,754.219,645
2024-02-05,767.15,770.5,787.2165,737.0,1046
2024-02-06,753.75,676.7,770.4665,643.2,914
2024-02-07,646.55,639.85,676.7,603.0,644
2024-02-08,670.0,643.2,676.7,616.4,298
2024-02-09,663.3,619.75,663.3,603.0,295
2024-02-12,619.75,636.5,663.2665,613.05,244
2024-02-13,649.9,619.75,661.625,603.0,267
2024-02-14,609.7,603.0,626.45,589.6,174
2024-02-15,616.4,586.25,616.4,569.5,175
2024-02-16,572.85,579.55,606.3165,569.5,188
2024-02-20,576.2,559.45,592.95,559.45,106
2024-02-21,562.8,519.25,579.55,502.5,286
2024-02-22,522.6,408.7,539.35,385.2835,1564
2024-02-23,402.0,303.175,408.7,291.45,1853
2024-02-26,107.8365,119.4945,120.6,89.378,34655
2024-02-27,118.8915,117.92,123.9165,105.525,7383
2024-02-28,123.3135,122.744,129.8125,114.1345,4171
2024-02-29,125.826,133.4305,146.4285,125.826,6264
2024-03-01,130.65,132.325,137.35,123.95,2391
2024-03-04,138.5895,145.792,164.15,134.201,7700
2024-03-05,138.3885,125.625,140.7,111.287,4648
2024-03-06,120.6,120.935,123.9165,117.2835,1415
2024-03-07,123.95,112.7945,124.62,109.746,1902
2024-03-08,114.57,113.397165,117.25,111.153,950
2024-03-11,113.9,123.615,127.3,113.3975,1824
2024-03-12,121.605,115.0055,123.883,112.225,1218
2024-03-13,116.915,120.265,125.625,113.9,1663
2024-03-14,116.647,117.1495,120.265,114.132155,1160
2024-03-15,119.0255,134.0,154.1,112.56,37698
2024-03-18,126.7975,114.9385,133.9665,113.9,7111
2024-03-19,113.9,120.935,123.95,107.2,2483
2024-03-20,116.6135,122.5765,124.285,111.1195,1473
2024-03-21,124.687,120.868,125.625,119.595,813
2024-03-22,119.7625,117.8865,123.615,113.23,1692
2024-03-25,116.513,114.4025,120.667,112.4595,812
2024-03-26,111.5885,108.674,116.915,107.535,711
2024-03-27,109.411,109.0425,111.89,103.85,810
2024-03-28,110.215,110.3825,116.915,105.525,1013
2024-04-01,112.225,137.35,142.04,106.102875,10257
2024-04-02,117.25,112.225,117.25,107.2,1647
2024-04-03,108.875,108.171165,113.5315,107.2,496
2024-04-04,107.2,107.2,111.6555,104.252,823
2024-04-05,110.215,108.406,116.14115,103.85,843
2024-04-08,110.55,104.7545,110.55,104.5535,768
2024-04-09,109.88,102.845,110.1145,100.835,653
2024-04-10,103.18,102.845,106.195,100.634,491
2024-04-11,102.8785,103.8835,108.0375,100.5,609
2024-04-12,103.9505,104.195385,107.869665,103.9505,542
2024-04-15,106.9655,102.5435,106.9655,100.5,577
2024-04-16,100.5,97.1165,100.5,94.5035,381
2024-04-17,96.3125,99.4615,99.729165,93.8,414
2024-04-18,96.145,99.4615,99.6625,94.135,157
2024-04-19,99.16,100.3325,100.5,97.485,69
2024-04-22,97.686,92.125,100.5,90.651,430
2024-04-23,97.82,94.403,97.82,92.125,138
2024-04-24,91.79,96.48,96.949,90.651,152
2024-04-25,97.15,131.5545,231.15,97.15,344975
2024-04-26,108.942,112.895,121.7725,107.2,10952
2024-04-29,110.5835,99.83,120.6,94.9725,8577
2024-04-30,100.5335,100.5335,106.463,98.825,1751
2024-05-01,98.9925,98.289,103.783,93.8,2309
2024-05-02,98.289,94.738,100.5,94.135,1305
2024-05-03,100.5,97.8535,100.5,95.3075,1017
2024-05-06,97.15,95.609,100.064165,94.135,773
2024-05-07,94.9725,95.5085,100.2655,93.8,807
2024-05-08,96.815,102.108,105.056,95.877,2037
2024-05-09,99.16,100.433,102.108,97.1835,359
2024-05-10,101.6725,92.661,102.175,90.651,1165
2024-05-13,93.8,95.2405,96.145,92.661,589
2024-05-14,93.9675,96.145,96.9825,92.125,1012
2024-05-15,90.651,93.13,95.3745,90.651,1375
2024-05-16,93.8,109.88,118.925,93.0295,4151
2024-05-17,108.7745,108.7075,117.2165,103.85,2023
2024-05-20,104.788,108.8415,109.21,104.788,1090
2024-05-21,107.6355,103.85,107.6355,100.5,652
2024-05-22,103.0795,111.89,117.048665,102.175,2949
2024-05-23,112.4595,108.54,115.035315,104.118,1148
2024-05-24,107.2,104.6875,110.5165,104.185,846
2024-05-28,104.721,108.808,115.575,100.5335,2170
2024-05-29,105.5585,101.505,112.225,100.5,1785
2024-05-30,105.19,104.185,108.473,99.227,1625
2024-05-31,102.376,100.5,103.783,98.825,3267
2024-06-03,107.2,105.525,123.95,97.15,12420
2024-06-04,98.825,103.515,105.525,98.49,1495
2024-06-05,100.3995,98.3225,107.2,95.475,3128
2024-06-06,97.15,103.18,103.582,96.6475,1540
2024-06-07,100.098,99.3275,103.582,96.3125,945
2024-06-10,97.619,98.3225,101.2705,95.475,503
2024-06-11,97.82,100.5,103.4815,97.217,939
2024-06-12,101.505,101.237,102.1415,98.155,375
2024-06-13,100.232,97.887,101.17,97.1165,331
2024-06-14,98.825,100.4665,103.649,97.485,409
2024-06-17,98.5905,98.825,100.4665,96.279,375
2024-06-18,100.4665,98.825,101.371,96.346,711
2024-06-20,100.5,96.3125,100.5,95.475,693
2024-06-21,96.815,94.5705,100.5,94.5705,693
2024-06-24,95.475,95.475,97.15,94.5035,498
2024-06-25,89.7465,97.15,100.5,89.7465,12100
2024-06-26,99.0595,103.314,106.4965,92.2255,4913
2024-06-27,103.448,100.165,103.4815,95.5755,1051
2024-06-28,97.15,95.7765,102.041,94.5705,824
2024-07-01,95.743,97.485,98.624,95.475,207
2024-07-02,95.81,97.485,100.0645,95.6425,363
2024-07-03,97.485,98.356,98.8585,95.676,157
2024-07-05,96.145,97.3845,99.6625,95.81,194
2024-07-08,96.5135,98.825,100.0645,96.48,359
2024-07-09,100.5,100.5,102.175,96.7815,2036
2024-07-10,103.18,101.7395,103.2135,99.16,740
2024-07-11,101.572,104.6875,107.066,98.6575,574
2024-07-12,104.721,100.165,107.2,97.485,399
2024-07-15,100.1315,97.954,100.165,95.609,315
2024-07-16,97.9205,100.835,101.2705,97.15,441
2024-07-17,96.48,98.624,100.5,96.48,912
2024-07-18,98.5905,97.351,100.1985,95.9105,372
2024-07-19,98.155,97.15,100.4665,95.9105,433
2024-07-22,97.15,102.376,115.8765,97.15,5235
2024-07-23,99.495,109.076,113.5315,97.5185,4265
2024-07-24,104.185,102.242,110.5165,101.237,1622
2024-07-25,101.505,102.51,105.592,101.505,250
2024-07-26,104.4195,108.5065,110.4495,101.505,704
2024-07-29,111.0525,107.2335,113.163,107.2,652
2024-07-30,109.478,104.721,109.478,100.5,461
2024-07-31,106.195,105.5585,109.410665,103.8835,201
2024-08-01,105.525,103.515,107.0325,100.2655,244
2024-08-02,100.5335,97.15,103.85,97.15,347
2024-08-05,95.5085,94.001,96.9155,87.4685,629
2024-08-06,96.815,95.475,97.083,93.8,341
2024-08-07,97.15,94.2355,97.15,92.1585,372
2024-08-08,91.455,94.6375,97.1165,90.45,361
2024-08-09,97.15,94.0345,97.15,91.12,174
2024-08-12,93.465,93.532,95.81,86.229,1167
2024-08-13,84.085,77.653,90.383,70.7185,3911
2024-08-14,77.05,69.68,82.075,67.9715,3795
2024-08-15,69.345,76.983,79.462,69.345,809
2024-08-16,77.05,74.437,77.05,72.025,442
2024-08-19,77.05,81.4385,83.7165,74.37,1132
2024-08-20,80.4,77.787,83.415,77.05,366
2024-08-21,77.0165,77.31465,80.3665,70.685,16903
2024-08-22,75.8775,76.6815,77.0165,75.375,1394
2024-08-23,77.05,80.4,87.1,75.375,1644
2024-08-26,79.73,82.745,83.75,77.0835,545
2024-08-27,83.75,80.2995,83.75,77.117,341
2024-08-28,78.792,76.648,85.425,70.35,1745
2024-08-29,76.715,72.6615,78.0885,70.886,2073
2024-08-30,73.5325,70.149,74.437,68.675,744
2024-09-03,68.0385,63.1475,70.082,61.573,1809
2024-09-04,65.66,64.4875,69.9413,63.6835,560
2024-09-05,61.573,60.3,66.665,60.2665,3794
2024-09-06,60.97,61.4725,65.3585,58.6585,3259
2024-09-09,61.0035,59.8645,63.2815,58.9265,865
2024-09-10,61.975,56.9165,61.975,54.27,9240
2024-09-11,58.29,56.615,58.625,53.5665,1209
2024-09-12,56.3135,65.325,65.325,53.6,5548
2024-09-13,63.65,63.65,65.1575,60.4005,1311
2024-09-16,68.005,61.4725,68.005,57.3855,1591
2024-09-17,62.444,61.2715,63.65,60.3,571
2024-09-18,62.98,58.96,62.98,57.955,305
2024-09-19,59.027,61.975,63.2815,58.759,536
2024-09-20,62.645,59.295,63.248,59.295,646
2024-09-23,59.8645,58.9935,60.099,58.625,307
2024-09-24,57.955,59.295,60.3,57.955,296
2024-09-25,63.315,59.295,63.583,58.9935,727
2024-09-26,58.692,58.6585,61.975,58.6585,326
2024-09-27,61.975,58.893,61.975,58.6585,340
2024-09-30,63.65,61.439,63.65,60.3,954
2024-10-01,62.645,59.7975,62.9465,58.625,742
2024-10-02,60.635,58.6585,60.635,58.625,168
2024-10-03,59.295,57.955,59.295,57.4525,315
2024-10-04,58.5915,57.553,59.563,57.553,216
2024-10-07,57.352,58.96,60.2665,57.352,225
2024-10-08,59.965,59.1945,61.6065,58.7925,308
2024-10-09,59.228,58.491,59.5965,57.955,91
2024-10-10,59.2213,61.305,61.305,57.285,531
2024-10-11,60.836,59.027,60.903,57.6535,336
2024-10-14,56.95,58.3235,59.1275,56.95,420
2024-10-15,58.558,56.3805,58.5915,55.8445,494
2024-10-16,55.5765,56.95,56.95,55.5765,443
2024-10-17,57.285,57.0505,59.4625,55.811,622
2024-10-18,60.3,59.63,60.3,57.62,337
2024-10-21,60.3,65.325,67.0,60.3,1722
2024-10-22,65.2245,76.8825,79.8975,64.99,13788
2024-10-23,75.241,63.248,75.241,61.975,8762
2024-10-24,63.65,72.226,72.5275,62.042,3734
2024-10-25,72.025,61.8745,73.1975,61.104,1529
2024-10-28,61.8745,64.99,64.99,60.3335,1292
2024-10-29,64.655,66.665,68.6415,62.377,1053
2024-10-30,68.675,66.2965,68.675,61.3385,543
2024-10-31,66.2965,61.6735,66.2965,59.295,1058
2024-11-01,61.305,62.0085,63.65,60.3,679
2024-11-04,64.0185,61.506,66.598,59.429,859
2024-11-05,59.6635,61.439,63.583,59.6635,450
2024-11-06,64.32,65.66,69.5125,61.0035,2569
2024-11-07,65.66,61.7405,66.665,60.8025,2632
2024-11-08,63.8845,63.315,64.789,59.4625,546
2024-11-11,63.65,61.6735,63.65,58.96,635
2024-11-12,63.315,60.97,63.65,59.295,493
2024-11-13,58.625,58.29,60.97,56.95,917
2024-11-14,57.285,56.9165,58.1895,54.6385,759
2024-11-15,53.6,54.7055,58.424,53.6,683
2024-11-18,55.275,58.5245,61.4055,54.7055,997
2024-11-19,56.7825,59.1275,59.161,55.3085,1159
2024-11-20,58.625,59.094,60.233,56.3135,401
2024-11-21,58.625,59.9315,60.19615,57.285,247
2024-11-22,58.625,58.893,60.7355,58.625,375
2024-11-25,60.97,59.1275,60.97,59.0605,270
2024-11-26,59.1945,60.702,62.31,59.1945,791
2024-11-27,61.1375,59.362,62.1425,59.362,751
2024-11-29,58.29,60.3,61.5395,57.62,434
2024-12-02,60.3335,60.3,61.975,59.362,455
2024-12-03,60.3,59.965,60.3,58.633375,451
2024-12-04,60.3,60.1995,62.2765,56.95,1366
2024-12-05,58.625,56.3805,60.3,55.275,1241
2024-12-06,56.95,54.94,57.084,54.605,526
2024-12-09,60.3,58.29,60.3,55.5095,626
2024-12-10,57.285,60.3,68.34,57.1175,21610
2024-12-11,53.265,40.803,53.265,40.2,14817
2024-12-12,42.545,38.19,43.5165,36.8165,4279
2024-12-13,38.525,35.175,39.53,34.3375,3519
2024-12-16,36.85,34.6725,36.85,33.5,1767
2024-12-17,33.634,37.6875,38.19,33.634,2551
2024-12-18,36.85,37.721,39.195,36.1465,4036
2024-12-19,39.6975,38.391,39.6975,36.85,1330
2024-12-20,33.5,41.8415,45.225,33.5,6476
2024-12-23,43.215,42.411,45.158,40.5685,2011
2024-12-24,43.885,42.88,43.885,40.2,1027
2024-12-26,43.1815,47.5365,47.838,41.205,4174
2024-12-27,50.4175,47.436,50.4175,44.9235,3212
2024-12-30,47.905,48.508,48.575,43.081,3044
2024-12-31,50.2165,48.24,51.925,43.952,4674
2025-01-02,48.7425,47.57,50.1495,43.952,3359
2025-01-03,49.58,99.964,129.6115,46.9335,912805
2025-01-06,75.375,57.017,79.864,56.28,104734
2025-01-07,53.935,53.198,60.1325,50.719,42036
2025-01-08,52.863,46.364,52.863,45.1245,18997
2025-01-10,45.0575,39.2955,45.9955,38.525,17036
2025-01-13,39.463,36.582,39.463,35.577,12130
2025-01-14,36.448,32.093,36.448,31.9255,15221
2025-01-15,15.4435,14.2375,15.4435,11.055,503335
2025-01-16,16.1135,15.075,18.023,14.2375,808887
2025-01-17,15.6445,14.1705,16.214,13.735,287931
2025-01-21,14.0365,14.2375,15.075,12.73,338787
2025-01-22,15.075,13.9025,15.41,13.601,249254
2025-01-23,13.4,14.472,15.209,13.065,270343
2025-01-24,23.517,18.3915,25.661,17.889,2439668
2025-01-27,14.74,12.797,14.74,12.73,351234
2025-01-28,11.4235,10.6195,11.524,9.4135,207969
2025-01-29,10.72,9.2125,10.72,9.2125,150849
2025-01-30,8.25,8.4,20.84,7.5,3319789
2025-01-31,7.81,7.1,8.44,6.27,706329
2025-02-03,7.0,6.65,7.84,6.55,280631
2025-02-04,7.94,6.82,8.77,6.75,6900775
2025-02-05,6.8,6.51,7.64,6.1,652692
2025-02-06,6.55,6.27,6.98,6.24,326214
2025-02-07,6.16,5.36,6.4,4.6801,418019
2025-02-10,5.07,4.67,5.1902,4.5106,270629
2025-02-11,4.77,4.19,5.04,4.09,2104451
2025-02-12,4.21,4.68,5.34,3.86,707346
2025-02-13,4.32,4.73,4.88,4.26,196426
2025-02-14,4.76,4.5,4.76,4.28,113263
2025-02-18,4.5,4.52,4.58,4.2607,131329
2025-02-19,4.6,4.51,4.6897,4.3668,92171
2025-02-20,4.87,5.27,5.7499,4.65,555824
2025-02-21,5.06,5.11,5.3904,4.65,219629
2025-02-24,5.0,4.66,5.05,4.6152,125460
2025-02-25,4.37,3.23,4.71,3.0601,417531
2025-02-26,3.2,3.3,3.53,3.03,294376
2025-02-27,3.31,2.63,3.455,2.4333,509628
2025-02-28,2.63,3.35,5.5,2.585,12441155
2025-03-03,7.21,7.6,8.5,4.94,90515240
2025-03-04,6.4,5.75,7.5,5.571,5897873
2025-03-05,5.52,7.0,8.31,5.52,5614595
2025-03-06,2.12,1.6,2.26,1.05,51525673
2025-03-07,1.75,1.38,1.79,1.29,23441019
2025-03-10,1.32,1.19,1.38,1.18,4341155
2025-03-11,1.19,0.94,1.22,0.9007,5696941
2025-03-12,0.93,0.8149,0.9398,0.7971,3902026
2025-03-13,0.7471,0.685,0.77,0.6466,3633931
2025-03-14,0.684,0.772,0.94,0.6103,13930881
2025-03-17,0.993,0.874,1.15,0.86,58166921
2025-03-18,0.9025,0.784,0.9227,0.75,6024832
2025-03-19,0.7735,0.7563,0.7876,0.7,2825614
2025-03-20,0.75,0.8,0.8,0.73,1746774
2025-03-21,0.779,0.75,0.779,0.734,1605349
