2023-12-26,57.5,52.5,62.75,42.0,50173
2023-12-27,50.25,44.5,50.25,42.0,20497
2023-12-28,40.0,37.5,44.2475,36.25,21727
2023-12-29,35.0,37.5,38.5,35.0,9013
2024-01-02,37.0,35.0,37.375,33.75,9587
2024-01-03,34.25,34.75,35.7475,32.0,5493
2024-01-04,34.75,32.75,34.75,31.25,8081
2024-01-05,33.0,31.75,34.5,30.75,9121
2024-01-08,30.75,32.25,33.75,30.75,11074
2024-01-09,33.5,33.0,35.25,30.5,103107
2024-01-10,31.25,31.5,32.25,30.0,7459
2024-01-11,31.75,30.75,31.75,30.5,4670
2024-01-12,31.25,30.86,31.25,30.25,3021
2024-01-16,30.5,30.75,30.75,29.0,3427
2024-01-17,29.75,29.125,30.25,27.5225,5235
2024-01-18,28.25,28.75,29.5,28.25,2979
2024-01-19,28.625,25.75,28.75,25.25,6022
2024-01-22,26.25,25.5,26.625,25.0,2531
2024-01-23,25.25,25.25,26.0,24.25,2629
2024-01-24,24.89,24.5375,25.5,24.525,2832
2024-01-25,24.75,24.75,25.7125,24.5,1654
2024-01-26,24.75,25.5,25.5,24.75,1999
2024-01-29,25.75,25.5,25.75,24.75,1240
2024-01-30,26.75,25.5,26.75,24.5,1506
2024-01-31,24.76,25.75,26.385,24.76,2088
2024-02-01,26.5,25.25,26.5,24.5,1207
2024-02-02,25.25,24.505,25.25,24.3725,2892
2024-02-05,24.75,24.275,25.9175,24.055,1675
2024-02-06,23.74875,23.75,24.3125,23.0,2115
2024-02-07,23.5,23.7525,24.25,23.5,701
2024-02-08,23.5,24.29,24.29,23.4975,1489
2024-02-09,24.25,24.485,24.5,23.5,583
2024-02-12,24.75,22.125,24.75,21.73,3324
2024-02-13,22.5,21.825,23.92475,21.5,2357
2024-02-14,21.85,18.7475,22.5,17.8775,8387
2024-02-15,17.5,15.5,18.5,15.025,10412
2024-02-16,15.4525,15.0,15.94,14.3025,5576
2024-02-20,15.48,12.5,15.48,12.0675,15743
2024-02-21,12.5,8.5775,12.635,8.0,82880
2024-02-22,8.675,7.5,8.735,7.25,33630
2024-02-23,7.98,10.775,11.2375,7.65,100519
2024-02-26,10.5,10.61,11.225,9.85,37923
2024-02-27,10.6125,8.7525,10.6125,8.75,24022
2024-02-28,8.7775,8.875,10.495,7.815,15724
2024-02-29,9.0,8.625,9.0,8.25,9223
2024-03-01,9.0125,9.495,9.625,9.0,10780
2024-03-04,9.5,9.225,9.625,9.0025,14050
2024-03-05,9.6975,10.375,10.7475,9.0,27897
2024-03-06,10.075,11.175,11.2225,10.075,10294
2024-03-07,10.3,10.25,11.175,10.25,2803
2024-03-08,10.425,10.5,11.125,10.0625,8718
2024-03-11,10.875,10.825,11.2375,10.26,22309
2024-03-12,12.05,12.03,19.5825,11.3325,740862
2024-03-13,12.25,11.9,13.395,11.2775,61596
2024-03-14,11.25,11.675,12.565,10.0025,37139
2024-03-15,11.25,14.6,15.0,11.25,45142
2024-03-18,15.25,12.275,15.25,11.9975,11485
2024-03-19,11.875,12.955,14.0,11.0,9334
2024-03-20,12.945,12.1175,13.075,11.9975,2727
2024-03-21,12.225,11.7625,12.75,11.035,6522
2024-03-22,11.96,11.0025,12.2325,11.0025,4282
2024-03-25,11.175,10.125,11.95,9.5,6836
2024-03-26,10.15,10.4675,10.5,9.6975,2991
2024-03-27,10.15,10.2375,10.5,9.7975,5119
2024-03-28,10.025,10.7,10.8625,10.025,4378
2024-04-01,10.45,10.45,11.225,10.445,5081
2024-04-02,10.1375,10.65,11.0,10.1375,1175
2024-04-03,10.15,10.59,10.930625,10.15,4372
2024-04-04,11.5,11.5,12.9725,11.125,23284
2024-04-05,11.25,11.375,11.9,11.0,3640
2024-04-08,10.5775,10.2875,11.1,10.25,3670
2024-04-09,10.29,10.9225,10.995,10.29,1062
2024-04-10,10.2875,10.0125,10.72,9.8125,7900
2024-04-11,10.0,9.85,10.0,9.5,3178
2024-04-12,10.25,10.075,10.8275,9.5,1586
2024-04-15,9.5,10.0525,10.4375,9.5,1833
2024-04-16,10.0075,9.9375,10.0275,9.0,5334
2024-04-17,9.64,9.05,10.3125,9.015,1267
2024-04-18,9.5,8.775,9.5,8.5925,1465
2024-04-19,8.75,8.25,8.75,8.25,1480
2024-04-22,8.25,8.3,8.475,7.55,2176
2024-04-23,8.15,8.45,8.4725,7.775,806
2024-04-24,7.9,7.92,8.5,7.8,1693
2024-04-25,8.5,8.25,8.5,7.86,446
2024-04-26,8.6625,8.6075,8.75,8.5025,787
2024-04-29,8.5925,8.625,8.915,8.5025,1203
2024-04-30,8.4775,8.5125,8.75,8.475,668
2024-05-01,9.5,9.62,10.0025,7.7525,193229
2024-05-02,9.0075,9.0625,9.625,8.75,6424
2024-05-03,9.2775,8.6,9.4975,8.29875,2955
2024-05-06,8.35,8.27,9.18,7.8,3851
2024-05-07,8.575,8.0175,8.9425,8.01,2924
2024-05-08,8.4175,8.7475,8.8,8.0025,976
2024-05-09,8.745,8.8875,9.1875,8.0775,3565
2024-05-10,8.6075,8.4275,9.03,8.325025,1109
2024-05-13,8.425,8.9625,9.195,8.425,2370
2024-05-14,9.175,8.39,9.25,8.39,2306
2024-05-15,8.81,8.85,9.1125,8.415,1295
2024-05-16,8.84,8.565,9.1225,8.52,1909
2024-05-17,8.5,8.3325,8.85,8.3325,6080
2024-05-20,8.32,8.0,8.4,8.0,2402
2024-05-21,8.225,8.5125,8.85,8.075,1625
2024-05-22,8.5025,9.125,12.455,8.5,33139
2024-05-23,9.17,9.6425,9.765,8.575,14950
2024-05-24,9.7125,10.2975,10.5025,9.25,5731
2024-05-28,10.2225,11.1175,11.5625,9.9975,12377
2024-05-29,11.15,9.9125,11.15,9.6225,3370
2024-05-30,9.91,9.65,11.05,9.16,1324
2024-05-31,10.075,10.7475,11.0,9.415,6592
2024-06-03,10.425,9.75,10.99,9.6375,3255
2024-06-04,9.525,8.995,10.247475,8.5,5786
2024-06-05,8.825,8.4975,9.045,7.5875,9203
2024-06-06,8.2425,8.3025,8.5,8.0,7202
2024-06-07,8.47,8.77,9.0,8.2625,3162
2024-06-10,8.7725,8.7,9.4975,8.5,3734
2024-06-11,8.775,8.825,9.0825,8.55,376
2024-06-12,8.675,8.8775,9.45,8.525,2633
2024-06-13,9.19,9.01,9.25,8.75,788
2024-06-14,9.1125,9.47,9.5,9.0225,1023
2024-06-17,9.175,9.5025,9.63,9.175,4641
2024-06-18,9.5,9.394975,9.63,9.1125,3184
2024-06-20,9.4,9.375,9.57,9.0,2786
2024-06-21,9.625,9.5025,9.6275,9.3525,551
2024-06-24,9.5025,9.725,9.7375,9.4,1697
2024-06-25,9.6275,9.77,10.0,9.5275,3280
2024-06-26,10.05,9.9,10.0825,9.575,3180
2024-06-27,9.92,9.25,9.92,8.77,2447
2024-06-28,9.5,9.175,9.735,9.1275,1036
2024-07-01,9.17,9.36705,9.38,9.0,488
2024-07-02,9.2575,8.775,9.415,8.6,1926
2024-07-03,8.7725,9.0475,9.7325,8.4225,1629
2024-07-05,9.045,9.25,9.94,8.925,8494
2024-07-08,9.25,9.1975,9.675,9.0,830
2024-07-09,8.6875,9.0775,9.7375,8.6875,2007
2024-07-10,9.5,9.745,10.3925,9.0225,8006
2024-07-11,9.75,9.9825,10.0,9.55,1545
2024-07-12,9.68,10.0,10.345,9.5,6088
2024-07-15,9.9975,9.4575,9.9975,9.4575,1894
2024-07-16,9.4575,9.1,9.645,8.275,4938
2024-07-17,9.0975,8.815,9.555,8.52,6015
2024-07-18,9.125,8.88,9.337475,8.625,1807
2024-07-19,9.6925,8.725,9.73,7.7775,4587
2024-07-22,8.8,8.73875,8.8,8.425,536
2024-07-23,8.735,8.5425,8.75,8.075,3157
2024-07-24,7.95,7.15,8.23475,7.15,19034
2024-07-25,7.29,7.425,7.5375,6.875,2329
2024-07-26,7.2675,7.475,7.575,7.03,2031
2024-07-29,7.4725,7.66,7.67,6.7775,1823
2024-07-30,7.65,7.6,7.65,7.25,541
2024-07-31,7.481025,7.5,7.795,7.125,1765
2024-08-01,7.175,7.5,7.5,6.7675,1468
2024-08-02,7.45,6.505,7.45,6.2675,5644
2024-08-05,6.32,5.985,6.32,5.3725,5576
2024-08-06,6.22,6.22,6.22,5.75,686
2024-08-07,6.4675,5.53125,6.4675,4.5275,3600
2024-08-08,5.575,5.65,5.75,5.2875,2386
2024-08-09,5.875,5.8625,5.875,5.65,922
2024-08-12,6.0,5.6925,6.05,5.525,1757
2024-08-13,5.6875,5.73,5.86,5.515,11978
2024-08-14,5.655,5.305,5.7475,5.305,3143
2024-08-15,5.3475,5.275,5.515,5.025,1496
2024-08-16,5.485,5.4775,5.485,5.4075,897
2024-08-19,5.5,6.45,6.75,5.34,12685
2024-08-20,6.6825,6.2925,6.75,5.675,4020
2024-08-21,6.25,5.6875,6.2925,5.352,5275
2024-08-22,5.55,5.95,6.579975,5.55,3010
2024-08-23,6.525,5.7525,10.105,5.4375,148744
2024-08-26,5.835,6.0,6.235,5.5075,15222
2024-08-27,5.82,6.25,6.6525,5.755,13098
2024-08-28,6.07,6.0,6.4975,5.483725,36977
2024-08-29,5.85,5.9425,6.5,5.5925,32586
2024-08-30,5.965,5.64,6.18,5.62,2366
2024-09-03,5.7,5.39,5.8225,5.24,4762
2024-09-04,5.2525,5.21,5.3725,5.075,3199
2024-09-05,5.21,5.225,5.225,4.7825,4953
2024-09-06,5.075,5.025,5.25,4.875,1335
2024-09-09,5.06,5.075,5.18,4.7925,1206
2024-09-10,4.9,4.92,4.995,4.875,2012
2024-09-11,4.7875,4.7475,5.0225,4.7,6999
2024-09-12,4.9375,4.775,5.0,4.7525,1308
2024-09-13,4.9875,4.78,5.25,4.775,2887
