2020-07-16,24.97,25.0152,25.0152,24.72,300
2020-07-17,24.9335,24.9335,24.9335,24.9335,103
2020-07-20,24.6773,24.6773,24.6773,24.6773,0
2020-07-21,25.6236,25.6236,25.6236,25.6236,0
2020-07-22,25.33,25.3716,25.3716,25.31,1203
2020-07-23,25.1,25.1327,25.28,25.0,1000
2020-07-24,25.19,24.9839,25.19,24.96,606
2020-07-27,24.66,24.6884,24.6884,24.66,100
2020-07-28,24.6282,24.6282,24.6282,24.6282,100
2020-07-29,24.92,25.4461,25.4461,24.92,3005
2020-07-30,25.09,25.04,25.09,24.89,17000
2020-07-31,24.83,24.8316,24.8316,24.83,100
2020-08-03,25.1352,25.1352,25.1352,25.1352,0
2020-08-04,25.52,26.0285,26.0285,25.52,1000
2020-08-05,26.3582,26.3582,26.3582,26.3582,1
2020-08-06,26.3752,26.3752,26.3752,26.3752,1
2020-08-07,26.14,26.234,26.234,26.14,100
2020-08-10,26.91,26.8724,26.91,26.87,203
2020-08-11,26.85,26.773,26.85,26.773,100
2020-08-12,27.15,27.1414,27.15,27.1,200
2020-08-13,26.8314,26.8314,26.8314,26.8314,200
2020-08-14,26.959,26.959,26.959,26.959,0
2020-08-17,27.0961,27.0961,27.0961,27.0961,2
2020-08-18,26.62,26.6257,26.6257,26.62,1001
2020-08-19,26.62,26.4601,26.63,26.46,500
2020-08-20,26.4206,26.4206,26.4206,26.4206,500
2020-08-21,26.24,26.2828,26.2828,26.24,1016
2020-08-24,26.43,26.2956,26.43,26.27,802
2020-08-25,26.058,26.058,26.058,26.058,1
2020-08-26,25.4078,25.4078,25.4078,25.4078,1
2020-08-27,25.61,25.6193,25.6193,25.61,100
2020-08-28,25.92,25.9458,25.9458,25.92,100
2020-08-31,25.68,25.5105,25.68,25.5105,500
2020-09-01,25.37,25.3673,25.37,25.3673,100
2020-09-02,25.4037,25.4037,25.4037,25.4037,100
2020-09-03,25.0456,25.0456,25.0456,25.0456,3
2020-09-04,24.9415,24.9415,24.9415,24.9415,3
2020-09-08,24.36,24.4489,24.4489,24.36,686
2020-09-09,24.7225,24.7225,24.7225,24.7225,686
2020-09-10,24.32,24.2234,24.32,24.2234,100
2020-09-11,24.16,24.1221,24.16,24.07,200
2020-09-14,24.5038,24.5038,24.5038,24.5038,0
2020-09-15,24.44,24.1234,24.44,24.12,700
2020-09-16,24.5888,24.5888,24.5888,24.5888,700
2020-09-17,24.3915,24.3915,24.3915,24.3915,0
2020-09-18,24.1843,24.1843,24.1843,24.1843,0
2020-09-21,23.671,23.671,23.671,23.671,0
2020-09-22,23.66,23.617,23.66,23.617,100
2020-09-23,22.74,22.6364,22.74,22.6364,100
2020-09-24,22.5915,22.5915,22.5915,22.5915,4
2020-09-25,23.58,22.7232,25.94,22.33,1900
2020-09-28,23.1996,23.1996,23.1996,23.1996,0
2020-09-29,23.235,23.235,23.235,23.235,0
2020-09-30,22.7556,22.7556,22.7556,22.7556,0
2020-10-01,22.5,22.4678,22.5,22.4678,20000
2020-10-02,22.7673,22.7673,22.7673,22.7673,0
2020-10-05,23.3533,23.3533,23.3533,23.3533,0
2020-10-06,23.35,22.9485,23.35,22.9485,214
2020-10-07,22.99,23.175,23.175,22.99,223
2020-10-08,24.3203,23.6521,24.3203,24.3203,0
2020-10-09,23.68,23.4957,23.68,23.4957,203
2020-10-12,23.41,23.6102,23.6102,23.41,209
2020-10-13,23.51,23.5113,23.5113,23.51,100
2020-10-14,23.7516,23.7516,23.7516,23.7516,0
2020-10-15,23.8043,23.8043,23.8043,23.8043,2
2020-10-16,23.41,23.4291,23.4291,23.41,100
2020-10-19,23.1103,23.1103,23.1103,23.1103,0
2020-10-20,23.3619,23.3619,23.3619,23.3619,1
2020-10-21,23.1414,23.1414,23.1414,23.1414,0
2020-10-22,24.0607,24.0607,24.0607,24.0607,3
2020-10-23,23.9107,23.9107,23.9107,23.9107,0
2020-10-26,23.23,23.2673,23.2673,23.23,1000
2020-10-27,22.96,22.9992,23.11,22.0,1703
2020-10-28,22.53,22.2694,22.53,22.2694,1100
2020-10-29,22.04,22.5817,22.5817,22.04,5400
2020-10-30,22.04,22.3705,22.3705,22.03,1500
2020-11-02,22.54,22.4129,22.54,22.4129,1301
2020-11-03,22.86,22.7717,22.92,22.71,1118
2020-11-04,22.65,22.7748,23.125,22.42,15812
2020-11-05,23.1,23.1257,23.1257,23.1,103
2020-11-06,22.3024,22.3024,22.3024,22.3024,0
2020-11-09,23.37,24.0201,24.0201,23.37,2000
2020-11-10,24.79,24.77,24.79,24.76,5000
2020-11-11,24.95,24.7336,25.04,24.62,34300
2020-11-12,24.53,24.2203,24.63,23.9,5801
2020-11-13,24.6,24.6492,24.72,24.52,1000
2020-11-16,25.48,25.3059,25.48,25.3059,100
2020-11-17,25.8163,25.8163,25.8163,25.8163,0
2020-11-18,25.486,25.486,25.486,25.486,0
2020-11-19,26.2775,26.2775,26.2775,26.2775,0
2020-11-20,26.0654,26.0654,26.0654,26.0654,0
2020-11-23,27.07,27.1326,27.1326,27.07,100
2020-11-24,28.1442,28.1442,28.1442,28.1442,2
2020-11-25,27.9528,27.9528,27.9528,27.9528,0
2020-11-27,27.5237,27.5237,27.5237,27.5237,1
2020-11-30,26.7054,26.7054,26.7054,26.7054,1
2020-12-01,26.8326,26.8326,26.8326,26.8326,6
2020-12-02,27.5,27.5016,27.5016,27.5,1000
2020-12-03,28.1197,28.1197,28.1197,28.1197,4
2020-12-04,29.1342,29.1342,29.1342,29.1342,0
2020-12-07,28.6906,28.6906,28.6906,28.6906,0
2020-12-08,28.8666,28.8666,28.8666,28.8666,0
2020-12-09,28.6,28.6349,28.6349,28.6,1000
2020-12-10,29.07,29.3425,29.35,29.07,2604
2020-12-11,29.35,29.3448,29.35,29.29,1402
2020-12-14,28.55,28.54,28.57,28.48,2834
2020-12-15,29.09,29.1103,29.12,29.08,834
2020-12-16,28.6692,28.6692,28.6692,28.6692,5
2020-12-17,28.4,28.4702,28.4702,28.4,112
2020-12-18,28.03,28.1425,28.1425,28.03,100
2020-12-21,27.5538,27.5538,27.5538,27.5538,9
2020-12-22,27.2993,27.2993,27.2993,27.2993,0
2020-12-23,27.4919,27.4919,27.4919,27.4919,6
2020-12-24,27.2963,27.2963,27.2963,27.2963,19
2020-12-28,26.8794,26.8794,26.8794,26.8794,0
2020-12-29,26.7825,26.7825,26.7825,26.7825,7
2020-12-30,26.7258,26.7258,26.7258,26.7258,1
2020-12-31,26.87,26.87,26.87,26.87,61
2021-01-04,26.7285,26.7285,26.7285,26.7285,45
2021-01-05,27.8236,27.8236,27.8236,27.8236,0
2021-01-06,28.6023,28.6023,28.6023,28.6023,2
2021-01-07,29.01,29.01,29.01,29.01,0
2021-01-08,28.47,28.7029,28.7029,28.47,224
2021-01-11,28.9839,28.3729,28.9839,28.9839,1
2021-01-12,29.4663,29.4663,29.4663,29.4663,10
2021-01-13,29.6789,29.6789,29.6789,29.6789,0
2021-01-14,30.22,30.1574,30.22,30.1574,2001
2021-01-15,29.7997,29.7997,29.7997,29.7997,2
2021-01-19,29.7773,29.7773,29.7773,29.7773,0
2021-01-20,29.5501,29.5501,29.5501,29.5501,2
2021-01-21,28.9985,28.9985,28.9985,28.9985,4
2021-01-22,28.673,28.673,28.673,28.673,0
2021-01-25,28.631,28.631,28.631,28.631,3
2021-01-26,28.4773,28.4773,28.4773,28.4773,2
2021-01-27,27.7162,27.7162,27.7162,27.7162,0
2021-01-28,28.2277,28.2277,28.2277,28.2277,0
2021-01-29,27.8485,27.8485,27.8485,27.8485,0
2021-02-01,27.9552,27.9552,27.9552,27.9552,0
2021-02-02,28.136,28.136,28.136,28.136,0
2021-02-03,28.5587,28.5587,28.5587,28.5587,0
2021-02-04,28.6222,28.6222,28.6222,28.6222,0
2021-02-05,28.7967,28.7967,28.7967,28.7967,0
2021-02-08,29.3405,29.3405,29.3405,29.3405,0
2021-02-09,29.0959,29.0959,29.0959,29.0959,0
2021-02-10,29.368,29.368,29.368,29.368,0
2021-02-11,29.3314,29.3314,29.3314,29.3314,6
2021-02-12,29.7617,29.7617,29.7617,29.7617,5
2021-02-16,30.0963,30.0963,30.0963,30.0963,1
2021-02-17,30.0796,30.0796,30.0796,30.0796,0
2021-02-18,29.4518,29.4518,29.4518,29.4518,0
2021-02-19,29.6951,29.6951,29.6951,29.6951,1
2021-02-22,30.0775,30.0775,30.0775,30.0775,3
2021-02-23,30.3297,30.3297,30.3297,30.3297,0
2021-02-24,30.9439,30.9439,30.9439,30.9439,0
2021-02-25,30.3017,30.3017,30.3017,30.3017,0
2021-02-26,29.493,29.493,29.493,29.493,0
2021-03-01,30.75,30.5888,30.76,30.5888,3901
2021-03-02,30.7767,30.7767,30.7767,30.7767,2
2021-03-03,31.0049,31.0049,31.0049,31.0049,1
2021-03-04,31.46,31.46,31.46,31.46,0
2021-03-05,31.8845,31.8845,31.8845,31.8845,8
2021-03-08,31.9859,31.9859,31.9859,31.9859,0
2021-03-09,31.5302,31.5302,31.5302,31.5302,0
2021-03-10,32.5435,32.5435,32.5435,32.5435,7
2021-03-11,32.5875,32.5875,32.5875,32.5875,7
2021-03-12,32.7498,32.7498,32.7498,32.7498,0
2021-03-15,32.7596,32.7596,32.7596,32.7596,0
2021-03-16,32.2311,32.2311,32.2311,32.2311,0
2021-03-17,32.3905,32.3905,32.3905,32.3905,0
2021-03-18,31.3252,31.3252,31.3252,31.3252,7
2021-03-19,31.7445,31.7445,31.7445,31.7445,0
2021-03-22,31.7353,31.7353,31.7353,31.7353,0
2021-03-23,30.8972,30.8972,30.8972,30.8972,0
2021-03-24,31.3016,31.3016,31.3016,31.3016,0
2021-03-25,31.503,31.503,31.503,31.503,90
2021-03-26,32.2566,32.2566,32.2566,32.2566,1
2021-03-29,32.002,32.002,32.002,32.002,0
2021-03-30,31.6417,31.6417,31.6417,31.6417,14
2021-03-31,31.8577,31.8577,31.8577,31.8577,0
2021-04-01,32.2454,32.2454,32.2454,32.2454,0
2021-04-05,32.1758,32.1758,32.1758,32.1758,32
2021-04-06,32.2687,32.2687,32.2687,32.2687,0
2021-04-07,32.3415,32.3415,32.3415,32.3415,0
2021-04-08,32.4108,32.4108,32.4108,32.4108,2
2021-04-09,32.1735,31.5704,32.1735,32.1735,36
2021-04-12,31.479,31.479,31.479,31.479,16
2021-04-13,31.5621,31.5621,31.5621,31.5621,16
2021-04-14,31.8788,31.8788,31.8788,31.8788,0
2021-04-15,32.1036,32.1036,32.1036,32.1036,0
2021-04-16,31.8523,31.8523,31.8523,31.8523,0
2021-04-19,31.9535,31.9535,31.9535,31.9535,3
2021-04-20,31.647,31.647,31.647,31.647,0
2021-04-21,32.0956,32.0956,32.0956,32.0956,1
2021-04-22,31.771,31.771,31.771,31.771,3
2021-04-23,32.1931,32.1931,32.1931,32.1931,0
2021-04-26,32.3544,32.3544,32.3544,32.3544,0
2021-04-27,32.58,32.6081,32.6081,32.47,808
2021-04-28,33.2077,33.2077,33.2077,33.2077,7
2021-04-29,33.5429,33.5429,33.5429,33.5429,6
2021-04-30,33.0946,33.0946,33.0946,33.0946,0
2021-05-03,33.2982,33.2982,33.2982,33.2982,0
2021-05-04,33.5078,33.5078,33.5078,33.5078,0
2021-05-05,33.9663,33.9663,33.9663,33.9663,2
2021-05-06,34.1689,34.1689,34.1689,34.1689,0
2021-05-07,34.4628,34.4628,34.4628,34.4628,10
2021-05-10,34.7832,34.7832,34.7832,34.7832,15
2021-05-11,34.4926,34.4926,34.4926,34.4926,10
2021-05-12,34.2992,34.2992,34.2992,34.2992,9
2021-05-13,34.4911,34.4911,34.4911,34.4911,5
2021-05-14,35.1481,35.1481,35.1481,35.1481,40
2021-05-17,35.6159,35.6159,35.6159,35.6159,10
2021-05-18,35.4403,35.4403,35.4403,35.4403,1
2021-05-19,34.7757,34.7757,34.7757,34.7757,2
2021-05-20,35.1598,35.1598,35.1598,35.1598,4
2021-05-21,35.2338,35.2338,35.2338,35.2338,0
2021-05-24,35.4903,35.4903,35.4903,35.4903,22
2021-05-25,34.9525,34.9525,34.9525,34.9525,5
2021-05-26,35.0892,35.0892,35.0892,35.0892,22
2021-05-27,35.36,35.1229,35.36,35.1229,201
2021-05-28,35.0189,35.0189,35.0189,35.0189,0
2021-06-01,35.7,35.6383,35.7,35.6383,6805
2021-06-02,35.9898,35.9898,35.9898,35.9898,0
2021-06-03,36.0286,36.0286,36.0286,36.0286,22
2021-06-04,36.3273,36.3273,36.3273,36.3273,6
2021-06-07,36.6982,36.6982,36.6982,36.6982,7
2021-06-08,36.7924,36.7924,36.7924,36.7924,12
2021-06-09,36.9194,36.9194,36.9194,36.9194,1
2021-06-10,37.3032,37.3032,37.3032,37.3032,0
2021-06-11,37.5311,37.5311,37.5311,37.5311,14
2021-06-14,37.5778,37.5778,37.5778,37.5778,1
2021-06-15,37.76,37.76,37.76,37.76,2
2021-06-16,37.7938,37.7938,37.7938,37.7938,75
2021-06-17,36.7026,36.7026,36.7026,36.7026,5
2021-06-18,35.89,35.88,35.9,35.88,900
2021-06-21,36.6115,36.6115,36.6115,36.6115,82
2021-06-22,36.32,36.4983,36.4983,36.32,274
2021-06-23,36.3715,36.3715,36.3715,36.3715,0
2021-06-24,36.4092,36.4092,36.4092,36.4092,3
2021-06-25,36.3594,36.3594,36.3594,36.3594,0
2021-06-28,35.6696,35.6696,35.6696,35.6696,27
2021-06-29,35.7333,35.7333,35.7333,35.7333,2
2021-06-30,36.1474,36.1474,36.1474,36.1474,2
2021-07-01,36.479,36.479,36.479,36.479,0
2021-07-02,36.34,36.6757,36.6757,36.34,500
2021-07-06,36.2688,36.2688,36.2688,36.2688,52
2021-07-07,35.8119,35.8119,35.8119,35.8119,1
2021-07-08,35.6427,35.6427,35.6427,35.6427,0
2021-07-09,36.4209,36.4209,36.4209,36.4209,0
2021-07-12,36.2371,35.6404,36.2371,36.2371,7
2021-07-13,35.1603,35.1603,35.1603,35.1603,6
2021-07-14,34.6369,34.6369,34.6369,34.6369,17
2021-07-15,34.2678,34.2678,34.2678,34.2678,25
2021-07-16,33.8722,33.8722,33.8722,33.8722,2
2021-07-19,32.7173,32.7173,32.7173,32.7173,3
2021-07-20,33.6024,33.6024,33.6024,33.6024,0
2021-07-21,33.9256,33.9256,33.9256,33.9256,1
2021-07-22,33.8355,33.8355,33.8355,33.8355,21
2021-07-23,33.7345,33.7345,33.7345,33.7345,7
2021-07-26,34.3555,34.3555,34.3555,34.3555,2
2021-07-27,33.9412,33.9412,33.9412,33.9412,58
2021-07-28,34.2462,34.2462,34.2462,34.2462,6
2021-07-29,34.4491,34.4491,34.4491,34.4491,2
2021-07-30,34.0181,34.0181,34.0181,34.0181,2
2021-08-02,33.6836,33.6836,33.6836,33.6836,3
2021-08-03,33.83,33.8707,33.8707,33.83,203
2021-08-04,33.4348,33.4348,33.4348,33.4348,2
2021-08-05,33.3971,33.3971,33.3971,33.3971,3
2021-08-06,33.4628,33.4628,33.4628,33.4628,3
2021-08-09,33.2341,33.2341,33.2341,33.2341,2
2021-08-10,33.776,33.776,33.776,33.776,4
2021-08-11,33.9819,33.9819,33.9819,33.9819,2
2021-08-12,34.1337,34.1337,34.1337,34.1337,3
2021-08-13,33.8535,33.8535,33.8535,33.8535,2
2021-08-16,33.6661,33.6661,33.6661,33.6661,22
2021-08-17,33.3809,33.3809,33.3809,33.3809,2
2021-08-18,32.8083,32.8083,32.8083,32.8083,2
2021-08-19,32.1735,32.1735,32.1735,32.1735,6
2021-08-20,32.4155,32.4155,32.4155,32.4155,12
2021-08-23,32.9861,32.9861,32.9861,32.9861,6
2021-08-24,33.236,33.236,33.236,33.236,4
2021-08-25,33.4949,33.4949,33.4949,33.4949,14
2021-08-26,32.973,32.973,32.973,32.973,3
2021-08-27,33.6675,33.6675,33.6675,33.6675,9
2021-08-30,33.4853,33.4853,33.4853,33.4853,4
2021-08-31,33.3488,33.3488,33.3488,33.3488,3
2021-09-01,33.5943,33.5943,33.5943,33.5943,58
2021-09-02,34.1315,34.1315,34.1315,34.1315,2
2021-09-03,34.1342,34.1342,34.1342,34.1342,2
2021-09-07,33.867,33.867,33.867,33.867,2
2021-09-08,33.783,33.783,33.783,33.783,3
2021-09-09,33.6437,33.6437,33.6437,33.6437,3
2021-09-10,33.3935,33.3935,33.3935,33.3935,4
2021-09-13,33.9453,33.9453,33.9453,33.9453,2
2021-09-14,33.6626,33.6626,33.6626,33.6626,4
2021-09-15,34.151,34.151,34.151,34.151,2
2021-09-16,34.0341,34.0341,34.0341,34.0341,3
2021-09-17,33.6807,33.6807,33.6807,33.6807,2
2021-09-20,32.8332,32.8332,32.8332,32.8332,2
2021-09-21,32.9518,32.9518,32.9518,32.9518,4
2021-09-22,33.4864,33.4864,33.4864,33.4864,3
2021-09-23,34.1831,34.1831,34.1831,34.1831,2
2021-09-24,34.094,34.094,34.094,34.094,2
2021-09-27,34.8061,34.8061,34.8061,34.8061,5
2021-09-28,34.4456,34.4456,34.4456,34.4456,3
2021-09-29,34.4733,34.4733,34.4733,34.4733,4
2021-09-30,34.2429,34.2429,34.2429,34.2429,4
2021-10-01,34.6836,34.6836,34.6836,34.6836,4
2021-10-04,35.2584,35.2584,35.2584,35.2584,7
2021-10-05,35.1753,35.1753,35.1753,35.1753,2
2021-10-06,34.77,34.8666,34.8666,34.77,104
2021-10-07,35.2964,35.2964,35.2964,35.2964,2
2021-10-08,35.8666,35.8666,35.8666,35.8666,2
2021-10-11,36.0611,35.479,36.0611,36.0611,16
2021-10-12,35.89,35.844,35.91,35.5,7601
2021-10-13,36.0386,36.0386,36.0386,36.0386,36
2021-10-14,36.6,36.6364,36.6364,36.6,1028
2021-10-15,34.81,36.8677,36.91,33.07,4159
2021-10-18,36.8514,36.8514,36.8514,36.8514,2
2021-10-19,36.9811,36.9811,36.9811,36.9811,12
2021-10-20,37.3643,37.3643,37.3643,37.3643,2
2021-10-21,36.6659,36.6659,36.6659,36.6659,6
2021-10-22,36.7628,36.7628,36.7628,36.7628,11
2021-10-25,36.8969,36.8969,36.8969,36.8969,17
2021-10-26,36.5477,36.5477,36.5477,36.5477,101
2021-10-27,36.2951,36.2951,36.2951,36.2951,4
2021-10-28,36.172,36.172,36.172,36.172,4
2021-10-29,35.706,35.706,35.706,35.706,2
2021-11-01,36.2647,36.2647,36.2647,36.2647,5
2021-11-02,36.1222,36.1222,36.1222,36.1222,29
2021-11-03,35.9477,35.9477,35.9477,35.9477,3
2021-11-04,35.7313,35.7313,35.7313,35.7313,2
2021-11-05,35.9179,35.9179,35.9179,35.9179,15
2021-11-08,36.0108,36.0108,36.0108,36.0108,4
2021-11-09,36.0333,36.0333,36.0333,36.0333,2
2021-11-10,35.94,35.6335,35.94,35.6335,1002
2021-11-11,35.8279,35.8279,35.8279,35.8279,2
2021-11-12,35.7527,35.7527,35.7527,35.7527,2
2021-11-15,35.57,35.7534,35.7534,35.57,204
2021-11-16,35.5518,35.5518,35.5518,35.5518,2
2021-11-17,35.1141,35.1141,35.1141,35.1141,51
2021-11-18,34.9179,34.9179,34.9179,34.9179,2
2021-11-19,34.2354,34.2354,34.2354,34.2354,10
2021-11-22,34.3613,34.3613,34.3613,34.3613,50
2021-11-23,34.8023,34.8023,34.8023,34.8023,2
2021-11-24,35.2079,35.2079,35.2079,35.2079,2
2021-11-26,34.5358,34.5358,34.5358,34.5358,4
2021-11-29,34.0869,34.0869,34.0869,34.0869,2
2021-11-30,33.161,33.161,33.161,33.161,7
2021-12-01,32.7094,32.7094,32.7094,32.7094,8
2021-12-02,33.2631,33.2631,33.2631,33.2631,2
2021-12-03,33.0297,33.0297,33.0297,33.0297,2
2021-12-06,33.1712,33.1712,33.1712,33.1712,2
2021-12-07,33.7164,33.7164,33.7164,33.7164,3
2021-12-08,33.7446,33.7446,33.7446,33.7446,5
2021-12-09,33.258,33.258,33.258,33.258,2
2021-12-10,33.323,33.323,33.323,33.323,2
2021-12-13,32.7628,32.7628,32.7628,32.7628,4
2021-12-14,32.4968,32.4968,32.4968,32.4968,2
2021-12-15,32.69,32.69,32.69,32.69,4
2021-12-16,32.8783,32.8783,32.8783,32.8783,19
2021-12-17,32.6896,32.6896,32.6896,32.6896,2
2021-12-20,32.1738,32.1738,32.1738,32.1738,8
2021-12-21,32.6788,32.6788,32.6788,32.6788,4
2021-12-22,32.8435,32.8435,32.8435,32.8435,10
2021-12-23,33.0613,33.0613,33.0613,33.0613,0
2021-12-27,33.528,33.528,33.528,33.528,0
2021-12-28,33.36,33.3869,33.3869,33.36,2923
2021-12-29,33.42,33.3868,33.42,33.3868,102
2021-12-30,33.59,33.3651,33.59,33.3651,774
2021-12-31,33.6952,33.6952,33.6952,33.6952,2
2022-01-03,33.99,34.2555,34.2555,33.99,5370
2022-01-04,34.857,34.857,34.857,34.857,2
2022-01-05,34.689,34.689,34.689,34.689,53
2022-01-06,35.308,35.308,35.308,35.308,14
2022-01-07,35.7808,35.7808,35.7808,35.7808,102
2022-01-10,35.75,35.1773,35.7664,35.75,217
2022-01-11,35.904,35.904,35.904,35.904,19
2022-01-12,36.3354,36.3354,36.3354,36.3354,50
2022-01-13,35.9835,35.9835,35.9835,35.9835,2
2022-01-14,36.3045,36.3045,36.3045,36.3045,0
2022-01-18,36.3038,36.3038,36.3038,36.3038,0
2022-01-19,36.1168,36.1168,36.1168,36.1168,45
2022-01-20,35.8375,35.8375,35.8375,35.8375,1
2022-01-21,35.2942,35.2942,35.2942,35.2942,10
2022-01-24,35.0465,35.0465,35.0465,35.0465,30
2022-01-25,35.6674,35.6674,35.6674,35.6674,0
2022-01-26,35.9628,35.9628,35.9628,35.9628,0
2022-01-27,35.9554,35.9554,35.9554,35.9554,5
2022-01-28,36.0414,36.0414,36.0414,36.0414,2
2022-01-31,36.4873,36.4873,36.4873,36.4873,12
2022-02-01,37.0642,37.0642,37.0642,37.0642,0
2022-02-02,37.4039,37.4039,37.4039,37.4039,0
2022-02-03,37.25,37.249,37.25,37.21,5903
2022-02-04,37.4164,37.4164,37.4164,37.4164,116
2022-02-07,37.56,37.4574,37.6,37.4574,1348
2022-02-08,37.56,37.17,37.56,37.17,930
2022-02-09,37.3938,37.4098,37.4098,37.38,715
2022-02-10,37.0957,37.0957,37.0957,37.0957,3
2022-02-11,37.4,38.0046,38.0046,37.4,265
2022-02-14,37.44,37.3281,37.47,37.3281,800
2022-02-15,37.2055,37.2055,37.2055,37.2055,70
2022-02-16,37.1786,37.1786,37.1786,37.1786,85
2022-02-17,37.11,36.9437,37.11,36.9437,184
2022-02-18,36.6621,36.6621,36.6621,36.6621,0
2022-02-22,36.1046,36.1046,36.1046,36.1046,15
2022-02-23,36.49,36.3494,36.49,36.3494,200
2022-02-24,36.2972,36.2972,36.2972,36.2972,64
2022-02-25,37.0646,37.0646,37.0646,37.0646,200
2022-02-28,38.0284,38.0284,38.0284,38.0284,1
2022-03-01,38.1712,38.1712,38.1712,38.1712,0
2022-03-02,39.07,39.0349,39.07,39.0349,110
2022-03-03,39.0397,39.0397,39.0397,39.0397,0
2022-03-04,39.5688,39.5688,39.5688,39.5688,0
2022-03-07,39.3657,39.3657,39.3657,39.3657,1
2022-03-08,39.3645,39.3645,39.3645,39.3645,6
2022-03-09,38.9933,38.9933,38.9933,38.9933,61
2022-03-10,39.5014,39.5014,39.5014,39.5014,62
2022-03-11,39.06,38.7209,39.06,38.7209,303
2022-03-14,37.5693,37.5693,37.5693,37.5693,70
2022-03-15,37.2943,37.2943,37.2943,37.2943,0
2022-03-16,37.4305,37.4305,37.4305,37.4305,5
2022-03-17,37.888,37.888,37.888,37.888,0
2022-03-18,37.8923,37.8923,37.8923,37.8923,5
2022-03-21,38.6633,38.6633,38.6633,38.6633,0
2022-03-22,38.8104,38.8104,38.8104,38.8104,0
2022-03-23,39.0896,39.0896,39.0896,39.0896,0
2022-03-24,39.4996,39.4996,39.4996,39.4996,18
2022-03-25,40.415,40.415,40.415,40.415,32
2022-03-28,40.0378,40.0378,40.0378,40.0378,8
2022-03-29,39.9,40.331,40.331,39.9,1005
2022-03-30,40.6239,40.6239,40.6239,40.6239,0
2022-03-31,40.3029,40.3029,40.3029,40.3029,8
2022-04-01,40.6333,40.6333,40.6333,40.6333,3
2022-04-04,40.7959,40.7959,40.7959,40.7959,2
2022-04-05,40.4257,40.4257,40.4257,40.4257,0
2022-04-06,40.4895,40.4895,40.4895,40.4895,0
2022-04-07,40.5866,40.5866,40.5866,40.5866,14
2022-04-08,41.0242,40.4233,41.0242,41.0242,0
2022-04-11,40.08,39.9477,40.08,39.9477,347
2022-04-12,40.4061,40.4061,40.4061,40.4061,8
2022-04-13,40.774,40.774,40.774,40.774,1
2022-04-14,40.7961,40.7961,40.7961,40.7961,0
2022-04-18,40.8545,40.8545,40.8545,40.8545,44
2022-04-19,41.0911,41.0911,41.0911,41.0911,42
2022-04-20,41.6084,41.6084,41.6084,41.6084,1
2022-04-21,41.1763,41.1763,41.1763,41.1763,102
2022-04-22,40.0368,40.0368,40.0368,40.0368,11
2022-04-26,38.8843,38.8843,38.8843,38.8843,25
2022-04-27,38.9333,38.9333,38.9333,38.9333,3
2022-04-28,39.58,39.7443,39.7443,39.58,100
2022-04-29,38.6779,38.6779,38.6779,38.6779,1
2022-05-02,38.6758,38.6758,38.6758,38.6758,31
2022-05-03,39.5545,39.5545,39.5545,39.5545,0
2022-05-04,40.9338,40.9338,40.9338,40.9338,2
2022-05-05,39.9917,39.9917,39.9917,39.9917,14
2022-05-06,40.4722,40.4722,40.4722,40.4722,4
2022-05-09,38.6627,38.6627,38.6627,38.6627,3
2022-05-10,38.4112,38.4112,38.4112,38.4112,0
2022-05-11,38.2086,38.2086,38.2086,38.2086,0
2022-05-12,37.92,38.1648,38.1648,37.92,642
2022-05-13,39.1781,39.1781,39.1781,39.1781,0
2022-05-16,39.79,39.8399,39.8399,39.79,285
2022-05-17,40.4107,40.4107,40.4107,40.4107,14
2022-05-18,39.7154,39.7154,39.7154,39.7154,3
2022-05-19,39.3911,39.3911,39.3911,39.3911,2
2022-05-20,39.14,39.5405,39.5405,38.92,5905
2022-05-23,40.03,40.0338,40.0338,40.03,101
2022-05-24,39.8884,39.8884,39.8884,39.8884,18
2022-05-25,40.72,40.5684,40.72,40.5684,100
2022-05-26,40.8099,40.8099,40.8099,40.8099,12
2022-05-27,41.3255,41.3255,41.3255,41.3255,2
2022-05-31,41.5,41.2408,41.64,41.2408,10591
2022-06-01,41.7648,41.7648,41.7648,41.7648,0
2022-06-02,42.0346,42.0346,42.0346,42.0346,53
2022-06-03,41.9137,41.9137,41.9137,41.9137,0
2022-06-06,41.964,41.964,41.964,41.964,4
2022-06-07,42.7286,42.7286,42.7286,42.7286,4
2022-06-08,42.3539,42.3539,42.3539,42.3539,12
2022-06-09,41.662,41.662,41.662,41.662,0
2022-06-10,40.8871,40.8871,40.8871,40.8871,0
2022-06-13,38.9276,38.9276,38.9276,38.9276,99
2022-06-14,38.2132,38.2132,38.2132,38.2132,3
2022-06-15,37.6761,37.6761,37.6761,37.6761,2
2022-06-16,35.9425,35.9425,35.9425,35.9425,2
2022-06-17,35.0924,35.0924,35.0924,35.0924,5
2022-06-21,36.3888,36.3888,36.3888,36.3888,4
2022-06-22,35.5418,35.5418,35.5418,35.5418,0
2022-06-23,34.8199,34.9488,34.9488,34.64,4023
2022-06-24,35.6543,35.6543,35.6543,35.6543,0
2022-06-27,36.2027,36.2027,36.2027,36.2027,2
2022-06-28,36.8268,36.8268,36.8268,36.8268,3
2022-06-29,36.3944,36.3944,36.3944,36.3944,1
2022-06-30,35.9894,35.9894,35.9894,35.9894,2
2022-07-01,36.4541,36.4541,36.4541,36.4541,0
2022-07-05,35.02,35.5173,35.5173,35.02,202
2022-07-06,35.001,35.001,35.001,35.001,0
2022-07-07,36.17,36.1576,36.17,36.1576,697
2022-07-08,36.4438,36.4438,36.4438,36.4438,7
2022-07-11,36.2024,36.2024,36.2024,36.2024,82
2022-07-12,35.6519,35.0296,35.6519,35.6519,4
2022-07-13,35.2637,35.2637,35.2637,35.2637,0
2022-07-14,34.9891,34.9891,34.9891,34.9891,2
2022-07-15,35.4238,35.4238,35.4238,35.4238,1
2022-07-18,36.1642,36.1642,36.1642,36.1642,10
2022-07-19,36.982,36.982,36.982,36.982,0
2022-07-20,37.07,37.07,37.07,37.07,0
2022-07-21,37.039,37.039,37.039,37.039,3
2022-07-22,36.771,36.771,36.771,36.771,0
2022-07-25,37.872,37.872,37.872,37.872,44
2022-07-26,38.1837,38.1837,38.1837,38.1837,1
2022-07-27,38.6798,38.6798,38.6798,38.6798,1
2022-07-28,38.9527,38.9527,38.9527,38.9527,254
2022-07-29,39.0925,39.0925,39.0925,39.0925,47
2022-08-01,38.8883,38.8883,38.8883,38.8883,3
2022-08-02,38.5699,38.5699,38.5699,38.5699,2
2022-08-03,38.4,38.58,38.58,38.4,330
2022-08-04,37.5652,37.5652,37.5652,37.5652,3
2022-08-05,37.3921,37.3921,37.3921,37.3921,0
2022-08-08,37.7329,37.7329,37.7329,37.7329,0
2022-08-09,38.0403,38.0403,38.0403,38.0403,2
2022-08-10,38.6026,38.6026,38.6026,38.6026,0
2022-08-11,39.4597,39.4597,39.4597,39.4597,3
2022-08-12,39.629,39.629,39.629,39.629,0
2022-08-15,39.21,39.265,39.265,39.21,220
2022-08-16,39.7201,39.7201,39.7201,39.7201,31
2022-08-17,39.311,39.311,39.311,39.311,1
2022-08-18,40.0636,40.0636,40.0636,40.0636,1
2022-08-19,39.8382,39.8382,39.8382,39.8382,14
2022-08-22,39.6997,39.6997,39.6997,39.6997,43
2022-08-23,40.5255,40.5255,40.5255,40.5255,2
2022-08-24,40.9792,40.9792,40.9792,40.9792,0
2022-08-25,41.1654,41.1654,41.1654,41.1654,2
2022-08-26,40.5778,40.5778,40.5778,40.5778,0
2022-08-29,40.764,40.764,40.764,40.764,1
2022-08-30,39.5926,39.5926,39.5926,39.5926,18
2022-08-31,39.069,39.069,39.069,39.069,9
2022-09-01,38.52,38.63,38.63,38.35,442
2022-09-02,39.0741,39.0741,39.0741,39.0741,10
2022-09-06,38.5549,38.5549,38.5549,38.5549,3
2022-09-07,38.7949,38.7949,38.7949,38.7949,0
2022-09-08,38.8357,38.8357,38.8357,38.8357,4
2022-09-09,39.7249,39.7249,39.7249,39.7249,2
2022-09-12,40.2896,40.2896,40.2896,40.2896,1
2022-09-13,39.3159,39.3159,39.3159,39.3159,2
2022-09-14,40.0589,40.0589,40.0589,40.0589,8
2022-09-15,39.6104,39.6104,39.6104,39.6104,12
2022-09-16,38.7328,38.7328,38.7328,38.7328,0
2022-09-19,39.0528,39.0528,39.0528,39.0528,3
2022-09-20,38.875,38.875,38.875,38.875,1
2022-09-21,38.3953,38.3953,38.3953,38.3953,1
2022-09-22,37.7425,37.7425,37.7425,37.7425,2
2022-09-23,35.4127,35.4127,35.4127,35.4127,0
2022-09-26,34.5405,34.5405,34.5405,34.5405,1
2022-09-27,34.8668,34.8668,34.8668,34.8668,1
2022-09-28,36.2548,36.2548,36.2548,36.2548,0
2022-09-29,35.75,35.5472,35.75,35.51,1013
2022-09-30,35.4413,35.4413,35.4413,35.4413,10
2022-10-03,36.3968,36.3968,36.3968,36.3968,0
2022-10-04,37.5191,37.5191,37.5191,37.5191,16
2022-10-05,37.4897,37.4897,37.4897,37.4897,1
2022-10-06,36.9429,36.9429,36.9429,36.9429,19
2022-10-07,36.7041,36.7041,36.7041,36.7041,2
2022-10-10,36.2232,36.2232,36.2232,36.2232,3
2022-10-11,36.4378,35.8133,36.4378,36.4378,0
2022-10-12,35.5984,35.5984,35.5984,35.5984,1
2022-10-13,36.694,36.694,36.694,36.694,0
2022-10-14,35.8541,35.8541,35.8541,35.8541,6
2022-10-17,36.5688,36.5688,36.5688,36.5688,1
2022-10-18,36.9933,36.9933,36.9933,36.9933,0
2022-10-19,37.0869,37.0869,37.0869,37.0869,55
2022-10-20,36.9143,36.9143,36.9143,36.9143,0
2022-10-21,37.5171,37.5171,37.5171,37.5171,5
2022-10-24,37.095,37.095,37.095,37.095,7
2022-10-25,37.5452,37.5452,37.5452,37.5452,111
2022-10-26,37.9314,37.9314,37.9314,37.9314,3
2022-10-27,38.3513,38.3513,38.3513,38.3513,220
2022-10-28,38.5014,38.5014,38.5014,38.5014,4
2022-10-31,38.9173,38.9173,38.9173,38.9173,1
2022-11-01,39.1345,39.1345,39.1345,39.1345,1
2022-11-02,38.6541,38.6541,38.6541,38.6541,6
2022-11-03,38.7098,38.7098,38.7098,38.7098,3
2022-11-04,39.0991,39.0991,39.0991,39.0991,8
2022-11-07,39.2645,39.2645,39.2645,39.2645,10
2022-11-08,39.2943,39.2943,39.2943,39.2943,0
2022-11-09,38.2826,38.2826,38.2826,38.2826,1
2022-11-10,39.4483,39.4483,39.4483,39.4483,1
2022-11-11,39.7888,39.7888,39.7888,39.7888,1
2022-11-14,39.496,39.496,39.496,39.496,4
2022-11-15,39.508,39.508,39.508,39.508,2
2022-11-16,39.03,39.609,39.609,39.03,4000
2022-11-17,39.1022,39.1022,39.1022,39.1022,11
2022-11-18,39.4626,39.4626,39.4626,39.4626,5
2022-11-21,39.15,39.1305,39.15,39.1305,100
2022-11-22,40.2064,40.2064,40.2064,40.2064,7
2022-11-23,40.0921,40.0921,40.0921,40.0921,0
2022-11-25,40.1985,40.1985,40.1985,40.1985,3
2022-11-28,39.7093,39.7093,39.7093,39.7093,0
2022-11-29,39.9609,39.9609,39.9609,39.9609,21
2022-11-30,40.283,40.283,40.283,40.283,0
2022-12-01,40.0799,40.0799,40.0799,40.0799,2
2022-12-02,40.0059,40.0059,40.0059,40.0059,2
2022-12-05,39.262,39.262,39.262,39.262,3
2022-12-06,38.5091,38.5091,38.5091,38.5091,1
2022-12-07,38.2966,38.2966,38.2966,38.2966,50
2022-12-08,38.0594,38.0594,38.0594,38.0594,0
2022-12-09,37.6691,37.6691,37.6691,37.6691,3
2022-12-12,38.3239,38.3239,38.3239,38.3239,0
2022-12-13,38.07,39.0134,39.0134,38.07,209
2022-12-14,38.6977,38.6977,38.6977,38.6977,2
2022-12-15,38.1219,38.1219,38.1219,38.1219,2
2022-12-16,37.7413,37.7413,37.7413,37.7413,27
2022-12-19,37.2195,37.2195,37.2195,37.2195,13
2022-12-20,37.3916,37.3916,37.3916,37.3916,10
2022-12-21,38.0293,38.0293,38.0293,38.0293,1
2022-12-22,37.573,37.573,37.573,37.573,5
2022-12-23,38.3129,38.3129,38.3129,38.3129,2
2022-12-27,38.4584,38.4584,38.4584,38.4584,2
2022-12-28,37.6773,37.6773,37.6773,37.6773,0
2022-12-29,38.1847,38.1847,38.1847,38.1847,2
2022-12-30,38.2425,38.2425,38.2425,38.2425,2
2023-01-03,37.5707,37.5707,37.5707,37.5707,29
2023-01-04,37.8668,37.8668,37.8668,37.8668,0
2023-01-05,37.9439,37.9439,37.9439,37.9439,6
2023-01-06,38.8226,38.8226,38.8226,38.8226,4
2023-01-09,39.1899,39.1899,39.1899,39.1899,0
2023-01-10,38.98,39.1696,39.1696,38.98,102
2023-01-11,39.5233,38.8899,39.5233,39.5233,5
2023-01-12,39.4296,39.4296,39.4296,39.4296,51
2023-01-13,39.4506,39.4506,39.4506,39.4506,25
2023-01-17,39.519,39.3379,39.519,39.3379,100
2023-01-18,39.52,38.7198,39.52,38.7198,132
2023-01-19,39.062,39.062,39.062,39.062,2
2023-01-20,39.2218,39.2218,39.2218,39.2218,1
2023-01-23,39.5934,39.5934,39.5934,39.5934,3
2023-01-24,39.4319,39.4319,39.4319,39.4319,9
2023-01-25,39.1858,39.1858,39.1858,39.1858,5
2023-01-26,39.5407,39.5407,39.5407,39.5407,5
2023-01-27,39.5723,39.5723,39.5723,39.5723,0
2023-01-30,38.9677,38.9677,38.9677,38.9677,1
2023-01-31,39.4227,39.4227,39.4227,39.4227,1
2023-02-01,39.1976,39.1976,39.1976,39.1976,2
2023-02-02,39.22,39.4434,39.4434,39.22,147
2023-02-03,39.252,39.252,39.252,39.252,75
2023-02-06,39.1401,39.1401,39.1401,39.1401,85
2023-02-07,39.3358,39.3358,39.3358,39.3358,0
2023-02-08,39.2128,39.2128,39.2128,39.2128,0
2023-02-09,38.9071,38.9071,38.9071,38.9071,2
2023-02-10,39.5593,39.5593,39.5593,39.5593,0
2023-02-13,39.608,39.608,39.608,39.608,0
2023-02-14,39.8378,39.8378,39.8378,39.8378,2
2023-02-15,39.695,39.695,39.695,39.695,0
2023-02-16,39.5787,39.5787,39.5787,39.5787,2
2023-02-17,38.9489,38.9489,38.9489,38.9489,2
2023-02-21,38.2603,38.2603,38.2603,38.2603,0
2023-02-22,38.4198,38.4198,38.4198,38.4198,1
2023-02-23,38.859,38.859,38.859,38.859,2
2023-02-24,38.6751,38.6751,38.6751,38.6751,8
2023-02-27,38.5317,38.5317,38.5317,38.5317,2
2023-02-28,38.0032,38.0032,38.0032,38.0032,0
2023-03-01,38.2396,38.2396,38.2396,38.2396,0
2023-03-02,38.45,38.6753,38.6753,38.45,5284
2023-03-03,39.0157,39.0157,39.0157,39.0157,0
2023-03-06,39.03,39.03,39.03,39.03,2
2023-03-07,38.6468,38.6468,38.6468,38.6468,0
2023-03-08,38.5716,38.5716,38.5716,38.5716,0
2023-03-09,38.0914,38.0914,38.0914,38.0914,2
2023-03-10,37.5371,37.5371,37.5371,37.5371,0
2023-03-13,37.3101,37.3101,37.3101,37.3101,2
2023-03-14,37.4848,37.4848,37.4848,37.4848,0
2023-03-15,36.0966,36.0966,36.0966,36.0966,0
2023-03-16,36.4081,36.4081,36.4081,36.4081,62
2023-03-17,35.9115,35.9115,35.9115,35.9115,0
2023-03-20,36.1349,36.1349,36.1349,36.1349,1
2023-03-21,36.7048,36.7048,36.7048,36.7048,0
2023-03-22,36.1752,36.1752,36.1752,36.1752,4
2023-03-23,35.769,35.769,35.769,35.769,2
2023-03-24,36.0216,36.0216,36.0216,36.0216,2
2023-03-27,36.5137,36.5137,36.5137,36.5137,5
2023-03-28,36.7697,36.7697,36.7697,36.7697,0
2023-03-29,37.2672,37.2672,37.2672,37.2672,0
2023-03-30,37.4942,37.4942,37.4942,37.4942,2
2023-03-31,37.7097,37.7097,37.7097,37.7097,0
2023-04-03,38.2401,38.2401,38.2401,38.2401,1
2023-04-04,38.0146,38.0146,38.0146,38.0146,0
2023-04-05,38.2138,38.2138,38.2138,38.2138,0
2023-04-06,38.0407,38.0407,38.0407,38.0407,2
2023-04-10,38.1879,38.1879,38.1879,38.1879,0
2023-04-11,38.5214,37.8435,38.5214,38.5214,52
2023-04-12,37.9257,37.9257,37.9257,37.9257,0
2023-04-13,38.1193,38.1193,38.1193,38.1193,2
2023-04-14,38.172,38.172,38.172,38.172,0
2023-04-17,38.1205,38.1205,38.1205,38.1205,0
2023-04-18,38.0094,38.0094,38.0094,38.0094,0
2023-04-19,37.7479,37.7479,37.7479,37.7479,0
2023-04-20,37.5361,37.5361,37.5361,37.5361,4
2023-04-21,37.6417,37.6417,37.6417,37.6417,0
2023-04-24,37.8257,37.8257,37.8257,37.8257,6
2023-04-25,37.3761,37.3761,37.3761,37.3761,1
2023-04-26,37.1971,37.1971,37.1971,37.1971,1
2023-04-27,37.4793,37.4793,37.4793,37.4793,2
2023-04-28,37.873,37.873,37.873,37.873,0
2023-05-01,37.9,37.8445,37.904,37.8445,1398
2023-05-02,37.0028,37.0028,37.0028,37.0028,1
2023-05-03,36.8107,36.8107,36.8107,36.8107,1
2023-05-04,36.8195,36.8195,36.8195,36.8195,3
2023-05-05,37.5035,37.5035,37.5035,37.5035,0
2023-05-08,37.3043,37.3043,37.3043,37.3043,1
2023-05-09,37.4952,37.4952,37.4952,37.4952,0
2023-05-10,37.4584,37.4584,37.4584,37.4584,6
2023-05-11,37.2427,37.2427,37.2427,37.2427,2
2023-05-12,37.2905,37.2905,37.2905,37.2905,0
2023-05-15,37.508,37.508,37.508,37.508,1
2023-05-16,36.9382,36.9382,36.9382,36.9382,3
2023-05-17,37.1469,37.1469,37.1469,37.1469,1
2023-05-18,37.3362,37.3362,37.3362,37.3362,3
2023-05-19,37.3638,37.3638,37.3638,37.3638,0
2023-05-22,37.3096,37.3096,37.3096,37.3096,0
2023-05-23,39.19,37.286,39.19,37.286,101
2023-05-24,37.1118,37.1118,37.1118,37.1118,0
2023-05-25,36.7134,36.7134,36.7134,36.7134,2
2023-05-26,36.6293,36.6293,36.6293,36.6293,23
2023-05-30,36.5013,36.5013,36.5013,36.5013,0
2023-05-31,36.2968,36.2968,36.2968,36.2968,0
2023-06-01,36.8588,36.8588,36.8588,36.8588,1
2023-06-02,37.7353,37.7353,37.7353,37.7353,0
2023-06-05,37.7,37.7353,37.7,37.615,100
2023-06-06,37.798,37.798,37.798,37.798,0
2023-06-07,38.3019,38.3019,38.3019,38.3019,1
2023-06-08,38.338,38.338,38.338,38.338,2
2023-06-09,37.8149,37.8149,37.8149,37.8149,0
2023-06-12,37.598,37.598,37.598,37.598,0
2023-06-13,37.7052,37.7052,37.7052,37.7052,32
2023-06-14,37.6328,37.6328,37.6328,37.6328,1
2023-06-15,37.9975,37.9975,37.9975,37.9975,2
2023-06-16,38.108,38.108,38.108,38.108,0
2023-06-20,37.704,37.704,37.704,37.704,20
2023-06-21,37.7807,37.7807,37.7807,37.7807,0
2023-06-22,37.4682,37.4682,37.4682,37.4682,3
2023-06-23,37.0899,37.0899,37.0899,37.0899,0
2023-06-26,37.5633,37.5633,37.5633,37.5633,0
2023-06-27,37.6519,37.6519,37.6519,37.6519,0
2023-06-28,37.9046,37.9046,37.9046,37.9046,1
2023-06-29,38.2191,38.2191,38.2191,38.2191,5
2023-06-30,38.3937,38.3937,38.3937,38.3937,0
2023-07-03,38.5961,38.5961,38.5961,38.5961,3
2023-07-05,38.3152,38.3152,38.3152,38.3152,1
2023-07-06,37.9905,37.9905,37.9905,37.9905,2
2023-07-07,38.2464,38.2464,38.2464,38.2464,0
2023-07-10,38.2813,38.2813,38.2813,38.2813,0
2023-07-11,38.6047,38.6047,38.6047,38.6047,0
2023-07-12,38.87,38.2594,38.9409,38.8164,1566
2023-07-13,38.5527,38.5527,38.5527,38.5527,3
2023-07-14,37.9127,37.9127,37.9127,37.9127,0
2023-07-17,37.8672,37.8672,37.8672,37.8672,1
2023-07-18,38.18,38.1929,38.1929,38.18,1585
2023-07-19,38.3677,38.3677,38.3677,38.3677,1
2023-07-20,38.6714,38.6714,38.6714,38.6714,2
2023-07-21,38.8305,38.8305,38.8305,38.8305,0
2023-07-24,39.1325,39.1325,39.1325,39.1325,86
2023-07-25,38.6916,38.6916,38.6916,38.6916,3
2023-07-26,38.96,38.8565,38.99,38.8565,2602
2023-07-27,38.5701,38.5701,38.5701,38.5701,3
2023-07-28,38.609,38.609,38.609,38.609,2
2023-07-31,38.9891,38.9891,38.9891,38.9891,1
2023-08-01,38.7788,38.7788,38.7788,38.7788,1
2023-08-02,38.5008,38.5008,38.5008,38.5008,44
2023-08-03,38.6263,38.6263,38.6263,38.6263,2
2023-08-04,37.34,38.4453,38.4453,37.34,207
2023-08-07,38.6398,38.6398,38.6398,38.6398,0
2023-08-08,38.5562,38.5562,38.5562,38.5562,0
2023-08-09,38.8333,38.8333,38.8333,38.8333,0
2023-08-10,38.7861,38.7861,38.7861,38.7861,137
2023-08-11,39.0913,39.0913,39.0913,39.0913,3
2023-08-14,38.8279,38.8279,38.8279,38.8279,1
2023-08-15,38.3577,38.3577,38.3577,38.3577,0
2023-08-16,38.3261,38.3261,38.3261,38.3261,0
2023-08-17,38.534,38.534,38.534,38.534,2
2023-08-18,38.7047,38.7047,38.7047,38.7047,10
2023-08-21,38.7573,38.7573,38.7573,38.7573,2
2023-08-22,38.5599,38.5599,38.5599,38.5599,25
2023-08-23,38.5928,38.5928,38.5928,38.5928,0
2023-08-24,38.4038,38.4038,38.4038,38.4038,5
2023-08-25,38.6174,38.6174,38.6174,38.6174,0
2023-08-28,38.8923,38.8923,38.8923,38.8923,0
2023-08-29,39.1249,39.1249,39.1249,39.1249,0
2023-08-30,39.24,39.24,39.24,39.24,0
2023-08-31,39.0683,39.0683,39.0683,39.0683,2
2023-09-01,39.3973,39.3973,39.3973,39.3973,1
2023-09-05,39.3241,39.3241,39.3241,39.3241,2
2023-09-06,38.3985,38.3985,38.3985,38.3985,1
2023-09-07,38.596,38.596,38.596,38.596,2
2023-09-08,38.8299,38.8299,38.8299,38.8299,0
2023-09-11,38.6774,38.6774,38.6774,38.6774,2
2023-09-12,39.1741,39.1741,39.1741,39.1741,1
2023-09-13,39.1876,39.1876,39.1876,39.1876,2
2023-09-14,39.6669,39.6669,39.6669,39.6669,2
2023-09-15,39.4282,39.4282,39.4282,39.4282,0
2023-09-18,39.5555,39.5555,39.5555,39.5555,2
2023-09-19,39.5791,39.5791,39.5791,39.5791,0
2023-09-20,39.7333,39.7333,39.7333,39.7333,4
2023-09-21,39.1959,39.1959,39.1959,39.1959,2
2023-09-22,39.2656,39.2656,39.2656,39.2656,3
2023-09-25,39.5407,39.5407,39.5407,39.5407,0
2023-09-26,39.0308,39.0308,39.0308,39.0308,95
2023-09-27,39.3581,39.3581,39.3581,39.3581,0
2023-09-28,39.3571,39.3571,39.3571,39.3571,22
2023-09-29,39.094,39.094,39.094,39.094,0
2023-10-02,38.2786,38.2786,38.2786,38.2786,0
2023-10-03,37.9109,37.9109,37.9109,37.9109,0
2023-10-04,37.5296,37.5296,37.5296,37.5296,0
2023-10-05,37.9023,37.9023,37.9023,37.9023,1
2023-10-06,38.0989,38.0989,38.0989,38.0989,0
2023-10-09,37.85,38.9548,38.9548,37.85,102
2023-10-10,39.1852,39.1852,39.1852,39.1852,0
2023-10-11,39.424,38.7543,39.424,39.424,0
2023-10-12,38.7442,38.7442,38.7442,38.7442,6
2023-10-13,39.1138,39.1138,39.1138,39.1138,3
2023-10-16,39.4086,39.4086,39.4086,39.4086,1
2023-10-17,39.6999,39.325,39.7,39.325,400
2023-10-18,39.1706,39.1706,39.1706,39.1706,0
2023-10-19,39.2029,39.2029,39.2029,39.2029,2
2023-10-20,38.8783,38.8783,38.8783,38.8783,2
2023-10-23,38.7028,38.7028,38.7028,38.7028,34
2023-10-24,38.7032,38.7032,38.7032,38.7032,7
2023-10-25,38.6554,38.6554,38.6554,38.6554,2
2023-10-26,38.5045,38.5045,38.5045,38.5045,1
2023-10-27,38.0359,38.0359,38.0359,38.0359,1
2023-10-30,38.1494,38.1494,38.1494,38.1494,3
2023-10-31,38.3158,38.3158,38.3158,38.3158,0
2023-11-01,38.6547,38.6547,38.6547,38.6547,0
2023-11-02,39.7156,39.7156,39.7156,39.7156,2
2023-11-03,39.9079,39.9079,39.9079,39.9079,0
2023-11-06,39.6414,39.6414,39.6414,39.6414,0
2023-11-07,39.24,39.2519,39.2519,39.24,100
2023-11-08,38.99,38.925,38.99,38.925,100
2023-11-09,38.8033,38.8033,38.8033,38.8033,3
2023-11-10,38.82,38.8718,38.8718,38.82,200
2023-11-13,39.0743,39.0743,39.0743,39.0743,5
2023-11-14,39.4804,39.4804,39.4804,39.4804,11
2023-11-15,39.5955,39.5955,39.5955,39.5955,0
2023-11-16,39.172,39.172,39.172,39.172,6
2023-11-17,39.8433,39.8433,39.8433,39.8433,1
2023-11-20,39.8586,39.8586,39.8586,39.8586,1
2023-11-21,40.0402,40.0402,40.0402,40.0402,0
2023-11-22,40.2101,40.2101,40.2101,40.2101,2
2023-11-24,39.94,40.398,40.398,39.94,107
2023-11-27,40.2699,40.2699,40.2699,40.2699,5
2023-11-28,40.2891,40.2891,40.2891,40.2891,0
2023-11-29,40.47,40.47,40.47,40.47,0
2023-11-30,40.9881,40.9881,40.9881,40.9881,2
2023-12-01,41.2824,41.2824,41.2824,41.2824,0
2023-12-04,41.2819,41.2819,41.2819,41.2819,45
2023-12-05,40.8315,40.8315,40.8315,40.8315,0
2023-12-06,40.3795,40.3795,40.3795,40.3795,0
2023-12-07,40.1364,40.1364,40.1364,40.1364,2
2023-12-08,40.3348,40.3348,40.3348,40.3348,0
2023-12-11,39.9811,39.9811,39.9811,39.9811,0
2023-12-12,39.5936,39.5936,39.5936,39.5936,1
2023-12-13,40.0801,40.0801,40.0801,40.0801,0
2023-12-14,40.3325,40.3325,40.3325,40.3325,2
2023-12-15,40.123,40.123,40.123,40.123,0
2023-12-18,40.3051,40.3051,40.3051,40.3051,0
2023-12-19,40.596,40.596,40.596,40.596,3
2023-12-20,40.2956,40.2956,40.2956,40.2956,0
2023-12-21,40.5847,40.5847,40.5847,40.5847,1
2023-12-22,40.6586,40.6586,40.6586,40.6586,1
2023-12-26,40.9198,40.9198,40.9198,40.9198,6
2023-12-27,40.7195,40.7195,40.7195,40.7195,4
2023-12-28,40.645,40.6053,40.645,40.6053,202
2023-12-29,40.5586,40.5586,40.5586,40.5586,1
2024-01-02,40.8443,40.8443,40.8443,40.8443,0
2024-01-03,41.2569,41.2569,41.2569,41.2569,3
2024-01-04,41.0772,41.0772,41.0772,41.0772,3
2024-01-05,41.2086,41.2086,41.2086,41.2086,0
2024-01-08,41.2543,41.2543,41.2543,41.2543,3
2024-01-09,41.0963,41.0963,41.0963,41.0963,1
2024-01-10,41.1023,41.1023,41.1023,41.1023,1
2024-01-11,40.9119,40.2471,40.9119,40.9119,4
2024-01-12,40.5091,40.5091,40.5091,40.5091,0
2024-01-16,40.3,40.1,40.3,40.1,2600
2024-01-17,39.7514,39.7514,39.7514,39.7514,0
2024-01-18,39.766,39.766,39.766,39.766,9
2024-01-19,39.6948,39.6948,39.6948,39.6948,0
2024-01-22,39.9064,39.9064,39.9064,39.9064,0
2024-01-23,39.995,39.995,39.995,39.995,0
2024-01-24,39.9392,39.9392,39.9392,39.9392,0
2024-01-25,40.4218,40.4218,40.4218,40.4218,10
2024-01-26,40.7958,40.7958,40.7958,40.7958,1
2024-01-29,40.9018,40.9018,40.9018,40.9018,0
2024-01-30,41.0751,41.0751,41.0751,41.0751,6
2024-01-31,40.5473,40.5473,40.5473,40.5473,1
2024-02-01,40.7537,40.7537,40.7537,40.7537,2
2024-02-02,40.3687,40.3687,40.3687,40.3687,4
2024-02-05,39.9486,39.9486,39.9486,39.9486,0
2024-02-06,39.7937,39.7937,39.7937,39.7937,0
2024-02-07,39.8206,39.8206,39.8206,39.8206,2
2024-02-08,39.828,39.828,39.828,39.828,2
2024-02-09,39.7777,39.7777,39.7777,39.7777,1
2024-02-12,40.3731,40.3731,40.3731,40.3731,22
2024-02-13,39.892,39.892,39.892,39.892,0
2024-02-14,39.8421,39.8421,39.8421,39.8421,0
2024-02-15,40.7837,40.7837,40.7837,40.7837,28
2024-02-16,41.2031,41.2031,41.2031,41.2031,0
2024-02-20,41.2661,41.2661,41.2661,41.2661,14
2024-02-21,41.8124,41.8124,41.8124,41.8124,10
2024-02-22,41.8994,41.8994,41.8994,41.8994,4
2024-02-23,41.9552,41.9552,41.9552,41.9552,2
2024-02-26,41.6082,41.6082,41.6082,41.6082,0
2024-02-27,41.6796,41.6796,41.6796,41.6796,0
2024-02-28,41.4419,41.4419,41.4419,41.4419,4
2024-02-29,41.7052,41.7052,41.7052,41.7052,2
2024-03-01,42.0913,42.0913,42.0913,42.0913,0
2024-03-04,42.1461,42.1461,42.1461,42.1461,6
2024-03-05,42.4524,42.4524,42.4524,42.4524,0
2024-03-06,42.7105,42.7105,42.7105,42.7105,5
2024-03-07,42.7976,42.7976,42.7976,42.7976,4
2024-03-08,42.674,42.674,42.674,42.674,0
2024-03-11,42.91,42.91,42.91,42.91,0
2024-03-12,43.0523,43.0523,43.0523,43.0523,0
2024-03-13,43.1367,43.1367,43.1367,43.1367,10
2024-03-14,42.741,42.741,42.741,42.741,2
2024-03-15,42.8999,42.8999,42.8999,42.8999,0
2024-03-18,43.0405,43.0405,43.0405,43.0405,0
2024-03-19,43.3901,43.3901,43.3901,43.3901,0
2024-03-20,43.5521,43.5521,43.5521,43.5521,0
2024-03-21,43.6985,43.6985,43.6985,43.6985,4
2024-03-22,43.4962,43.4962,43.4962,43.4962,0
2024-03-25,43.5642,43.5642,43.5642,43.5642,0
2024-03-26,43.4534,43.4534,43.4534,43.4534,0
2024-03-27,43.7382,43.7382,43.7382,43.7382,3
2024-03-28,44.2108,44.2108,44.2108,44.2108,1
2024-04-01,44.1359,44.1359,44.1359,44.1359,0
2024-04-02,44.3497,44.3497,44.3497,44.3497,0
2024-04-03,44.5561,44.5561,44.5561,44.5561,0
2024-04-04,44.2944,44.2944,44.2944,44.2944,2
2024-04-05,44.1922,44.1922,44.1922,44.1922,0
2024-04-08,44.0415,44.0415,44.0415,44.0415,0
2024-04-09,43.945,43.945,43.945,43.945,63
2024-04-10,43.5478,42.8706,43.5478,43.5478,35
2024-04-11,42.7193,42.7193,42.7193,42.7193,4
2024-04-12,42.2644,42.2644,42.2644,42.2644,5
2024-04-15,41.7741,41.7741,41.7741,41.7741,136
2024-04-16,41.3642,41.3642,41.3642,41.3642,11
2024-04-17,41.5913,41.5913,41.5913,41.5913,0
2024-04-18,41.9829,41.9829,41.9829,41.9829,2
2024-04-19,42.7628,42.7628,42.7628,42.7628,0
2024-04-22,42.9353,42.9353,42.9353,42.9353,0
2024-04-23,43.0164,43.0164,43.0164,43.0164,11
2024-04-24,43.2493,43.2493,43.2493,43.2493,19
2024-04-25,43.4153,43.4153,43.4153,43.4153,3
2024-04-26,43.3713,43.3713,43.3713,43.3713,1
2024-04-29,43.5991,43.5991,43.5991,43.5991,0
2024-04-30,42.852,42.852,42.852,42.852,23
2024-05-01,42.485,42.485,42.485,42.485,1
2024-05-02,43.0476,43.0476,43.0476,43.0476,1
2024-05-03,43.3969,43.3969,43.3969,43.3969,0
2024-05-06,43.6207,43.6207,43.6207,43.6207,0
2024-05-07,43.789,43.789,43.789,43.789,4
2024-05-08,44.0284,44.0284,44.0284,44.0284,10
2024-05-09,44.1785,44.1785,44.1785,44.1785,2
2024-05-10,44.2616,44.2616,44.2616,44.2616,4
2024-05-13,44.1807,44.1807,44.1807,44.1807,12
2024-05-14,44.5052,44.5052,44.5052,44.5052,0
2024-05-15,44.5017,44.5017,44.5017,44.5017,4
2024-05-16,44.508,44.508,44.508,44.508,2
2024-05-17,44.7663,44.7663,44.7663,44.7663,14
2024-05-20,44.94,44.9063,44.94,44.9063,1546
2024-05-21,44.9326,44.9326,44.9326,44.9326,8
2024-05-22,44.3373,44.3373,44.3373,44.3373,7
2024-05-23,43.8381,43.8381,43.8381,43.8381,4
2024-05-24,43.9083,43.9083,43.9083,43.9083,5
2024-05-28,44.033,44.033,44.033,44.033,6
2024-05-29,43.5903,43.5903,43.5903,43.5903,43
2024-05-30,43.6987,43.6987,43.6987,43.6987,40
2024-05-31,44.3425,44.3425,44.3425,44.3425,0
2024-06-03,43.92,43.9039,43.95,43.9039,1039
2024-06-04,44.0175,44.0175,44.0175,44.0175,0
2024-06-05,44.3145,44.3145,44.3145,44.3145,6
2024-06-06,44.347,44.347,44.347,44.347,8
2024-06-07,44.2321,44.2321,44.2321,44.2321,23
2024-06-10,44.5929,44.5929,44.5929,44.5929,4
2024-06-11,44.376,44.376,44.376,44.376,96
2024-06-12,44.5089,44.5089,44.5089,44.5089,0
2024-06-13,44.2218,44.2218,44.2218,44.2218,4
2024-06-14,43.8765,43.8765,43.8765,43.8765,0
2024-06-17,43.8255,43.8255,43.8255,43.8255,0
2024-06-18,43.9857,43.9857,43.9857,43.9857,1
2024-06-20,44.325,44.325,44.325,44.325,20
2024-06-21,44.3041,44.3041,44.3041,44.3041,8
2024-06-24,45.14,45.0886,45.14,45.0886,265
2024-06-25,45.0937,45.0937,45.0937,45.0937,26
2024-06-26,44.9462,44.9462,44.9462,44.9462,25
2024-06-27,44.9267,44.9267,44.9267,44.9267,31
2024-06-28,45.2281,45.2281,45.2281,45.2281,2
2024-07-01,45.41,45.2215,45.42,45.2215,4405
2024-07-02,45.3943,45.3943,45.3943,45.3943,48
2024-07-03,45.6825,45.6825,45.6825,45.6825,85
2024-07-05,45.3507,45.3507,45.3507,45.3507,8
2024-07-08,45.2377,45.2377,45.2377,45.2377,46
2024-07-09,45.2769,45.2769,45.2769,45.2769,105
2024-07-10,45.4972,45.4972,45.4972,45.4972,0
2024-07-11,45.6915,45.6915,45.6915,45.6915,26
2024-07-12,45.9377,45.2351,45.9377,45.9377,11
2024-07-15,44.65,45.36,45.36,44.62,10124
2024-07-16,45.4707,45.4707,45.4707,45.4707,0
2024-07-17,46.0,45.5869,46.0,45.5869,283
2024-07-18,45.896,45.896,45.896,45.896,10
2024-07-19,46.2733,46.2733,46.2733,46.2733,3
2024-07-22,46.6927,46.6927,46.6927,46.6927,8
2024-07-23,46.3155,46.3155,46.3155,46.3155,1
2024-07-24,46.0,45.6831,46.0,45.6831,208
2024-07-25,45.4646,45.4646,45.4646,45.4646,3
2024-07-26,45.8311,45.8311,45.8311,45.8311,7
2024-07-29,45.8345,45.8345,45.8345,45.8345,3
2024-07-30,46.1759,46.1759,46.1759,46.1759,2
2024-07-31,46.1122,46.1122,46.1122,46.1122,90
2024-08-01,46.0035,46.0035,46.0035,46.0035,70
2024-08-02,45.3353,45.3353,45.3353,45.3353,128
2024-08-05,43.77,44.3152,44.3152,43.73,2363
2024-08-06,45.04,45.4839,45.4839,45.03,2002
2024-08-07,45.4173,45.4173,45.4173,45.4173,0
2024-08-08,46.1822,46.1822,46.1822,46.1822,7
2024-08-09,45.7304,45.7304,45.7304,45.7304,1
2024-08-12,45.5039,45.5039,45.5039,45.5039,3
2024-08-13,45.6125,45.597,45.6125,45.597,210
2024-08-14,46.1935,46.1935,46.1935,46.1935,85
2024-08-15,46.408,46.408,46.408,46.408,20
2024-08-16,46.8328,46.8328,46.8328,46.8328,1
2024-08-19,47.1652,47.1652,47.1652,47.1652,379
2024-08-20,46.5842,46.5842,46.5842,46.5842,1
2024-08-21,46.5445,46.5445,46.5445,46.5445,0
2024-08-22,46.64,46.64,46.64,46.64,14
2024-08-23,47.1431,47.1431,47.1431,47.1431,3
2024-08-26,47.357,47.357,47.357,47.357,15
2024-08-27,47.1312,47.1312,47.1312,47.1312,1
2024-08-28,46.8202,46.8202,46.8202,46.8202,1
2024-08-29,47.29,47.3448,47.3448,47.29,602
2024-08-30,47.8144,47.8144,47.8144,47.8144,1
2024-09-03,47.538,47.538,47.538,47.538,16
2024-09-04,47.3655,47.3655,47.3655,47.3655,0
2024-09-05,47.5321,47.5321,47.5321,47.5321,3
2024-09-06,47.2234,47.2234,47.2234,47.2234,0
2024-09-09,47.303,47.303,47.303,47.303,5
2024-09-10,47.1837,47.1837,47.1837,47.1837,1
2024-09-11,47.1185,47.1185,47.1185,47.1185,0
2024-09-12,47.4664,47.4664,47.4664,47.4664,11
2024-09-13,47.8956,47.8956,47.8956,47.8956,0
