2024-09-24,32.0,29.51,34.5,29.51,11154
2024-09-25,31.0,28.0,31.0,28.0,15138
2024-09-26,28.0,27.01,28.0,27.01,22345
2024-09-27,27.0,25.67,27.5,25.4,163318
2024-09-30,26.25,32.25,32.25,23.58,18372551
2024-10-01,28.25,25.75,28.49,24.56,9674244
2024-10-02,25.48,25.27,25.94,24.68,11160566
2024-10-03,25.1,25.4,26.0,24.9501,4698385
2024-10-04,25.5,26.47,27.79,25.46,3640724
2024-10-07,26.2,25.55,26.375,25.4,3579826
2024-10-08,25.44,24.75,25.87,24.69,3114128
2024-10-09,24.44,25.5,26.34,24.02,3793019
2024-10-10,25.04,25.99,26.79,24.81,2715545
2024-10-11,26.0,26.9,27.19,25.9,2139551
2024-10-14,26.81,28.38,28.64,26.68,3154155
2024-10-15,28.47,28.7,28.87,28.02,2743425
2024-10-16,28.47,28.93,30.29,27.94,2112278
2024-10-17,29.13,29.69,30.03,28.85,1674703
2024-10-18,29.7,29.3,29.82,28.72,1828737
2024-10-21,29.09,28.96,29.77,28.55,2767451
2024-10-22,28.61,28.97,29.22,28.37,1081142
2024-10-23,28.82,28.87,29.24,28.3,3347248
2024-10-24,29.45,29.97,30.22,28.9697,1485219
2024-10-25,30.21,29.65,31.025,29.51,1282149
2024-10-28,29.69,30.88,30.91,29.69,964423
2024-10-29,30.91,30.81,31.14,30.13,1493496
2024-10-30,30.72,30.12,30.99,30.05,1004673
2024-10-31,30.0,29.74,30.53,29.401,1101697
2024-11-01,30.28,30.79,31.14,29.83,957085
2024-11-04,30.67,29.63,31.06,29.63,787604
2024-11-05,29.54,30.0,30.2,29.52,710428
2024-11-06,31.29,31.0,31.75,30.3,1331079
2024-11-07,31.19,31.84,31.975,31.1,1338813
2024-11-08,32.03,33.4,33.5,31.51,1403806
2024-11-11,33.85,32.28,34.47,32.12,1007075
2024-11-12,32.0,31.24,32.59,30.53,1252670
2024-11-13,31.36,29.63,31.49,29.4,1693809
2024-11-14,29.29,26.41,29.58,26.02,2505675
2024-11-15,26.19,25.2,26.35,24.88,2632124
2024-11-18,24.79,22.77,25.06,22.24,3096661
2024-11-19,22.22,21.94,22.94,21.24,4280056
2024-11-20,21.96,22.41,22.99,21.5,2440595
2024-11-21,23.44,24.76,25.29,23.35,2891963
2024-11-22,24.9,24.43,25.44,24.4,1467043
2024-11-25,24.76,24.81,25.45,24.47,1451103
2024-11-26,24.59,24.61,25.955,24.36,1098076
2024-11-27,24.61,23.9,24.8,23.485,1020440
2024-11-29,24.25,24.35,24.66,24.01,642615
2024-12-02,24.37,23.86,25.046,23.7564,1309802
2024-12-03,23.63,24.27,24.53,23.6151,1420019
2024-12-04,24.27,23.91,24.64,23.69,1173355
2024-12-05,23.91,23.0,24.04,22.71,1340779
2024-12-06,23.21,23.17,23.95,23.0,1015913
2024-12-09,23.65,23.75,24.24,23.0,2612375
2024-12-10,23.8,24.02,25.0699,23.7384,2895045
2024-12-11,24.44,23.85,24.99,23.46,2266763
2024-12-12,23.59,23.61,24.34,23.05,1724905
2024-12-13,23.64,23.05,23.75,22.65,1598968
2024-12-16,23.08,23.78,24.225,22.84,3791307
2024-12-17,24.2,21.51,24.89,20.58,5609491
2024-12-18,21.59,20.33,21.99,20.09,4606286
2024-12-19,20.33,18.93,20.5664,18.89,4027348
2024-12-20,18.73,19.17,19.83,18.3796,37788846
2024-12-23,19.2,19.97,20.08,18.83,2858020
2024-12-24,19.91,19.81,20.2,19.47,1162694
2024-12-26,19.74,20.59,20.72,19.51,2404440
2024-12-27,20.51,20.48,20.79,19.78,2451249
2024-12-30,20.24,22.3,22.49,19.59,4790524
2024-12-31,22.24,21.03,22.7353,20.88,2489685
2025-01-02,21.41,21.66,21.86,20.75,2020245
2025-01-03,21.8,22.57,22.64,21.3501,1816969
2025-01-06,23.1,22.48,23.61,22.48,2431378
2025-01-07,22.93,22.1,22.99,21.65,3519799
2025-01-08,22.0,21.49,22.09,21.21,3516211
2025-01-10,21.1,22.51,22.84,20.81,2801238
2025-01-13,22.38,22.82,23.44,22.08,3186208
2025-01-14,22.98,23.2,23.41,22.58,2068864
2025-01-15,23.78,23.46,23.99,23.2735,2476259
2025-01-16,23.6,23.05,23.65,23.04,2162933
2025-01-17,23.06,22.79,23.32,22.66,1856086
2025-01-21,22.79,23.59,23.6,22.165,2233829
2025-01-22,23.72,23.12,23.88,23.12,1402095
2025-01-23,23.04,21.7,23.065,21.64,2236900
2025-01-24,21.69,21.59,21.87,21.25,1693628
2025-01-27,21.45,21.53,21.6,21.01,2124239
2025-01-28,21.63,19.89,21.742,19.76,2212771
2025-01-29,20.04,19.53,20.1283,19.38,1896918
2025-01-30,19.66,20.01,20.035,18.99,1899219
2025-01-31,19.9,20.97,21.35,19.6423,2993557
2025-02-03,20.13,20.4,20.66,19.62,1622405
2025-02-04,20.4,20.5,21.05,20.2,1706143
2025-02-05,21.8,22.68,23.04,20.9,4632778
2025-02-06,23.36,22.84,24.3,22.35,2796851
2025-02-07,22.6,22.16,22.71,21.7101,1815938
2025-02-10,21.85,22.1,22.4,21.2,1991237
2025-02-11,22.3,20.73,22.3,20.67,2519085
2025-02-12,20.6,20.49,21.15,20.48,1803724
2025-02-13,20.62,19.81,20.7563,19.63,1804823
2025-02-14,19.94,19.8,20.1,19.35,1479073
2025-02-18,20.99,21.73,21.95,20.5,2715156
2025-02-19,21.04,21.22,21.6,20.82,2395895
2025-02-20,21.14,20.75,21.2,20.07,1941084
2025-02-21,21.2,20.0,21.2,19.78,1991722
2025-02-24,20.24,19.81,20.29,19.67,1366431
2025-02-25,19.69,20.12,20.23,19.35,1847173
2025-02-26,20.31,19.95,20.9,19.84,1202445
2025-02-27,19.95,19.24,20.15,19.17,1592551
2025-02-28,19.02,19.64,19.7891,18.81,2080985
2025-03-03,19.77,18.44,19.8555,18.44,1986206
2025-03-04,18.04,18.71,19.26,17.82,2193201
2025-03-05,19.01,19.25,19.47,18.42,2289392
2025-03-06,18.96,18.33,18.96,18.13,1896724
2025-03-07,18.33,19.99,20.01,18.29,3629019
2025-03-10,18.6,18.56,19.6946,18.44,1846696
2025-03-11,18.49,17.04,18.77,16.95,2979904
2025-03-12,17.95,18.42,18.5375,17.73,10618714
2025-03-13,18.27,17.87,18.5,17.3,3222817
2025-03-14,18.05,17.9,18.52,17.8,3728129
2025-03-17,17.98,18.83,19.01,17.98,2963124
2025-03-18,18.67,18.47,18.75,18.02,2075244
2025-03-19,18.46,19.03,19.365,18.41,2751478
2025-03-20,18.7,18.32,19.0,18.26,2463857
2025-03-21,18.07,18.32,18.38,17.69,3774139
