2022-09-02,NaN,10.0,NaN,NaN,0
2022-10-04,10.0,10.0201,10.04,10.0,1415400
2022-10-05,10.02,10.02,10.1499,10.02,77999
2022-10-06,10.02,10.02,10.05,10.02,85890
2022-10-07,10.0,10.0214,10.04,10.0,20576
2022-10-10,10.0351,10.0342,10.0393,10.03,9222
2022-10-11,10.033,10.035,10.035,10.0301,710
2022-10-12,10.0398,10.03,10.058,10.03,115268
2022-10-13,10.02,10.02,10.02,10.02,129
2022-10-17,10.02,10.03,10.03,10.02,216
2022-10-18,10.0899,10.0899,10.0899,10.0899,174
2022-10-19,10.04,10.07,10.07,10.04,114519
2022-10-21,10.09,10.13,10.387,10.085,5007
2022-10-24,10.13,10.13,10.13,10.13,107
2022-10-25,10.538,10.538,10.538,10.538,359
2022-10-27,10.3,10.16,10.3,10.13,3726
2022-10-28,10.414,10.13,10.414,10.0101,2059
2022-10-31,10.13,10.13,10.13,10.13,608
2022-11-01,10.16,10.538,10.538,10.16,478
2022-11-02,10.271,10.155,10.271,10.15,728
2022-11-03,10.17,10.17,10.17,10.17,150
2022-11-04,10.18,10.185,10.185,10.18,2241
2022-11-07,10.59,10.18,10.67,10.17,1450
2022-11-08,10.18,10.18,10.18,10.175,6935
2022-11-09,10.185,10.19,10.19,10.185,700
2022-11-11,10.24,10.24,10.24,10.24,1007
2022-11-14,10.24,10.24,10.24,10.24,218
2022-11-16,10.2216,10.26,10.26,10.19,3698
2022-11-17,10.18,10.192,10.192,10.18,200
2022-11-28,10.2,10.22,10.22,10.2,3700
2022-11-30,10.2488,10.2488,10.2488,10.2488,250
2022-12-07,10.186,10.186,10.186,10.186,251
2022-12-08,10.15,10.2,10.2,10.15,779
2022-12-09,10.18,10.16,10.19,10.16,803
2022-12-13,10.17,10.16,10.17,10.16,6563
2022-12-22,10.15,10.15,10.15,10.15,100
2022-12-23,10.15,10.15,10.15,10.15,100
2022-12-27,10.2,10.2,10.2,10.2,102
2022-12-28,10.25,10.21,10.25,10.21,4159
2022-12-30,10.15,10.15,10.15,10.15,1952
2023-01-04,9.99,10.1501,10.276,9.99,1413
2023-01-05,10.325,10.5,10.5,10.1535,2150
2023-01-06,10.0,10.325,10.325,10.0,450
2023-01-09,10.2724,10.1501,10.2724,10.1501,500
2023-01-11,10.16,10.16,10.16,10.15,2801
2023-01-13,10.4899,10.4899,10.4899,10.4899,150
2023-01-17,10.15,10.25,10.25,10.15,288
2023-01-24,10.29,10.3,10.325,10.29,1000
2023-01-25,11.0,11.0,11.0,11.0,201
2023-02-01,10.27,10.27,10.27,10.27,100
2023-02-02,10.27,10.27,10.27,10.27,100
2023-02-03,10.29,10.17,10.29,10.17,456
2023-02-06,10.29,10.29,10.29,10.29,119
2023-02-09,10.13,10.1,10.13,10.1,500
2023-02-10,10.315,10.315,10.315,10.315,525
2023-02-13,10.34,10.332,10.34,10.332,350
2023-02-16,10.1,10.1,10.1,10.1,100
2023-02-21,10.3,10.37,10.37,10.3,1997
2023-02-22,10.3,10.35,10.35,10.3,650
2023-03-02,10.34,10.34,10.34,10.34,100
2023-03-03,10.34,10.35,10.35,10.34,400
2023-03-06,10.404,10.34,10.404,10.34,350
2023-03-14,10.5,10.26,10.5,10.26,615
2023-03-15,10.55,10.55,10.55,10.54,925
2023-03-17,10.55,10.55,10.55,10.55,1020
2023-03-20,10.55,10.55,10.55,10.55,700
2023-03-24,10.65,10.65,10.65,10.65,100
2023-03-28,10.65,10.65,10.65,10.65,600
2023-04-04,10.46,10.46,10.46,10.46,101
2023-04-14,10.43,10.43,10.43,10.43,100
2023-04-17,10.43,10.43,10.43,10.43,100
2023-04-18,10.4,10.4,10.4,10.4,100
2023-04-19,10.39,10.39,10.39,10.39,100
2023-04-20,10.38,10.38,10.38,10.38,400
2023-04-28,10.39,10.4,10.4,10.38,1500
2023-05-01,10.495,10.61,10.61,10.495,401
2023-05-03,10.58,10.58,10.58,10.58,125
2023-05-09,10.884,10.884,10.884,10.884,100
2023-05-17,10.42,10.42,10.42,10.42,100
2023-05-18,10.4,10.4,10.4,10.4,100
2023-05-19,10.57,10.57,10.57,10.57,100
2023-05-22,10.38,10.38,10.38,10.38,100
2023-05-23,10.38,10.38,10.38,10.38,100
2023-05-24,10.38,10.38,10.38,10.38,100
2023-05-25,10.38,10.38,10.38,10.38,100
2023-05-26,10.53,10.53,10.53,10.53,100
2023-05-30,10.53,10.53,10.53,10.53,100
2023-05-31,10.888,10.56,10.888,10.56,200
2023-06-08,10.38,10.38,10.38,10.38,100
2023-06-09,10.39,10.39,10.39,10.39,100
2023-06-12,10.39,10.39,10.39,10.39,100
2023-06-13,10.38,10.38,10.38,10.38,100
2023-06-14,10.4,10.4,10.4,10.4,100
2023-06-15,10.4,10.38,10.4,10.38,200
2023-07-13,10.884,10.884,10.884,10.884,100
2023-07-14,10.63,10.63,10.63,10.38,3690
2023-08-10,10.38,10.63,10.63,10.38,600
2023-08-14,10.75,10.7502,10.7502,10.75,550
2023-09-08,10.74,10.74,10.74,10.74,209
2023-09-12,NaN,10.74,NaN,NaN,0
2023-11-06,10.84,10.84,10.84,10.84,512
2023-12-06,11.216,11.06,12.2,11.0,2703
2023-12-07,11.1001,10.89,11.1001,10.89,2177
2024-06-26,NaN,NaN,NaN,NaN,1
2024-07-22,11.6,11.6,11.6,11.6,218
2024-07-23,11.16,11.16,11.16,11.16,200
2024-08-14,11.16,11.8,11.8,11.16,2848
2024-08-15,11.9001,11.9,11.9001,11.9,202
2024-08-16,11.5,12.0,12.0,11.5,301
2024-08-19,12.15,12.48,12.48,11.8,1792
2024-08-20,11.51,12.15,12.15,11.51,808
2024-08-23,11.61,11.63,11.63,11.61,420
2024-09-03,11.8,11.7,12.4,11.7,4326
2024-09-09,11.19,11.01,11.33,11.01,1320
2024-09-19,10.74,11.01,11.01,10.74,1248
2024-10-14,11.15,11.15,11.15,11.15,399
2024-12-02,11.6502,11.6502,11.6502,11.6502,100
2024-12-03,11.37,11.37,11.37,11.37,354
2024-12-17,11.39,11.39,11.39,11.39,100
2024-12-20,11.55,11.55,11.55,11.55,354
2024-12-23,11.89,11.87,11.99,11.75,5104
2024-12-24,12.69,12.49,12.69,12.49,1811
2024-12-26,11.82,11.43,12.14,11.43,2204
2024-12-30,11.54,12.31,12.89,11.54,5899
2025-01-02,11.48,11.46,11.48,11.46,410
2025-01-07,11.7486,11.51,11.7486,11.48,1491
2025-01-08,11.74,11.41,12.15,11.41,1856
2025-01-10,11.43,11.51,11.51,11.43,522
2025-01-13,11.95,11.95,11.95,11.95,315
2025-01-17,12.25,12.7,14.24,12.19,3803
2025-01-21,12.55,12.27,12.69,11.49,2625
2025-01-22,12.71,12.71,12.71,12.71,145
2025-01-23,12.1,12.1008,12.98,11.73,61708
2025-01-24,11.7,11.52,12.8,11.15,103388
2025-01-27,12.6,12.4,13.7,11.86,51046
2025-01-28,11.8,11.71,12.12,11.475,9508
2025-01-30,11.81,12.0,12.05,11.71,4785
2025-02-03,11.77,12.44,12.44,11.77,3284
2025-02-06,11.7,11.61,11.7,11.61,1100
2025-03-03,11.8,11.9,11.9,11.8,201
