2018-01-23,900000.0,900000.0,900000.0,900000.0,0
2018-03-29,1800000.0,1800000.0,1800000.0,1800000.0,0
2018-04-10,1296000.0,1260000.0,1296000.0,1260000.0,0
2018-05-10,900000.0,900000.0,900000.0,900000.0,0
2018-06-04,900000.0,900000.0,900000.0,900000.0,0
2018-06-13,900000.0,900000.0,900000.0,900000.0,0
2018-06-26,720000.0,720000.0,720000.0,720000.0,0
2018-06-29,864000.0,864000.0,864000.0,864000.0,0
2018-07-16,900000.0,900000.0,900000.0,900000.0,0
2018-07-19,828000.0,900000.0,900000.0,828000.0,0
2018-07-24,828000.0,756000.0,828000.0,756000.0,0
2018-08-02,792000.0,842400.0,842400.0,792000.0,0
2018-08-03,792000.0,784800.0,792000.0,756000.0,0
2018-08-06,756000.0,756000.0,756000.0,756000.0,0
2018-08-07,784800.0,784800.0,784800.0,784800.0,0
2018-08-08,763200.0,763200.0,763200.0,763200.0,0
2018-08-14,576000.0,576000.0,576000.0,576000.0,0
2018-08-15,576000.0,504000.0,576000.0,504000.0,0
2018-08-20,720000.0,720000.0,720000.0,720000.0,0
2018-08-30,720000.0,792000.0,900000.0,712800.0,0
2018-08-31,792000.0,727200.0,792000.0,727200.0,0
2018-09-04,792000.0,792000.0,792000.0,792000.0,0
2018-09-05,806400.0,792000.0,806400.0,792000.0,0
2018-09-07,720000.0,720000.0,720000.0,720000.0,0
2018-09-10,806400.0,828000.0,828000.0,806400.0,0
2018-09-11,756000.0,756000.0,756000.0,756000.0,0
2018-09-14,856800.0,856800.0,864000.0,856800.0,0
2018-09-19,684000.0,360000.0,684000.0,108000.0,0
2018-09-20,504000.0,720000.0,720000.0,504000.0,0
2018-10-16,828000.0,828000.0,828000.0,828000.0,0
2018-10-30,360000.0,756000.0,756000.0,360000.0,0
2018-11-26,108000.0,540000.0,540000.0,108000.0,0
2018-11-28,108000.0,108000.0,108000.0,108000.0,0
2018-11-29,360000.0,540000.0,540000.0,360000.0,0
2018-12-20,367200.0,367200.0,367200.0,367200.0,0
2018-12-21,324000.0,396000.0,396000.0,324000.0,0
2018-12-24,532800.0,532800.0,532800.0,532800.0,0
2018-12-26,259200.0,360000.0,511560.0,216000.0,0
2018-12-27,288000.0,396000.0,396000.0,288000.0,0
2018-12-28,396000.0,468000.0,468000.0,396000.0,0
2019-01-02,468000.0,288000.0,532800.0,216000.0,0
2019-01-03,252000.0,547200.0,547200.0,252000.0,0
2019-01-16,468000.0,468000.0,468000.0,468000.0,0
2019-01-17,504000.0,504000.0,504000.0,504000.0,0
2019-01-25,504000.0,540000.0,540000.0,504000.0,0
2019-01-28,540000.0,532800.0,540000.0,532800.0,0
2019-01-31,540000.0,540000.0,540000.0,540000.0,0
2019-02-11,504000.0,504000.0,540000.0,504000.0,0
2019-02-14,504000.0,540000.0,540000.0,504000.0,0
2019-02-20,360000.0,504000.0,504000.0,360000.0,0
2019-02-21,360000.0,396000.0,396000.0,354600.0,0
2019-02-25,396000.0,468000.0,468000.0,396000.0,0
2019-02-26,396000.0,468000.0,468000.0,396000.0,0
2019-02-27,468000.0,468000.0,468000.0,468000.0,0
2019-02-28,468000.0,468000.0,468000.0,468000.0,0
2019-03-04,468000.0,468000.0,468000.0,468000.0,0
2019-03-06,468000.0,468000.0,468000.0,468000.0,0
2019-03-15,468000.0,662400.0,662400.0,468000.0,0
2019-03-18,662400.0,662400.0,662400.0,662400.0,0
2019-04-04,684000.0,684000.0,684000.0,684000.0,0
2019-04-05,684000.0,684000.0,684000.0,684000.0,0
2019-04-09,684000.0,684000.0,684000.0,684000.0,0
2019-04-17,684000.0,684000.0,684000.0,684000.0,0
2019-05-09,432000.0,676800.0,676800.0,432000.0,0
2019-05-14,432000.0,684000.0,684000.0,129600.0,0
2019-06-06,NaN,684000.0,NaN,NaN,0
2019-07-05,266400.0,648000.0,648000.0,266400.0,0
2019-07-08,252000.0,252000.0,252000.0,252000.0,0
2019-07-09,680400.0,680400.0,680400.0,680400.0,0
2019-08-08,216000.0,277200.0,367200.0,216000.0,0
2019-08-09,367128.0,367128.0,367200.0,201600.0,0
2019-08-12,252000.0,324000.0,367128.0,187200.0,0
2019-08-13,324000.0,324000.0,324000.0,324000.0,0
2019-08-14,324000.0,532152.0,532152.0,324000.0,0
2019-08-15,217440.0,217440.0,217440.0,217440.0,0
2019-08-16,288000.0,396000.0,396000.0,288000.0,0
2019-08-20,396000.0,516960.0,516960.0,396000.0,0
2019-08-22,504000.0,504000.0,504000.0,504000.0,0
2019-09-04,216000.0,394560.0,394560.0,216000.0,0
2019-09-06,216000.0,360000.0,360000.0,216000.0,0
2019-09-09,252000.0,358560.0,360000.0,252000.0,0
2019-09-10,396000.0,309600.0,396000.0,237600.0,0
2019-09-11,237600.0,237600.0,237600.0,237600.0,0
2019-09-13,252000.0,288000.0,360000.0,230400.0,0
2019-09-16,288000.0,288000.0,288000.0,288000.0,0
2019-09-18,288000.0,288000.0,288000.0,288000.0,0
2019-09-19,252000.0,252000.0,252000.0,252000.0,0
2019-09-20,288000.0,288000.0,288000.0,288000.0,0
2019-09-23,288000.0,252000.0,288000.0,252000.0,0
2019-09-24,252000.0,252000.0,252000.0,252000.0,0
2019-09-25,252000.0,237600.0,252000.0,237600.0,0
2019-09-26,237600.0,230400.0,237600.0,230400.0,0
2019-09-27,216000.0,216000.0,216000.0,216000.0,0
2019-09-30,216000.0,216000.0,216000.0,216000.0,0
2019-10-03,201600.0,288000.0,288000.0,201600.0,0
2019-10-04,216000.0,216000.0,216000.0,216000.0,0
2019-10-07,252000.0,252000.0,252000.0,252000.0,0
2019-10-18,180000.0,358560.0,358560.0,180000.0,0
2019-10-21,NaN,358560.0,NaN,NaN,0
2019-10-28,216000.0,288000.0,288000.0,215928.0,0
2019-10-29,194400.0,194400.0,194400.0,194400.0,0
2019-10-30,252000.0,194400.0,252000.0,194400.0,0
2019-10-31,194400.0,194400.0,194400.0,194400.0,0
2019-11-01,180000.0,216000.0,230400.0,180000.0,0
2019-11-08,180000.0,180000.0,180000.0,180000.0,0
2019-11-12,158400.0,158400.0,158400.0,158400.0,0
2019-11-14,144000.0,144000.0,144000.0,144000.0,0
2019-11-15,129600.0,144000.0,144000.0,129600.0,0
2019-11-29,136800.0,136800.0,136800.0,136800.0,0
2019-12-03,135720.0,136800.0,136800.0,129600.0,0
2019-12-06,123120.0,123120.0,123120.0,123120.0,0
2019-12-10,129600.0,144000.0,144000.0,129600.0,0
2019-12-11,144000.0,144000.0,144000.0,144000.0,0
2019-12-13,144000.0,158400.0,172872.0,144000.0,0
2019-12-16,144000.0,180000.0,180000.0,144000.0,0
2019-12-17,165600.0,144000.0,165600.0,136800.0,0
2019-12-23,144000.0,336960.0,336960.0,144000.0,0
2019-12-24,288000.0,288000.0,288000.0,288000.0,0
2019-12-26,180000.0,205200.0,205200.0,180000.0,0
2020-01-03,208800.0,203976.0,216000.0,203976.0,0
2020-01-13,144000.0,144000.0,144000.0,144000.0,0
2020-01-14,158400.0,158400.0,158400.0,158400.0,0
2020-01-17,NaN,158400.0,NaN,NaN,0
2020-01-22,144000.0,179928.0,180000.0,144000.0,0
2020-01-24,129600.0,144000.0,144000.0,129600.0,0
2020-01-27,129600.0,168660.0,168660.0,129600.0,0
2020-01-28,178560.0,177120.0,178560.0,154080.0,0
2020-01-30,144000.0,144000.0,144000.0,144000.0,0
2020-01-31,196560.0,196560.0,196560.0,196560.0,0
2020-02-07,129600.0,180000.0,180000.0,129600.0,0
2020-02-10,129600.0,139140.0,139140.0,129600.0,0
2020-02-13,122400.0,144000.0,144000.0,122400.0,0
2020-02-18,122400.0,144000.0,144000.0,122400.0,0
2020-02-21,115200.0,115200.0,115200.0,115200.0,0
2020-02-24,116820.0,116820.0,116820.0,116820.0,0
2020-02-25,115200.0,115200.0,115200.0,115200.0,0
2020-02-26,115200.0,115200.0,115200.0,115200.0,0
2020-02-28,115200.0,122400.0,122400.0,115200.0,0
2020-03-03,108000.0,108000.0,108000.0,108000.0,0
2020-03-05,115200.0,122328.0,122400.0,115200.0,0
2020-03-06,122400.0,108000.0,122400.0,108000.0,0
2020-03-10,108000.0,108000.0,108000.0,108000.0,0
2020-03-13,115200.0,108000.0,115200.0,108000.0,0
2020-03-17,86400.0,100800.0,107928.0,86400.0,0
2020-03-19,86400.0,100800.0,100800.0,86400.0,0
2020-03-23,108000.0,143928.0,144000.0,108000.0,0
2020-03-24,86400.0,108000.0,108000.0,86400.0,0
2020-03-26,93600.0,86400.0,93600.0,86400.0,0
2020-04-01,86400.0,90000.0,90000.0,86400.0,0
2020-04-03,86400.0,86400.0,86400.0,86400.0,0
2020-04-07,82800.0,79200.0,82800.0,79200.0,0
2020-04-09,NaN,79200.0,NaN,NaN,0
2020-04-14,79200.0,79920.0,79920.0,79200.0,0
2020-04-15,NaN,79920.0,NaN,NaN,0
2020-04-16,79200.0,73440.0,79200.0,73440.0,0
2020-04-17,75600.0,75600.0,75600.0,75600.0,0
2020-04-22,75600.0,75600.0,75600.0,75600.0,0
2020-04-23,78480.0,86400.0,86400.0,78480.0,0
2020-04-24,86400.0,81000.0,86400.0,75600.0,0
2020-04-28,86400.0,86400.0,86400.0,81000.0,0
2020-04-29,93600.0,87300.0,93600.0,87300.0,0
2020-04-30,93600.0,106560.0,106560.0,92160.0,0
2020-05-05,108000.0,93600.0,108000.0,93600.0,0
2020-05-06,108000.0,108000.0,108000.0,108000.0,0
2020-05-07,108000.0,107928.0,108000.0,93960.0,0
2020-05-08,86400.0,93600.0,108000.0,86400.0,0
2020-05-11,108000.0,108000.0,108000.0,105840.0,0
2020-05-13,108000.0,97200.0,108000.0,97200.0,0
2020-05-14,86400.0,86400.0,86400.0,86400.0,0
2020-05-15,82800.0,79200.0,90000.0,79200.0,0
2020-05-18,79200.0,86400.0,86400.0,79200.0,0
2020-05-19,83700.0,83700.0,83700.0,83700.0,0
2020-05-20,82800.0,90000.0,90000.0,82800.0,0
2020-05-21,79200.0,73440.0,79200.0,73440.0,0
2020-05-22,88200.0,88200.0,88200.0,88200.0,0
2020-05-26,90000.0,79200.0,90000.0,79200.0,0
2020-05-27,82800.0,79200.0,82800.0,79200.0,0
2020-05-28,79200.0,79200.0,79200.0,72000.0,0
2020-05-29,75600.0,75600.0,75600.0,72000.0,0
2020-06-01,75600.0,82800.0,82800.0,75600.0,0
2020-06-03,90000.0,90000.0,90000.0,90000.0,0
2020-06-04,83700.0,83700.0,83700.0,83700.0,0
2020-06-05,89280.0,79200.0,89280.0,72000.0,0
2020-06-08,82800.0,81000.0,82800.0,81000.0,0
2020-06-09,82800.0,72000.0,86400.0,64800.0,0
2020-06-11,72000.0,82800.0,82800.0,64800.0,0
2020-06-12,72504.0,75600.0,75600.0,72504.0,0
2020-06-17,72000.0,72000.0,72000.0,72000.0,0
2020-06-18,59580.0,64800.0,64800.0,54000.0,0
2020-06-19,50400.0,64800.0,64800.0,46800.0,0
2020-06-26,54432.0,74160.0,74160.0,54432.0,0
2020-06-29,54000.0,71280.0,72000.0,54000.0,0
2020-07-01,54000.0,82512.0,82512.0,54000.0,0
2020-07-06,86400.0,86328.0,86400.0,86328.0,0
2020-07-08,83160.0,83160.0,83160.0,83160.0,0
2020-07-13,57600.0,56160.0,57600.0,56160.0,0
2020-07-14,83160.0,46800.0,83160.0,46800.0,0
2020-07-15,46800.0,46800.0,46800.0,46800.0,0
2020-07-16,74880.0,65304.0,74880.0,65304.0,0
2020-07-17,72000.0,71280.0,72000.0,70560.0,0
2020-07-21,46800.0,72000.0,72000.0,46800.0,0
2020-07-23,90000.0,88560.0,90000.0,88560.0,0
2020-07-24,66960.0,66960.0,66960.0,66960.0,0
2020-07-27,57600.0,57600.0,57600.0,57600.0,0
2020-07-29,57600.0,86400.0,90000.0,57600.0,0
2020-07-30,51840.0,69120.0,69120.0,50400.0,0
2020-07-31,70128.0,69120.0,70128.0,69120.0,0
2020-08-03,72000.0,64800.0,72000.0,64800.0,0
2020-08-04,72000.0,64800.0,72000.0,57600.0,0
2020-08-10,50400.0,50400.0,50400.0,50400.0,0
2020-08-11,59760.0,72000.0,72000.0,59760.0,0
2020-08-12,72000.0,72000.0,72000.0,72000.0,0
2020-08-13,50400.0,79200.0,79200.0,50400.0,0
2020-08-17,79200.0,79200.0,79200.0,79200.0,0
2020-08-18,68490.0,68490.0,68490.0,68490.0,0
2020-08-20,79200.0,72000.0,79200.0,72000.0,0
2020-08-21,47520.0,77760.0,77760.0,47520.0,0
2020-08-25,79200.0,79200.0,79200.0,79200.0,0
2020-08-31,71280.0,71280.0,71280.0,71280.0,0
2020-09-01,72000.0,71280.0,72000.0,71280.0,0
2020-09-03,49248.0,64080.0,71280.0,46800.0,0
2020-09-15,46800.0,57600.0,57600.0,43200.0,0
2020-09-16,57600.0,57600.0,57600.0,57600.0,0
2020-09-22,47160.0,66960.0,70560.0,25200.0,0
2020-09-25,36000.0,36000.0,36000.0,32400.0,0
2020-09-29,43200.0,39600.0,43200.0,39600.0,0
2020-09-30,43200.0,60840.0,71280.0,43200.0,0
2020-10-01,50400.0,57600.0,64800.0,50400.0,0
2020-10-05,64800.0,50400.0,64800.0,50400.0,0
2020-10-06,61200.0,61200.0,61200.0,61200.0,0
2020-10-08,64800.0,64800.0,64800.0,64800.0,0
2020-10-14,52488.0,68400.0,68400.0,50400.0,0
2020-10-16,71280.0,72000.0,72000.0,71280.0,0
2020-10-21,70560.0,70560.0,70560.0,70560.0,0
2020-10-23,68400.0,36000.0,68400.0,30240.0,0
2020-10-26,39600.0,36720.0,43200.0,36720.0,0
2020-10-27,43200.0,36756.0,43200.0,36756.0,0
2020-10-28,43200.0,43200.0,43200.0,31680.0,0
2020-10-29,43200.0,43200.0,43200.0,43200.0,0
2020-10-30,39600.0,46800.0,46800.0,39600.0,0
2020-11-03,36720.0,50400.0,50400.0,36720.0,0
2020-11-04,36720.0,36720.0,36720.0,36720.0,0
2020-11-12,36000.0,36000.0,36000.0,36000.0,0
2020-11-18,32400.0,39960.0,43200.0,32400.0,0
2020-11-19,46800.0,46728.0,46800.0,46728.0,0
2020-11-20,50400.0,43200.0,50400.0,43200.0,0
2020-11-24,NaN,43200.0,NaN,NaN,0
2020-11-25,46800.0,56160.0,56160.0,46800.0,0
2020-11-30,57600.0,50400.0,57600.0,50400.0,0
2020-12-02,46800.0,43200.0,46800.0,43200.0,0
2020-12-03,40320.0,50400.0,57600.0,40320.0,0
2020-12-07,57600.0,57672.0,75600.0,57600.0,0
2020-12-08,64800.0,86400.0,86400.0,57960.0,0
2020-12-09,79200.0,79200.0,82800.0,61200.0,0
2020-12-10,79200.0,79200.0,79200.0,79200.0,0
2020-12-11,70920.0,59760.0,70920.0,59760.0,0
2020-12-14,57600.0,57600.0,57600.0,57600.0,0
2020-12-15,60840.0,64800.0,64800.0,60840.0,0
2020-12-16,64800.0,72000.0,72000.0,64800.0,0
2020-12-17,74880.0,79200.0,82080.0,74880.0,0
2020-12-18,73440.0,82080.0,82080.0,73440.0,0
2020-12-21,73440.0,81360.0,81360.0,73440.0,0
2020-12-22,73080.0,73080.0,73080.0,73080.0,0
2020-12-23,71992.8,64800.0,71992.8,64800.0,0
2020-12-24,72000.0,72000.0,72000.0,72000.0,0
2020-12-28,82080.0,69840.0,82080.0,69840.0,0
2020-12-30,82080.0,74880.0,82080.0,74880.0,0
2021-01-05,73440.0,72720.0,73440.0,66600.0,0
2021-01-06,58320.0,57600.0,58320.0,57600.0,0
2021-01-08,82080.0,75600.0,82080.0,68400.0,0
2021-01-11,75600.0,75600.0,75600.0,75600.0,0
2021-01-12,66600.0,57600.0,75600.0,57600.0,0
2021-01-13,74880.0,72000.0,74880.0,72000.0,0
2021-01-14,64800.0,64800.0,70200.0,64800.0,0
2021-01-19,64800.0,64800.0,64800.0,64800.0,0
2021-01-21,64800.0,64800.0,72000.0,64800.0,0
2021-01-25,64800.0,72000.0,72000.0,64800.0,0
2021-01-26,57600.0,64800.0,64800.0,57600.0,0
2021-01-27,57600.0,64800.0,64800.0,57600.0,0
2021-01-28,68400.0,68400.0,68400.0,68400.0,0
2021-01-29,72000.0,72000.0,72000.0,72000.0,0
2021-02-01,73800.0,72000.0,73800.0,72000.0,0
2021-02-02,64800.0,57600.0,64800.0,57600.0,0
2021-02-03,57600.0,61200.0,61200.0,57592.8,0
2021-02-04,57600.0,57600.0,57600.0,57592.8,0
2021-02-05,57600.0,57600.0,57600.0,49320.0,0
2021-02-09,50400.0,55440.0,55440.0,50400.0,0
2021-02-10,51120.0,49680.0,53280.0,49680.0,0
2021-02-11,49680.0,68400.0,68400.0,39672.0,0
2021-02-12,61200.0,46800.0,61200.0,46800.0,0
2021-02-16,50400.0,61200.0,61200.0,50400.0,0
2021-02-17,54000.0,54000.0,54000.0,54000.0,0
2021-02-18,55800.0,61200.0,61200.0,55800.0,0
2021-02-19,69840.0,41400.0,69840.0,41112.0,0
2021-02-22,45360.0,61200.0,61200.0,45360.0,0
2021-02-23,57600.0,53280.0,57600.0,52848.0,0
2021-02-25,54000.0,54000.0,54000.0,54000.0,0
2021-03-02,54000.0,54000.0,54000.0,54000.0,0
2021-03-03,54360.0,49680.0,61200.0,38952.0,0
2021-03-08,46800.0,46800.0,46800.0,46800.0,0
2021-03-09,43200.0,40248.0,43200.0,39816.0,0
2021-03-10,40824.0,36000.0,41400.0,35136.0,0
2021-03-11,36000.0,38880.0,38880.0,36000.0,0
2021-03-12,39600.0,39600.0,39600.0,39600.0,0
2021-03-15,43200.0,43200.0,43200.0,41400.0,0
2021-03-16,43200.0,38880.0,43200.0,38880.0,0
2021-03-18,38952.0,37800.0,41040.0,37800.0,0
2021-03-19,38700.0,48960.0,48960.0,37800.0,0
2021-03-22,48960.0,32472.0,48960.0,32472.0,0
2021-03-23,36000.0,31320.0,36000.0,31320.0,0
2021-03-24,32400.0,30240.0,32400.0,30240.0,0
2021-03-26,30240.0,48960.0,48960.0,29592.0,0
2021-03-29,30240.0,43128.0,43200.0,30240.0,0
2021-03-30,43200.0,46728.0,46728.0,31680.0,0
2021-03-31,36000.0,43920.0,63360.0,34920.0,2
2021-04-01,54000.0,44316.0,54000.0,36720.0,0
2021-04-05,46800.0,43920.0,51912.0,43920.0,0
2021-04-06,43920.0,50400.0,50400.0,43200.0,0
2021-04-07,50400.0,43200.0,50400.0,38520.0,0
2021-04-08,43200.0,47520.0,47520.0,43200.0,0
2021-04-09,46800.0,37440.0,47520.0,36000.0,0
2021-04-12,37324.8,37612.8,43200.0,37324.8,0
2021-04-13,39600.0,42984.0,42984.0,39600.0,0
2021-04-14,46368.0,46368.0,46368.0,46368.0,0
2021-04-15,48960.0,43200.0,48960.0,43200.0,0
2021-04-16,48672.0,48672.0,48672.0,48672.0,0
2021-04-19,48672.0,43200.0,48672.0,43200.0,0
2021-04-21,45928.8,45936.0,45936.0,45928.8,0
2021-04-22,48672.0,45936.0,48672.0,45936.0,0
2021-04-23,45936.0,45720.0,45936.0,45720.0,0
2021-04-26,48672.0,54000.0,54000.0,48384.0,0
2021-04-27,54000.0,47772.0,54000.0,47520.0,0
2021-04-28,42120.0,53640.0,53640.0,42120.0,0
2021-04-29,53640.0,53640.0,53640.0,38404.8,0
2021-04-30,41040.0,48600.0,50400.0,41040.0,0
2021-05-03,50400.0,53280.0,64080.0,45720.0,0
2021-05-04,41400.0,54000.0,54000.0,41400.0,0
2021-05-05,54000.0,49680.0,54000.0,45360.0,0
2021-05-06,54000.0,57600.0,64080.0,51840.0,0
2021-05-07,52200.0,61956.0,71928.0,51912.0,0
2021-05-10,54000.0,58140.0,72000.0,54000.0,0
2021-05-11,64800.0,64800.0,64800.0,51120.0,0
2021-05-12,64800.0,50400.0,64800.0,49680.0,0
2021-05-13,64800.0,57600.0,64800.0,54000.0,0
2021-05-14,63360.0,64800.0,64800.0,49680.0,0
2021-05-17,64800.0,50400.0,64800.0,49140.0,0
2021-05-18,50400.0,49680.0,64800.0,49680.0,0
2021-05-19,49680.0,48240.0,49680.0,43740.0,0
2021-05-20,46800.0,48240.0,49680.0,46800.0,0
2021-05-21,48240.0,54720.0,62640.0,48240.0,0
2021-05-24,64800.0,47160.0,64800.0,47160.0,0
2021-05-25,54000.0,61200.0,61200.0,54000.0,0
2021-05-26,64800.0,61200.0,64800.0,51120.0,0
2021-05-27,50400.0,50400.0,61200.0,50400.0,0
2021-05-28,56512.8,54784.8,61887.6,54784.8,0
2021-06-01,62640.0,62640.0,64800.0,55440.0,0
2021-06-02,61200.0,51120.0,61200.0,51120.0,0
2021-06-03,51480.0,56160.0,64800.0,51120.0,0
2021-06-04,60480.0,56304.0,62640.0,55440.0,0
2021-06-07,61200.0,60480.0,61200.0,51120.0,0
2021-06-08,60480.0,60480.0,60480.0,60480.0,0
2021-06-09,60480.0,75600.0,75600.0,51840.0,0
2021-06-10,84960.0,64872.0,84960.0,64872.0,0
2021-06-11,61200.0,64872.0,74880.0,61200.0,0
2021-06-14,68400.0,72000.0,72000.0,64872.0,0
2021-06-15,77392.8,68400.0,86400.0,68400.0,0
2021-06-16,82080.0,75600.0,82080.0,66960.0,0
2021-06-17,75600.0,82800.0,86400.0,75600.0,0
2021-06-18,86400.0,82800.0,86400.0,76500.0,0
2021-06-21,82800.0,82800.0,82800.0,80100.0,0
2021-06-22,77472.0,77400.0,77472.0,77400.0,0
2021-06-23,77400.0,75600.0,86400.0,75600.0,0
2021-06-24,73792.8,66240.0,74160.0,66240.0,0
2021-06-28,85680.0,78588.0,85680.0,66240.0,0
2021-06-29,79920.0,67032.0,79920.0,66924.0,0
2021-06-30,67032.0,72396.0,75528.0,66960.0,0
2021-07-01,79848.0,71280.0,79848.0,70560.0,0
2021-07-02,71280.0,70200.0,71280.0,69120.0,0
2021-07-06,70560.0,51120.0,72000.0,51120.0,0
2021-07-07,64800.0,58104.0,64800.0,57600.0,0
2021-07-08,61740.0,57600.0,64872.0,51480.0,0
2021-07-09,57600.0,51840.0,57600.0,50400.0,0
2021-07-12,54000.0,51768.0,54000.0,50400.0,0
2021-07-13,51768.0,52056.0,54000.0,51768.0,0
2021-07-14,51840.0,53712.0,56520.0,51120.0,0
2021-07-15,51120.0,50400.0,57600.0,50400.0,0
2021-07-16,50040.0,48060.0,50400.0,44640.0,0
2021-07-19,56160.0,48960.0,57600.0,45000.0,0
2021-07-20,48960.0,48960.0,50400.0,48960.0,0
2021-07-21,47880.0,45432.0,50400.0,45432.0,0
2021-07-22,78480.0,53280.0,84960.0,47520.0,0
2021-07-23,51768.0,45360.0,51840.0,45360.0,0
2021-07-26,47880.0,45720.0,75528.0,39600.0,0
2021-07-27,47520.0,43200.0,47520.0,43200.0,0
2021-07-28,43200.0,42480.0,47520.0,41760.0,0
2021-07-29,43920.0,43200.0,43920.0,40320.0,0
2021-07-30,43200.0,43200.0,43200.0,42300.0,0
2021-08-02,43200.0,44640.0,44640.0,43200.0,0
2021-08-03,44280.0,42480.0,44280.0,41760.0,0
2021-08-04,43920.0,50400.0,50400.0,42840.0,0
2021-08-05,42552.0,40320.0,50400.0,40320.0,0
2021-08-06,43920.0,43200.0,43920.0,41760.0,0
2021-08-09,43200.0,45360.0,45360.0,40320.0,0
2021-08-10,40392.0,41760.0,45360.0,39672.0,0
2021-08-11,37080.0,37080.0,41760.0,37080.0,0
2021-08-12,43920.0,37080.0,43920.0,37080.0,0
2021-08-13,44820.0,39600.0,45000.0,34956.0,0
2021-08-16,36072.0,43200.0,43200.0,36000.0,0
2021-08-17,43200.0,40140.0,43200.0,40140.0,0
2021-08-18,39312.0,36000.0,39312.0,36000.0,0
2021-08-20,36000.0,36000.0,36720.0,36000.0,0
2021-08-23,36000.0,43560.0,43560.0,36000.0,0
2021-08-24,46728.0,41688.0,46728.0,39564.0,0
2021-08-25,41688.0,43128.0,43884.0,41688.0,0
2021-08-26,43200.0,43200.0,43200.0,43200.0,0
2021-08-27,38160.0,40680.0,43200.0,38160.0,0
2021-08-30,46800.0,42696.0,46800.0,40680.0,0
2021-08-31,50400.0,43200.0,50400.0,40680.0,0
2021-09-01,38160.0,39060.0,39060.0,38160.0,0
2021-09-02,39600.0,38880.0,41040.0,36360.0,0
2021-09-03,43920.0,39060.0,43920.0,36360.0,0
2021-09-07,NaN,39060.0,NaN,NaN,0
2021-09-08,43128.0,41688.0,43128.0,41544.0,0
2021-09-09,42343.2,41364.0,42408.0,40424.4,0
2021-09-10,41724.0,40320.0,42408.0,40320.0,0
2021-09-13,40968.0,40320.0,40968.0,40320.0,0
2021-09-14,40968.0,40320.0,41040.0,40320.0,0
2021-09-15,48600.0,44532.0,48600.0,39960.0,0
2021-09-16,40500.0,43200.0,48240.0,40500.0,0
2021-09-17,44092.8,39672.0,48240.0,39672.0,0
2021-09-20,47448.0,46728.0,47448.0,43164.0,0
2021-09-21,46728.0,45748.8,47520.0,43272.0,0
2021-09-22,43272.0,43272.0,43272.0,43272.0,0
2021-09-23,43200.0,43200.0,47520.0,43200.0,0
2021-09-24,46800.0,43200.0,46800.0,41040.0,0
2021-09-27,NaN,43200.0,NaN,NaN,0
2021-09-28,47880.0,47880.0,47880.0,44838.0,0
2021-09-29,48168.0,45684.0,48168.0,44640.0,0
2021-09-30,43200.0,48240.0,48240.0,43200.0,0
2021-10-01,47520.0,47520.0,47520.0,47520.0,0
2021-10-04,47520.0,46800.0,47520.0,43200.0,0
2021-10-05,41796.0,36849.6,41796.0,36849.6,0
2021-10-06,37440.0,37440.0,37440.0,36864.0,0
2021-10-07,42544.8,36936.0,42588.0,36864.0,0
2021-10-08,43200.0,37677.6,44186.4,37677.6,0
2021-10-11,39600.0,37440.0,39600.0,36864.0,0
2021-10-12,48240.0,42840.0,48240.0,37440.0,0
2021-10-13,48240.0,39484.8,48240.0,38520.0,0
2021-10-14,38232.0,39312.0,48240.0,38232.0,0
2021-10-15,46728.0,45360.0,46728.0,43200.0,0
2021-10-18,39312.0,42818.4,42818.4,39312.0,0
2021-10-19,45288.0,39600.0,45288.0,39600.0,0
2021-10-20,45144.0,45360.0,45360.0,41040.0,0
2021-10-21,37800.0,41256.0,45216.0,37800.0,0
2021-10-22,43200.0,39942.0,43200.0,39942.0,0
2021-10-25,41256.0,36000.0,43560.0,35928.0,0
2021-10-26,43560.0,35856.0,43560.0,35568.0,0
2021-10-27,35712.0,33552.0,36000.0,33480.0,0
2021-10-28,36000.0,38160.0,43200.0,36000.0,0
2021-10-29,38088.0,33048.0,38088.0,32904.0,0
2021-11-01,36000.0,36720.0,41688.0,35928.0,0
2021-11-02,43020.0,37080.0,43020.0,36720.0,0
2021-11-03,36072.0,36216.0,38772.0,36072.0,0
2021-11-04,36072.0,36000.0,40248.0,35460.0,0
2021-11-05,37756.8,37584.0,37756.8,35280.0,0
2021-11-08,34920.0,34560.0,40104.0,34560.0,0
2021-11-09,33120.0,33660.0,34560.0,33120.0,0
2021-11-10,35928.0,32328.0,35928.0,32328.0,0
2021-11-11,32400.0,33120.0,36000.0,27180.0,0
2021-11-12,36000.0,34200.0,36000.0,32400.0,0
2021-11-15,36000.0,34524.0,36000.0,34524.0,0
2021-11-16,35100.0,35280.0,36000.0,35100.0,0
2021-11-17,36000.0,54900.0,60408.0,28872.0,1
2021-11-18,58320.0,50256.0,58320.0,44942.4,0
2021-11-19,43200.0,58248.0,58248.0,43200.0,0
2021-11-22,66816.0,55152.0,66816.0,53100.0,0
2021-11-23,57600.0,57600.0,57600.0,45000.0,0
2021-11-24,57600.0,50400.0,66744.0,46440.0,0
2021-11-26,44280.0,64800.0,66816.0,44280.0,0
2021-11-29,64800.0,61200.0,64800.0,54000.0,0
2021-11-30,54360.0,58168.8,63360.0,54072.0,0
2021-12-01,57672.0,65736.0,65736.0,57600.0,0
2021-12-02,57600.0,66816.0,66816.0,57600.0,0
2021-12-03,66816.0,43920.0,66816.0,36720.0,0
2021-12-06,64800.0,45720.0,64800.0,45720.0,0
2021-12-07,40320.0,62028.0,62028.0,40320.0,0
2021-12-08,55800.0,59328.0,63000.0,41040.0,0
2021-12-09,62640.0,46692.0,62640.0,46692.0,0
2021-12-10,46800.0,41760.0,57240.0,41760.0,0
2021-12-13,56916.0,56160.0,57240.0,43920.0,0
2021-12-14,54000.0,54720.0,54720.0,54000.0,0
2021-12-15,54576.0,54000.0,54576.0,51901.2,0
2021-12-16,48960.0,53856.0,53856.0,46944.0,0
2021-12-17,47520.0,46080.0,47520.0,46080.0,0
2021-12-20,53712.0,46080.0,53712.0,43200.0,0
2021-12-21,43200.0,51840.0,51840.0,43200.0,0
2021-12-22,51840.0,49320.0,51840.0,49320.0,0
2021-12-23,46800.0,46800.0,46800.0,46800.0,0
2021-12-27,46800.0,49320.0,51840.0,46800.0,0
2021-12-28,NaN,49320.0,NaN,NaN,0
2021-12-29,49320.0,51840.0,51840.0,49320.0,0
2021-12-30,46800.0,49680.0,51840.0,46800.0,0
2021-12-31,51840.0,51004.8,51840.0,51004.8,0
2022-01-03,54504.0,51760.8,54504.0,48960.0,0
2022-01-04,54504.0,52452.0,54504.0,50400.0,0
2022-01-05,50400.0,52444.8,53856.0,46800.0,0
2022-01-06,54504.0,54000.0,54504.0,52452.0,0
2022-01-07,46800.0,46800.0,46800.0,46800.0,0
2022-01-10,52200.0,50472.0,52200.0,50472.0,0
2022-01-12,54000.0,54000.0,54000.0,52200.0,0
2022-01-13,53344.8,52200.0,54504.0,52200.0,0
2022-01-14,52200.0,52560.0,53928.0,50400.0,0
2022-01-18,54000.0,51300.0,54000.0,50400.0,0
2022-01-19,52200.0,56160.0,64800.0,52200.0,0
2022-01-20,63360.0,58320.0,64800.0,56160.0,0
2022-01-21,51912.0,57600.0,64800.0,51912.0,0
2022-01-24,54000.0,50400.0,57600.0,45432.0,0
2022-01-25,1134.0,1440.0,1440.0,990.0,4
2022-01-26,1440.0,1439.82,1440.0,1439.82,0
2022-01-27,1440.0,1260.0,1440.0,1260.0,1
2022-01-28,1332.0,1260.0,1440.0,1260.0,0
2022-01-31,1224.0,1422.0,1440.0,1008.0,9
2022-02-01,1224.0,1170.0,1224.0,1156.5,3
2022-02-02,1117.8,1026.0,1117.8,990.0,7
2022-02-03,1093.5,1026.0,1170.0,1026.0,6
2022-02-04,963.0,1062.0,1062.0,576.0,14
2022-02-07,675.0,497.25,731.25,483.75,4316
2022-02-08,810.0,589.5,945.0,573.75,80316
2022-02-09,562.5,483.75,565.3125,461.25,7535
2022-02-10,598.5,690.75,859.4775,596.25,267540
2022-02-11,681.75,632.25,681.75,564.75,9668
2022-02-14,596.25,632.25,652.5,564.75,3784
2022-02-15,598.5,555.75,600.75,528.75,4080
2022-02-16,562.5,495.0,575.9775,477.0,3089
2022-02-17,483.75,443.25,508.5,434.25,2727
2022-02-18,434.25,388.4625,450.0,382.5,2477
2022-02-22,357.75,353.25,382.5,342.0,2055
2022-02-23,339.75,333.0,366.75,326.25,1292
2022-02-24,288.0,315.0,324.0,281.25,1794
2022-02-25,315.0,299.25,315.0,290.25,881
2022-02-28,290.25,299.25,315.0,279.0,737
2022-03-01,369.0,355.5,400.5,319.5,77726
2022-03-02,319.5,346.5,348.75,315.0,5766
2022-03-03,324.0,342.0,344.25,324.0,2427
2022-03-04,333.0,353.25,371.25,321.75,3694
2022-03-07,337.5,297.0,337.5,292.5,1782
2022-03-08,279.0,258.75,288.0,254.25,1955
2022-03-09,319.5,360.0,378.0,288.0,35786
2022-03-10,333.0,308.25,337.3875,304.875,3181
2022-03-11,288.0,335.25,348.75,281.25,5152
2022-03-14,324.0,326.25,339.75,301.5,1733
2022-03-15,337.5,324.0,337.5,307.125,857
2022-03-16,344.25,380.25,571.5,337.5,129162
2022-03-17,346.5,364.5,375.75,310.5,8461
2022-03-18,339.75,326.25,353.25,326.25,2869
2022-03-21,315.0,362.25,378.0,315.0,3417
2022-03-22,348.75,366.75,375.75,333.0,3280
2022-03-23,360.0,362.25,373.5,351.0,1119
2022-03-24,360.0,346.5,364.4775,346.5,758
2022-03-25,348.75,342.0,354.915,328.5,1021
2022-03-28,330.75,346.5,360.0,328.5,928
2022-03-29,351.0,393.75,407.25,342.0,3547
2022-03-30,418.5,382.5,438.5925,373.5,8868
2022-03-31,366.75,405.0,436.5,366.75,7947
2022-04-01,405.0,463.5,472.5,380.25,6401
2022-04-04,468.0,472.5,533.25,463.5,10029
2022-04-05,447.75,450.0,459.0,418.5225,5453
2022-04-06,434.25,477.0,506.25,420.75,7240
2022-04-07,477.0,427.5,480.375,402.75,2896
2022-04-08,441.0,420.75,441.0,402.75,1205
2022-04-11,402.75,373.5,405.135,362.25,3478
2022-04-12,366.75,398.25,413.955,362.25,3495
2022-04-13,396.0,393.75,407.25,378.0,1087
2022-04-14,382.5,330.75,398.0925,315.0,2598
2022-04-18,310.5,299.25,317.25,294.75,1149
2022-04-19,299.25,299.25,310.4775,285.75,501
2022-04-20,308.25,297.0,309.015,281.25,551
2022-04-21,299.25,290.25,303.615,281.25,667
2022-04-22,285.75,272.25,301.5,261.0,1172
2022-04-25,263.7,256.5,281.25,254.25,791
2022-04-26,272.25,256.5,272.25,247.5,381
2022-04-27,258.75,267.75,279.0,252.0,1712
2022-04-28,270.0,270.0,288.0,270.0,866
2022-04-29,270.0,270.0,281.25,265.5,460
2022-05-02,263.25,281.2275,296.955,261.0,2433
2022-05-03,285.75,283.5,310.5,245.25,1753
2022-05-04,288.0,310.5,326.25,267.7725,2376
2022-05-05,306.0,281.25,319.5,276.75,645
2022-05-06,278.7525,267.75,299.25,256.5,674
2022-05-09,258.75,229.5,263.25,227.25,1644
2022-05-10,220.05,220.05,261.0,206.9775,782
2022-05-11,204.6375,179.82,213.66,178.425,780
2022-05-12,174.42,168.77273,177.75,166.5,892
2022-05-13,171.0,187.2,197.9775,169.875,664
2022-05-16,186.75,182.925,189.0,174.3975,511
2022-05-17,167.9625,154.125,168.75,153.09,1514
2022-05-18,160.38,146.25,160.38,139.5,1198
2022-05-19,145.125,155.2275,155.25,135.0675,788
2022-05-20,151.9425,153.045,161.7975,146.25,289
2022-05-23,148.545,162.0,162.9,148.5,258
2022-05-24,164.25,155.1375,164.25,148.5,454
2022-05-25,151.26773,164.205,168.525,151.26773,222
2022-05-26,150.75,161.9775,164.18228,148.5,901
2022-05-27,159.7275,153.27,164.205,148.6125,345
2022-05-31,171.0,159.86228,171.0,150.75,322
2022-06-01,168.435,159.3,168.435,149.625,232
2022-06-02,161.8425,166.365,166.365,155.25,1060
2022-06-03,161.55,166.275,168.3,155.25,465
2022-06-06,166.4775,173.25,178.46978,155.7,824
2022-06-07,173.025,185.625,189.45,170.55,624
2022-06-08,180.6975,180.0225,188.97728,177.75,1064
2022-06-09,180.0,171.0,191.205,171.0,368
2022-06-10,177.75,170.9775,178.87478,168.75,217
2022-06-13,168.4125,159.75,168.4125,155.25,349
2022-06-14,154.845,155.475,175.5,152.98493,932
2022-06-15,155.2725,155.925,170.9775,155.2725,84
2022-06-16,157.5,164.25,173.22728,149.6475,1150
2022-06-17,164.5425,162.225,171.0,148.5225,1401
2022-06-21,162.675,171.0,174.375,162.675,556
2022-06-22,180.0,166.60845,180.0,165.42023,226
2022-06-23,160.0875,183.0825,190.8,160.0875,1312
2022-06-24,191.2275,184.995,191.25,181.6875,782
2022-06-27,179.685,180.0,182.25,173.2725,159
2022-06-28,186.72728,176.6475,186.72728,175.01085,38
2022-06-29,176.625,182.25,182.25,176.625,105
2022-06-30,178.875,180.0,180.0,170.55,106
2022-07-01,177.75,170.9775,177.75,164.25,117
2022-07-05,164.25,170.12273,180.0,164.25,129
2022-07-06,168.75,168.795,177.72728,157.6575,646
2022-07-07,303.75,267.75,346.5,245.25,257081
2022-07-08,225.0,254.25,279.0,220.5225,12602
2022-07-11,258.75,265.5,269.0325,238.5,4357
2022-07-12,265.5,279.0,281.25,254.25,5337
2022-07-13,279.0,218.25,279.0,213.75,3141
2022-07-14,202.5,200.2275,211.47728,191.2725,1457
2022-07-15,191.25,238.5,245.25,191.25,4732
2022-07-18,243.0,223.7175,245.25,216.0,2403
2022-07-19,209.25,216.0225,221.2425,202.5,1629
2022-07-20,213.75,221.62523,225.0,193.5,679
2022-07-21,213.75023,225.0,231.75,213.75,594
2022-07-22,229.5,220.59,229.5,213.75,470
2022-07-25,214.89773,210.8025,220.59,202.5,283
2022-07-26,204.21,191.25,204.21,181.9125,509
2022-07-27,191.25,190.17,201.32978,182.4975,355
2022-07-28,186.75,179.52728,190.755,175.5,354
2022-07-29,175.95,170.1,178.5825,168.975,400
2022-08-01,163.9125,132.9975,163.9125,118.0575,3215
2022-08-02,129.015,141.435,151.8525,129.015,805
2022-08-03,136.0125,225.0,301.5,136.0125,44804
2022-08-04,215.595,195.3,220.5,191.25,3600
2022-08-05,190.665,162.09,190.665,158.265,2187
2022-08-08,169.065,171.0,175.0275,162.675,534
2022-08-09,173.475,177.23228,177.3,164.2725,698
2022-08-10,172.4175,164.835,176.85,163.035,320
2022-08-11,164.25,159.4125,176.3775,155.385,726
2022-08-12,169.425,155.88,169.425,155.295,409
2022-08-15,156.8925,149.0175,156.8925,137.88,821
2022-08-16,148.5,150.75,173.025,144.45,704
2022-08-17,158.175,150.75,160.0875,141.975,577
2022-08-18,147.825,143.4375,155.47635,140.805,850
2022-08-19,143.8875,138.33,152.55,132.75,756
2022-08-22,138.375,137.2275,145.9125,123.8625,1462
2022-08-23,137.25,137.2725,141.75,132.075,472
2022-08-24,135.6075,139.62173,143.55,134.96085,467
2022-08-25,139.5,134.145,144.0,133.875,872
2022-08-26,134.4825,132.75,140.31,131.625,779
2022-08-29,131.625,131.175,135.67478,124.875,542
2022-08-30,129.06,124.11,131.10165,123.75,434
2022-08-31,123.75,136.6875,144.0,123.75,1128
2022-09-01,141.75,129.105,143.9775,125.1,937
2022-09-02,130.5225,126.6975,135.2025,126.0,693
2022-09-06,130.5,131.4,134.9775,124.5825,2059
2022-09-07,126.2475,126.0,138.825,123.75,1821
2022-09-08,126.0,126.0,132.75,119.25,837
2022-09-09,126.2925,127.125,130.4775,118.845,1144
2022-09-12,135.0,149.625,168.975,126.0,9969
2022-09-13,185.625,146.2275,195.7275,139.95,30416
2022-09-14,163.89,136.1475,168.165,128.2275,17147
2022-09-15,149.8275,117.0,153.0,116.1,6828
2022-09-16,116.28,108.0,120.4425,105.75,3383
2022-09-19,105.75,101.25,105.75,90.0,3783
2022-09-20,101.25,103.5,103.95,90.0225,1819
2022-09-21,101.25,101.0925,105.3,90.0,1109
2022-09-22,94.9275,87.9075,98.9775,83.25,1530
2022-09-23,89.7525,78.75,90.0,78.75,975
2022-09-26,79.11,84.555,96.75,78.9075,2203
2022-09-27,83.8125,76.5,83.925,75.6,1188
2022-09-28,76.05,80.6625,82.5075,69.9525,1598
2022-09-29,78.2325,74.7,80.9775,73.125,443
2022-09-30,77.625,74.4525,80.55,73.799775,2717
2022-10-03,76.1625,81.0,96.255,70.8975,6000
2022-10-04,77.1525,96.615,98.9775,74.52,6734
2022-10-05,114.75,112.5,122.85,99.0,14154
2022-10-06,99.0,83.25,101.25,63.0,8739
2022-10-07,87.75,78.525,87.75,71.60625,3209
2022-10-10,74.25,68.625,78.074775,65.25,2339
2022-10-11,64.125,64.6425,68.625,55.1925,3537
2022-10-12,63.0,63.225,67.5,58.5675,1204
2022-10-13,56.25,58.5,64.8,56.25,3885
2022-10-14,59.04,54.495,60.75,53.55,6473
2022-10-17,56.25,65.925,72.0,54.54,17899
2022-10-18,67.5,57.367575,67.5,54.0,6580
2022-10-19,60.48,61.875,63.0225,52.0875,10245
2022-10-20,89.1,65.2275,92.25,63.0,209935
2022-10-21,66.15,61.0875,67.4775,59.625,22895
2022-10-24,62.7975,67.9725,75.15,51.75,29926
2022-10-25,67.5,65.25,70.875,60.975,8464
2022-10-26,63.0,59.1975,63.0,56.25,9307
2022-10-27,60.3,59.9175,61.875,57.3975,4068
2022-10-28,61.7175,58.275,61.7175,56.4975,3884
2022-10-31,56.52,58.275,60.39,56.475,4706
2022-11-01,58.68,59.58,60.3,56.2725,2619
2022-11-02,58.5,62.1306,66.195,56.25,9689
2022-11-03,63.0,67.185,71.55,63.0,17597
2022-11-04,72.0,72.0,77.4,67.2975,14593
2022-11-07,73.71,75.2625,76.185,70.5375,9766
2022-11-08,74.2725,65.25,74.2725,57.375,8009
2022-11-09,64.3725,62.9325,66.15,58.725,4038
2022-11-10,63.0,69.345,70.5375,63.0,5025
2022-11-11,72.0,70.875,72.0,67.6125,5772
2022-11-14,71.1675,73.35,77.85,66.6,21133
2022-11-15,69.75,65.1825,78.75,59.6475,18198
2022-11-16,64.1925,58.095,64.4175,56.25,7625
2022-11-17,58.5,58.6125,59.625,56.34,3386
2022-11-18,58.5,59.242275,60.255,56.88,3113
2022-11-21,59.2425,52.425,59.2425,49.5,8608
2022-11-22,52.3125,52.56,55.5525,51.75,2586
2022-11-23,51.57,53.980875,54.9,51.57,2772
2022-11-25,52.3575,58.4775,60.3,50.6475,5537
2022-11-28,60.39,69.0525,71.9775,60.39,24757
2022-11-29,69.525,65.25,72.0,58.5,13390
2022-11-30,60.3225,55.1925,61.8525,54.9225,8573
2022-12-01,54.0,55.3275,57.9375,51.99345,5084
2022-12-02,53.6625,54.0,56.2275,53.0775,2676
2022-12-05,53.8875,54.7875,57.375,52.8975,4128
2022-12-06,54.4725,54.659475,56.25,54.0,1309
2022-12-07,54.0,53.64,54.63,51.75,2893
2022-12-08,52.65,51.5925,54.0,45.0,3330
2022-12-09,51.345,46.08,51.75,45.0,2017
2022-12-12,46.9575,42.5088,46.9575,40.5,4278
2022-12-13,43.875,43.11,48.15,42.975,2449
2022-12-14,45.0,46.035,48.375,43.65,2723
2022-12-15,44.6625,46.35,47.699775,41.895,1679
2022-12-16,47.25,43.875,47.25,41.0625,1331
2022-12-19,43.875,40.5,45.0,36.225,2130
2022-12-20,39.375,36.022725,39.375,36.0,3001
2022-12-21,38.025,38.25,39.8025,34.875,1440
2022-12-22,37.125,36.8775,38.925,34.8975,946
2022-12-23,38.25,41.625,49.5,36.0675,5000
2022-12-27,42.75,45.0,47.25,36.225,5477
2022-12-28,44.235,41.5575,44.235,37.575,3360
2022-12-29,41.85,42.75,44.977275,40.05,1538
2022-12-30,43.65,43.42365,44.654175,40.59,1142
2023-01-03,42.525,41.67,45.0,38.79,1136
2023-01-04,43.2,49.3875,49.6575,41.715,6721
2023-01-05,44.865,53.55,56.025,44.1,3442
2023-01-06,56.25,49.05,56.25,45.045,1379
2023-01-09,51.75,48.937275,54.0,47.4975,1304
2023-01-10,51.6375,50.895,52.906275,47.25,943
2023-01-11,54.0,51.975,57.5775,51.75,2749
2023-01-12,54.0,51.39,55.5525,47.25,1700
2023-01-13,51.525,51.75,52.2,47.475,1700
2023-01-17,49.5,49.995,51.75,47.25,1506
2023-01-18,51.75,48.802275,52.3125,45.0225,1215
2023-01-19,47.34,43.4475,48.2175,39.375,2979
2023-01-20,45.6075,46.6398,47.2275,43.1325,550
2023-01-23,49.14,47.0025,49.14,44.9775,1599
2023-01-24,46.575,46.17,47.8125,45.0,1669
2023-01-25,47.25,54.0,54.562725,47.2275,19942
2023-01-26,60.6825,57.1275,68.625,51.75,29494
2023-01-27,53.685,49.725,53.752275,47.25,6618
2023-01-30,50.9625,52.0425,54.0,49.68,2620
2023-01-31,50.49,49.5,52.537275,48.104775,1886
2023-02-01,50.58,46.9575,50.625,45.0,3875
2023-02-02,47.7,51.2775,51.9525,47.5875,4083
2023-02-03,49.7475,52.8075,56.025,48.3975,4717
2023-02-06,54.0,55.327275,57.24,52.875,4287
2023-02-07,54.225,51.48,55.3275,49.905,2206
2023-02-08,51.3,49.7925,53.9775,48.375,1451
2023-02-09,50.175,50.265,52.2,48.3975,1878
2023-02-10,49.5,50.625,52.02,48.375,997
2023-02-13,52.425,50.6925,52.425,48.42,501
2023-02-14,51.75,49.5,51.75,48.375,778
2023-02-15,48.375,49.815,51.3,47.25,779
2023-02-16,49.815,47.7225,49.9365,47.295,913
2023-02-17,47.925,48.2625,49.994775,47.25,598
2023-02-21,49.05,48.195,49.725225,47.25,732
2023-02-22,48.375,48.06,49.5,47.34,395
2023-02-23,45.27,46.755,48.375,43.8075,1578
2023-02-24,47.025,45.99,47.249775,43.8075,456
2023-02-27,46.125,46.8,47.25,43.875,654
2023-02-28,47.16,47.7,49.4775,45.0,1597
2023-03-01,46.89,46.935,47.025,44.55,884
2023-03-02,45.45,46.3275,47.2275,42.75,650
2023-03-03,45.315,46.305,46.35,43.9875,712
2023-03-06,45.0,45.9,46.125,44.1,267
2023-03-07,45.9,44.60625,45.9,44.01,421
2023-03-08,43.875,42.75,45.0,39.375,1409
2023-03-09,41.4675,39.87,42.635025,38.655,1029
2023-03-10,40.5,40.5,42.7275,38.475,674
2023-03-13,41.0625,40.23,41.9625,38.25,557
2023-03-14,40.2075,37.35,40.2075,37.125,899
2023-03-15,37.35,31.995,37.8675,28.1475,3793
2023-03-16,31.7475,32.4,33.3,30.375,834
2023-03-17,32.4,30.7125,32.4,30.6225,861
2023-03-20,30.825,39.15,39.15,29.88,1659
2023-03-21,38.0475,35.325,38.25,33.75,534
2023-03-22,36.0,35.73,38.0025,34.875,282
2023-03-23,36.2925,34.425,37.08,33.795,427
2023-03-24,35.775,34.515,37.1025,32.647725,443
2023-03-27,33.3,34.1703,34.8975,31.6125,578
2023-03-28,31.7475,31.9275,33.75,31.5,342
2023-03-29,31.725,33.1425,33.75,31.725,684
2023-03-30,33.75,34.875,35.055,31.725,606
2023-03-31,29.475,31.9725,33.7725,29.0025,2426
2023-04-03,31.005,30.7125,31.4775,29.5875,454
2023-04-04,31.05,31.86,32.6025,28.89,921
2023-04-05,31.5,30.1275,31.86,29.475,264
2023-04-06,29.25,33.075,42.75,29.25,9537
2023-04-10,38.1375,41.4,46.8,35.73,26694
2023-04-11,34.29,36.4275,39.8025,34.29,3584
2023-04-12,36.0,39.195,39.645,35.5725,1374
2023-04-13,38.025,35.145,39.1725,33.93,1750
2023-04-14,35.955,36.5175,37.2825,34.875,1038
2023-04-17,36.5175,33.7725,36.554175,32.625,2194
2023-04-18,36.0,42.75,49.455,35.775,22880
2023-04-19,39.915,34.875,39.915,33.3,3692
2023-04-20,34.425,35.55,35.775,33.75,625
2023-04-21,32.58,31.725,35.685,31.725,1621
2023-04-24,29.5875,31.5,32.6025,29.25,644
2023-04-25,31.5,30.51,31.5,29.5875,820
2023-04-26,30.8025,34.65,46.3725,29.6325,23892
2023-04-27,31.95,32.6475,33.75,29.295,3466
2023-04-28,32.85,30.8475,37.125,28.125,4230
2023-05-01,31.1175,31.2075,32.85,30.9375,1111
2023-05-02,32.2875,31.5,33.705,30.8925,1343
2023-05-03,32.625,29.835,32.625,29.7,1490
2023-05-04,32.175,30.69,32.175,30.555,942
2023-05-05,32.0625,31.41,32.0625,30.8475,729
2023-05-08,31.5225,31.365,31.5675,29.52,1471
2023-05-09,31.5,36.8775,38.25,31.1175,32640
2023-05-10,40.185,34.425,40.5,31.6125,15863
2023-05-11,33.2775,32.7825,34.1775,31.5,2846
2023-05-12,32.67,32.1975,35.955,29.475,6686
2023-05-15,32.175,32.6025,32.625,29.79,10737
2023-05-16,35.775,40.7025,41.625,33.075,16875
2023-05-17,39.1275,36.3825,39.1275,33.8625,6535
2023-05-18,36.0,34.77375,36.0,33.3,1954
2023-05-19,33.3675,33.6375,34.6275,32.2425,3065
2023-05-22,35.3025,34.8525,35.55,32.805,1575
2023-05-23,35.73,35.55,36.9,34.875,4062
2023-05-24,37.35,38.8125,41.6925,36.2925,12812
2023-05-25,41.5125,41.0625,48.8475,38.25,13092
2023-05-26,44.775,43.2,46.575,41.31,5664
2023-05-30,45.45,37.7775,45.45,34.8975,5076
2023-05-31,36.0,34.02,36.0,33.075,3671
2023-06-01,33.0075,36.675,40.5,33.0075,4315
2023-06-02,37.44,34.1325,37.8,29.25,5416
2023-06-05,34.11,34.2675,34.8075,33.3225,1229
2023-06-06,34.4925,33.3225,34.4925,32.6475,2257
2023-06-07,32.85,34.605,38.2275,32.85,6056
2023-06-08,33.795,34.02,37.35,32.9625,5320
2023-06-09,33.3,33.75,35.775,32.85,2178
2023-06-12,34.5375,33.974775,34.5375,32.8725,1549
2023-06-13,34.875,34.02,34.875,33.2325,1751
2023-06-14,34.605,33.1875,34.605,32.127975,2243
2023-06-15,33.75,32.355,33.75,30.825,2842
2023-06-16,33.75,33.6375,34.8525,32.13,4280
2023-06-20,32.085,32.625,33.525,32.085,1353
2023-06-21,32.625,32.04,33.165,31.5,1329
2023-06-22,31.7475,32.1975,32.94,31.4775,1177
2023-06-23,33.075,34.83,35.82,32.1975,4378
2023-06-26,32.85,42.2325,46.125,30.375,51376
2023-06-27,47.07,49.5,58.41,42.57,767478
2023-06-28,32.13,31.95,34.83,29.88,97304
2023-06-29,28.8,27.36,30.78,26.28,42774
2023-06-30,27.0,24.48,28.08,23.85,42300
2023-07-03,23.58,22.77,24.12,22.3254,18097
2023-07-05,23.31,25.74,27.9,22.77,62485
2023-07-06,25.2,24.57,25.29,23.58,12530
2023-07-07,24.03,23.67,24.5673,23.31,5481
2023-07-10,23.58,24.75,25.8291,23.22,10599
2023-07-11,21.6,20.25,22.0896,18.81,120279
2023-07-12,19.62,19.89,21.411,18.9,114489
2023-07-13,19.53,19.89,23.04,19.53,102520
2023-07-14,18.09,16.38,18.3105,16.38,85796
2023-07-17,16.47,16.56,17.91,16.29,52185
2023-07-18,16.38,17.1036,18.0,16.2,59480
2023-07-19,17.19,17.82,18.72,16.8372,59804
2023-07-20,17.91,18.9,19.17,16.83,46594
2023-07-21,18.72,18.36,19.26,17.55,28796
2023-07-24,17.1,15.39,17.91,15.3,50562
2023-07-25,15.39,15.03,16.1748,14.5026,38732
2023-07-26,14.94,15.21,15.57,14.67,12207
2023-07-27,14.67,13.41,15.12,13.23,45921
2023-07-28,13.5,14.49,16.11,13.32,70441
2023-07-31,14.31,13.59,14.76,13.41,31602
2023-08-01,13.32,12.69,13.5,12.42,29493
2023-08-02,12.78,14.04,15.48,12.69,60001
2023-08-03,13.86,14.49,14.67,13.5,46872
2023-08-04,14.85,14.13,15.3,13.59,28829
2023-08-07,13.95,13.68,14.22,13.5,15271
2023-08-08,13.95,14.76,15.8355,13.5234,50982
2023-08-09,14.58,13.32,14.94,12.96,37606
2023-08-10,13.0626,12.42,13.5,12.42,18792
2023-08-11,12.2409,12.24,12.8601,12.24,17619
2023-08-14,12.6,12.3003,12.6,12.24,34808
2023-08-15,12.69,12.51,13.23,12.42,22897
2023-08-16,12.42,11.34,12.42,11.34,21866
2023-08-17,11.34,10.98,11.61,10.8,9861
2023-08-18,10.71,10.26,11.16,10.17,11433
2023-08-21,10.17,10.44,10.89,10.08,13506
2023-08-22,10.35,10.44,10.971,10.35,11950
2023-08-23,10.17,10.44,10.53,10.08,4712
2023-08-24,10.62,10.35,10.62,10.0755,5186
2023-08-25,10.62,9.0,10.62,9.0,26379
2023-08-28,9.36,8.5203,9.36,8.46,9878
2023-08-29,8.532,8.415,8.64,7.929,13663
2023-08-30,8.208,8.3106,8.55,8.208,5134
2023-08-31,8.5482,8.6175,8.64,8.3709,4070
2023-09-01,8.4015,8.55,8.9541,8.4015,3615
2023-09-05,8.5239,8.2233,8.8821,8.01,9845
2023-09-06,8.1,8.099991,8.4825,7.9209,88272
2023-09-07,11.07,11.25,19.53,10.53,12315677
2023-09-08,10.71,9.45,11.61,9.18,348343
2023-09-11,8.3691,8.3691,8.3691,8.3691,55
2023-09-12,8.0712,7.7427,8.37,7.74,42963
2023-09-13,7.8453,7.1127,7.9749,7.11,33880
2023-09-14,7.128,6.8427,7.83,6.678,57567
2023-09-15,7.65,7.1262,7.83,6.93,63181
2023-09-18,7.569,8.064,8.46,7.2999,88685
2023-09-19,8.37,7.02,8.451,6.93,54747
2023-09-20,7.254,6.7662,7.2945,6.66,33992
2023-09-21,6.435,6.3873,6.9246,5.805,38276
2023-09-22,6.435,6.21,6.6591,5.948514,16915
2023-09-25,6.3774,6.0372,6.3846,5.868,13296
2023-09-26,5.94,5.877,6.2865,5.85,9783
2023-09-27,6.0381,6.03,6.2991,5.76,12433
2023-09-28,6.03,5.9229,6.209991,5.850909,4094
2023-09-29,6.1992,6.291,6.381,5.922,5030
2023-10-02,6.5673,6.291,6.5673,6.075,10107
2023-10-03,6.192,6.0795,6.3828,5.5692,5132
2023-10-04,5.832,5.8527,6.0777,5.76,2650
2023-10-05,5.805,5.58,6.1182,5.49,10718
2023-10-06,5.5809,5.5197,5.6691,5.49,6048
2023-10-09,5.49,4.8609,5.49,4.86,17337
2023-10-10,4.9491,4.77,5.0166,4.6476,11968
2023-10-11,4.806,4.6134,4.8591,4.59,9503
2023-10-12,4.6782,4.7925,5.0391,4.59,56644
2023-10-13,4.7889,4.8708,5.031,4.5909,17945
2023-10-16,4.7358,4.914,5.0391,4.5999,10556
2023-10-17,4.8609,4.7934,4.8825,4.68,3987
2023-10-18,4.8825,4.5675,4.8825,4.5009,10910
2023-10-19,4.671,4.4451,4.671,4.32,11564
2023-10-20,4.32,4.32,4.5,4.32,11291
2023-10-23,4.32,3.9636,4.401,3.8556,17813
2023-10-24,3.96,3.9816,4.0941,3.78,8477
2023-10-25,3.96,3.7134,3.96,3.6909,8819
2023-10-26,3.7134,3.6009,3.823659,3.6009,6287
2023-10-27,3.6882,3.2409,3.6882,3.2409,15472
2023-10-30,3.2688,3.285,3.348,3.15,6297
2023-10-31,3.276,3.411,3.4155,3.1509,5417
2023-11-01,3.456,3.5388,3.7161,3.33,9318
2023-11-02,3.3291,3.5091,3.5991,3.24,10487
2023-11-03,3.4839,3.4668,3.5271,3.3741,5832
2023-11-06,3.24,3.4191,3.4668,3.105,22661
2023-11-07,3.3021,3.2049,3.3255,3.06,10245
2023-11-08,3.2049,3.0771,3.2355,2.9718,11736
2023-11-09,3.2355,3.0321,3.2355,2.9718,8892
2023-11-10,3.0528,3.4641,3.4641,2.97,314379
2023-11-13,3.3183,3.0501,3.3183,2.709,93376
2023-11-14,3.06,3.1041,3.2391,2.88,25552
2023-11-15,3.15,3.1941,3.2391,3.0258,12646
2023-11-16,3.105,3.1032,3.1617,3.015,12235
2023-11-17,3.1482,3.2994,3.6,3.1311,42542
2023-11-20,3.249,3.3201,3.4191,3.15,10626
2023-11-21,3.24,3.366,3.411,3.06,30337
2023-11-22,3.3336,3.2841,3.3336,3.0645,18320
2023-11-24,3.195,3.2373,3.276,3.1536,6200
2023-11-27,3.24,3.087,3.24,3.015,13651
2023-11-28,3.06,2.997,3.141,2.9421,14050
2023-11-29,3.0663,2.9619,3.0663,2.745,59903
2023-11-30,2.9268,2.889,3.1491,2.86065,68071
2023-12-01,2.961,2.934,3.089691,2.9259,21108
2023-12-04,3.0582,3.0699,3.3291,2.97,41319
2023-12-05,3.096,2.8917,3.1212,2.8917,16822
2023-12-06,2.9646,2.8791,3.1491,2.745,33961
2023-12-07,2.9916,2.9241,3.0168,2.7684,11294
2023-12-08,2.9691,3.1113,3.3903,2.808,48509
2023-12-11,3.15,3.0186,3.15,2.7909,12383
2023-12-12,2.97,2.9646,3.0573,2.844,15430
2023-12-13,3.0582,2.898,3.113991,2.898,8019
2023-12-14,3.0024,2.817,3.0024,2.754,12777
2023-12-15,2.79,2.79,2.88,2.7135,15788
2023-12-18,2.79,2.61,2.8566,2.4363,71234
2023-12-19,2.6271,2.7126,2.853,2.6271,15115
2023-12-20,2.7,2.573541,2.853,2.547,10597
2023-12-21,2.4984,2.538,2.61,2.439,13422
2023-12-22,2.565,2.655,2.88,2.439,84661
2023-12-26,2.8089,2.79,2.97,2.4894,85757
2023-12-27,2.8179,2.7711,3.5946,2.673,159438
2023-12-28,2.79,2.781,2.925,2.655,68773
2023-12-29,2.79,2.7882,2.88,2.7288,16202
2024-01-02,2.799,2.743533,2.8647,2.655,12913
2024-01-03,2.79,2.565,2.8602,2.4273,31496
2024-01-04,2.52,2.55375,2.6451,2.25,28395
2024-01-05,2.502,2.1609,2.538,1.8999,61922
2024-01-08,2.1141,2.241,2.2941,2.07,8568
2024-01-09,2.25,2.205,2.340459,2.205,7700
2024-01-10,2.205,2.1609,2.2374,2.16,11176
2024-01-11,2.1609,2.0772,2.2491,1.9854,25279
2024-01-12,2.16,2.151,2.2329,1.98,9380
2024-01-16,2.1555,2.3337,2.4291,2.07,67368
2024-01-17,2.187,2.2824,2.4309,2.1582,44656
2024-01-18,2.34,2.1609,2.34,2.16,7718
2024-01-19,2.16,2.10555,2.2473,1.9917,10295
2024-01-22,2.07,2.286,2.43,2.07,56331
2024-01-23,2.2176,2.448,2.6793,2.2176,107747
2024-01-24,2.43,2.367,2.5074,2.34,68999
2024-01-25,2.52,3.4191,3.4209,2.52,894900
2024-01-26,3.0501,2.745,3.0546,2.5398,227732
2024-01-29,2.7477,2.205,2.772,2.1627,114111
2024-01-30,2.259,2.16,2.34,1.98,49938
2024-01-31,2.1285,2.241,2.5866,2.0763,88229
2024-02-01,2.25,2.1969,2.3319,2.1789,23165
2024-02-02,2.25,2.1987,2.2788,2.1969,12656
2024-02-05,2.241,2.0808,2.3679,2.0799,25325
2024-02-06,2.16,2.1564,2.25,2.133,4810
2024-02-07,2.1591,2.124,2.25,2.0709,19488
2024-02-08,2.1519,2.0988,2.16,2.0637,18552
2024-02-09,2.1843,2.1573,2.187,2.0538,14995
2024-02-12,2.0727,2.2023,2.206809,2.07,8659
2024-02-13,2.2428,2.1474,2.2428,2.0799,12712
2024-02-14,2.34,2.385,2.52,2.115,45806
2024-02-15,2.286,2.3994,2.655,2.205,58293
2024-02-16,2.349,2.4318,2.691,2.286,64624
2024-02-20,2.5137,2.538,2.6091,2.34,49281
2024-02-21,2.475,2.565,2.61,2.3715,28831
2024-02-22,2.52,2.6559,2.79,2.49705,64776
2024-02-23,2.601,2.6892,2.789991,2.4444,30976
2024-02-26,2.7,3.3003,4.14,2.5758,1285870
2024-02-27,2.556,2.7405,2.9493,2.3391,203626
2024-02-28,2.7873,2.934,3.24,2.4318,231703
2024-02-29,3.0069,3.375,3.78,2.5695,345817
2024-03-01,3.15,3.126465,3.3291,2.898,87954
2024-03-04,3.15,2.9826,3.15,2.8809,29603
2024-03-05,2.9925,2.871,3.024,2.817,19364
2024-03-06,2.8719,2.9034,2.9691,2.7171,35210
2024-03-07,2.97,2.8125,2.97,2.79,9204
2024-03-08,2.925,2.889,3.0546,2.79,20712
2024-03-11,2.961,2.79,2.97,2.79,20841
2024-03-12,2.8566,2.5713,2.88,2.52,21775
2024-03-13,2.646,2.4498,2.7441,2.0421,51094
2024-03-14,2.43,2.3013,2.5893,2.2518,16880
2024-03-15,2.295,2.34,2.4291,2.25,42521
2024-03-18,2.511,2.34,2.5173,2.2509,19103
2024-03-19,2.457,2.4489,2.61,2.385459,12716
2024-03-20,2.52,2.6397,2.79,2.4489,57999
2024-03-21,2.7,2.7,2.772,2.61,13749
2024-03-22,2.772,2.7873,2.88,2.619,37313
2024-03-25,2.88,2.71593,2.88,2.5299,12356
2024-03-26,2.79,2.6451,2.79,2.628,3765
2024-03-27,2.6451,2.6055,2.8782,2.5353,9803
2024-03-28,2.7207,2.547,2.7648,2.5299,4952
2024-04-01,2.61,2.691,2.709,2.5497,12455
2024-04-02,2.736,2.7,2.736,2.6109,3624
2024-04-03,2.7477,2.646,2.7477,2.563758,13060
2024-04-04,2.745,2.5578,2.745,2.439,64400
2024-04-05,2.5794,2.565,2.601,2.2599,56472
2024-04-08,2.52,2.547,2.574,2.43,11592
2024-04-09,2.6235,2.7369,2.781,2.4399,46482
2024-04-10,2.736,2.9898,3.258,2.6883,68584
2024-04-11,3.177,3.3201,3.411,3.0051,45971
2024-04-12,3.42,3.212991,3.51,3.024,33069
2024-04-15,3.312,2.9673,3.312,2.709,25498
2024-04-16,3.0843,2.745,3.0843,2.6235,20776
2024-04-17,2.853,2.67894,2.853,2.583,8124
2024-04-18,2.709,2.7684,2.8791,2.61,48097
2024-04-19,2.7675,2.709,2.8791,2.6334,10199
2024-04-22,2.8827,3.13605,3.2436,2.7684,158103
2024-04-23,3.1788,3.2148,3.285,3.0609,39271
2024-04-24,3.285,3.195,3.3057,3.15,55126
2024-04-25,3.411,3.222,3.42,3.177,75782
2024-04-26,3.2886,3.0483,3.3291,2.889,46468
2024-04-29,3.0474,3.141,3.186,2.9844,23541
2024-04-30,3.06,3.141,3.2211,3.0186,30715
2024-05-01,3.0474,2.8935,3.0717,2.889,23000
2024-05-02,2.9628,2.97,3.1203,2.8017,27336
2024-05-03,3.1806,3.105,3.2391,2.808,29886
2024-05-06,3.114,3.195,3.2391,3.0159,37678
2024-05-07,3.2112,3.384,3.465,3.1572,39156
2024-05-08,3.348,3.492,3.5685,3.3444,40149
2024-05-09,3.411,3.195,3.429,3.159,47222
2024-05-10,3.1356,3.1671,3.2121,3.0672,9902
2024-05-13,3.1599,3.2517,3.3021,3.1599,23368
2024-05-14,3.33,3.3075,3.51,3.15,49948
2024-05-15,3.339,3.2058,3.492,3.195,13967
2024-05-16,3.42,3.627,3.6882,3.2553,91462
2024-05-17,3.627,3.5991,3.78,3.438,41629
2024-05-20,3.6,3.735,3.96,3.5775,30856
2024-05-21,3.69,3.6189,3.87,3.6,19357
2024-05-22,3.753,3.7485,3.87,3.618,21829
2024-05-23,3.7485,3.69,3.7485,3.60981,22279
2024-05-24,3.5559,3.366,3.6,3.3111,21836
2024-05-28,3.3498,3.4326,3.5982,3.348,15068
2024-05-29,3.375,3.15,3.4119,3.1455,17971
2024-05-30,3.2814,3.042,3.348,2.925,25600
2024-05-31,3.0546,3.015,3.1383,2.943,15761
2024-06-03,3.015,3.24,3.321,2.925,20700
2024-06-04,3.24,3.204,3.3291,3.078,14014
2024-06-05,3.195,3.159,3.285,3.0681,9429
2024-06-06,3.276,3.126609,3.285,3.078,3096
2024-06-07,3.258,3.0618,3.258,3.06,2818
2024-06-10,3.06,3.0501,3.15,2.925,19067
2024-06-11,3.0573,2.9079,3.0573,2.889,4344
2024-06-12,2.9691,2.8116,3.0348,2.745,10829
2024-06-13,2.898,2.871,2.9673,2.745,13117
2024-06-14,2.79,2.826315,3.0141,2.754,19316
2024-06-17,2.97,2.97,3.0357,2.709,36017
2024-06-18,3.024,2.7909,3.0285,2.7909,14868
2024-06-20,2.862,2.709,2.8665,2.709,6601
2024-06-21,4.59,6.84,8.3943,3.897,41302132
2024-06-24,5.0958,4.7079,5.5026,4.374,945989
2024-06-25,4.545,4.6548,5.13,4.3722,365425
2024-06-26,4.464,4.05,4.635,3.879,148344
2024-06-27,4.032,4.6755,4.838103,4.014,174777
2024-06-28,4.3632,4.2282,4.582791,3.6,67406
2024-07-01,3.9879,4.023,4.14,3.8844,27611
2024-07-02,4.032,4.32,4.5693,4.032,62843
2024-07-03,4.32,4.32,4.3848,4.0635,26447
2024-07-05,4.2975,4.32,4.3425,3.9699,45416
2024-07-08,4.2363,4.23,4.347,4.1013,16865
2024-07-09,4.14,4.032,4.23,4.032,18634
2024-07-10,4.0788,4.5891,4.86,4.0788,222252
2024-07-11,4.572,4.59,4.8582,4.365,80964
2024-07-12,4.5891,4.68,4.7592,4.4289,27168
2024-07-15,8.55,6.057,9.27,5.9121,11521451
2024-07-16,6.3144,6.21,7.8615,5.652,1601479
2024-07-17,6.705,8.1828,8.415,6.345,1181110
2024-07-18,7.524,6.5709,7.92,6.4971,348513
2024-07-19,6.3162,6.165,6.3162,5.49,84423
2024-07-22,5.733,5.976,6.39,5.5791,65170
2024-07-23,5.9355,6.165,6.3,5.7555,49454
2024-07-24,6.21,6.3378,6.5691,5.92182,36644
2024-07-25,6.21,6.75,6.93,5.85,44468
2024-07-26,6.75,6.3954,6.84,6.39,28644
2024-07-29,6.21,5.7564,6.48,5.5494,50039
2024-07-30,5.949,5.85,6.147,5.4909,33664
2024-07-31,5.76,5.589,5.895,5.58,22331
2024-08-01,5.778,5.346,5.841,5.22,27360
2024-08-02,5.22,4.9725,5.31,4.887,24848
2024-08-05,4.59,4.05,4.658409,3.105,67606
2024-08-06,4.41,4.23,4.491,4.1508,15663
2024-08-07,4.1859,3.9978,4.25295,3.987,33734
2024-08-08,4.1526,4.1571,4.1895,4.05,12357
2024-08-09,3.87,4.0059,4.1787,3.87,16001
2024-08-12,4.05,4.374,4.5,3.87,43186
2024-08-13,4.41,4.824,5.13,4.32,32940
2024-08-14,5.22,4.9383,5.3991,4.68,13055
2024-08-15,4.95,4.9617,5.364,4.698909,24020
2024-08-16,4.95,4.9644,5.364,4.7781,12850
2024-08-19,5.103,5.400909,5.571,5.0391,35270
2024-08-20,5.931,5.4,5.931,5.211,43881
2024-08-21,5.4,5.4423,5.67,5.04,15184
2024-08-22,5.391,5.13,5.49,5.04,18402
2024-08-23,4.995,4.491,4.995,4.365,438167
2024-08-26,4.635,4.608,4.662351,4.4109,37276
2024-08-27,4.4694,4.5,4.5,4.2975,28920
2024-08-28,4.59,4.455,4.59,4.2759,31128
2024-08-29,4.5,4.3164,4.5,4.05,79045
2024-08-30,4.32,4.32,4.365,4.14,15189
2024-09-03,4.347,4.32,4.365,4.2345,28147
2024-09-04,4.3956,4.32,4.3956,4.2354,25365
2024-09-05,4.41,4.3191,4.41,4.2525,39005
2024-09-06,4.32,4.2696,4.437,4.252509,20337
2024-09-09,4.347,4.6422,4.68,4.2345,22326
2024-09-10,4.68,4.59,4.68,4.41,24046
2024-09-11,4.59,4.5,4.59,4.419,15127
2024-09-12,4.59,4.5,4.59,4.428,45323
2024-09-13,4.59,4.4991,4.59,4.203,53047
2024-09-16,4.4055,4.509,4.509,4.275,14182
2024-09-17,4.437,4.41,4.5,4.32,27404
2024-09-18,4.4082,4.3722,4.428,4.347,22691
2024-09-19,4.428,4.41,4.4829,4.3479,16151
2024-09-20,4.41,4.3695,4.428,4.3488,15041
2024-09-23,4.41,4.3569,4.41,4.32,8644
2024-09-24,4.41,4.409091,4.455,4.3596,27851
2024-09-25,4.419,4.4091,4.428,4.338,13380
2024-09-26,4.4091,4.4091,4.428,4.365,12172
2024-09-27,4.14,4.365,4.41,4.05,69405
2024-09-30,4.455,7.2,7.335,4.32,1883910
2024-10-01,7.11,7.5177,7.7391,6.3,515118
2024-10-02,4.84,3.93,5.43,3.6,1218551
2024-10-03,3.48,2.72,3.49,2.68,957317
2024-10-04,2.61,2.62,3.07,2.3301,458848
2024-10-07,2.59,2.23,2.5944,2.23,380794
2024-10-08,2.28,2.4,2.57,2.1201,501126
2024-10-09,2.3,2.37,2.49,2.21,198772
2024-10-10,2.34,2.37,2.5399,2.31,136505
2024-10-11,2.4,2.47,2.5199,2.33,102080
2024-10-14,2.47,2.82,3.0,2.47,823862
2024-10-15,2.67,2.64,3.48,2.5848,1233194
2024-10-16,2.66,2.88,3.04,2.66,250676
2024-10-17,3.04,2.85,3.04,2.75,231485
2024-10-18,2.81,2.88,2.9,2.8,51945
2024-10-21,2.85,2.88,2.9,2.75,65215
2024-10-22,2.83,2.87,3.04,2.82,125580
2024-10-23,2.83,2.86,2.91,2.79,25741
2024-10-24,2.78,2.62,2.85,2.6,66137
2024-10-25,2.62,2.68,2.69,2.62,16365
2024-10-28,2.66,2.7,2.8,2.66,495683
2024-10-29,3.36,3.07,3.62,2.8,10690711
2024-10-30,3.15,2.9,3.15,2.7368,607800
2024-10-31,2.8,2.61,2.8499,2.56,193305
2024-11-01,2.53,2.45,2.68,2.44,74082
2024-11-04,2.33,2.49,2.7,2.33,192213
2024-11-05,2.65,2.79,3.04,2.58,375047
2024-11-06,3.8,3.01,3.895,2.8101,21546432
2024-11-07,2.9,2.99,3.1264,2.755,519918
2024-11-08,3.02,2.94,3.1,2.87,312040
2024-11-11,2.96,3.21,3.33,2.95,664532
2024-11-12,3.08,2.91,3.13,2.86,107974
2024-11-13,2.81,2.725,2.9705,2.71,127850
2024-11-14,2.7,2.69,2.7893,2.65,55716
2024-11-15,2.61,2.52,2.78,2.5,67968
2024-11-18,2.49,2.31,2.49,2.11,175039
2024-11-19,2.15,2.32,2.38,2.15,132025
2024-11-20,2.31,2.18,2.43,2.16,89922
2024-11-21,2.17,2.23,2.25,2.12,53775
2024-11-22,2.22,2.24,2.2999,2.16,95041
2024-11-25,2.29,2.15,2.29,2.15,39066
2024-11-26,2.17,2.16,2.2499,2.15,21711
2024-11-27,2.17,2.06,2.194,2.01,48782
2024-11-29,2.06,2.05,2.16,2.0,19872
2024-12-02,2.05,1.88,2.05,1.8001,57286
2024-12-03,1.88,1.84,1.97,1.8,108689
2024-12-04,1.77,1.81,1.91,1.77,52265
2024-12-05,1.77,1.75,1.85,1.75,43900
2024-12-06,1.77,1.8,1.8,1.75,28930
2024-12-09,1.87,1.78,1.87,1.73,67156
2024-12-10,1.79,1.73,1.79,1.66,38818
2024-12-11,1.75,1.83,2.02,1.66,235996
2024-12-12,1.84,1.73,1.89,1.71,96022
2024-12-13,1.71,1.69,1.7699,1.6,30576
2024-12-16,1.7,1.72,1.74,1.6314,47050
2024-12-17,1.72,1.76,1.78,1.6574,53471
2024-12-18,1.73,1.68,1.8199,1.68,40782
2024-12-19,1.68,1.64,1.7255,1.6,45158
2024-12-20,1.62,1.67,2.41,1.51,1904824
2024-12-23,1.72,1.72,1.79,1.68,141802
2024-12-24,1.73,1.73,1.76,1.65,38112
2024-12-26,1.75,1.87,1.96,1.73,204871
2024-12-27,1.87,1.83,1.8962,1.6945,70108
2024-12-30,1.78,1.82,1.89,1.78,73686
2024-12-31,1.83,1.81,1.91,1.75,60022
2025-01-02,1.68,1.83,1.875,1.68,66450
2025-01-03,1.84,1.83,1.86,1.78,54645
2025-01-06,1.83,1.97,1.98,1.83,140838
2025-01-07,1.97,2.79,3.67,1.97,4956020
2025-01-08,1.92,2.27,2.45,1.9,901983
2025-01-10,2.04,2.13,2.77,1.9001,2797867
2025-01-13,2.09,2.15,2.4333,2.0,803543
2025-01-14,2.16,2.32,2.4218,2.16,215316
2025-01-15,2.34,2.08,2.42,2.03,288982
2025-01-16,2.35,2.11,2.41,1.9,510208
2025-01-17,2.15,1.91,2.1599,1.85,255074
2025-01-21,1.94,1.79,1.94,1.77,112864
2025-01-22,1.79,1.68,1.85,1.68,97272
2025-01-23,1.7,1.68,1.74,1.64,124351
2025-01-24,1.69,1.66,1.71,1.6,42449
2025-01-27,1.66,1.7,1.75,1.66,60297
2025-01-28,1.69,1.57,1.69,1.5,124152
2025-01-29,1.52,1.45,1.53,1.43,107296
2025-01-30,1.43,1.23,1.49,1.1701,89703
2025-01-31,1.24,1.21,1.3,1.21,62054
2025-02-03,1.21,1.19,1.2245,1.15,68837
2025-02-04,1.19,1.29,1.326,1.16,110109
2025-02-05,1.29,1.29,1.34,1.27,67438
2025-02-06,1.29,1.24,1.29,1.2,62055
2025-02-07,1.25,1.12,1.25,1.1,108282
2025-02-10,1.08,1.16,1.19,1.03,226488
2025-02-11,1.17,1.14,1.22,1.1,302487
2025-02-12,1.14,1.11,1.17,1.09,119102
2025-02-13,1.11,1.07,1.1477,1.02,229097
2025-02-14,1.07,1.08,1.1,1.04,66320
2025-02-18,1.08,1.08,1.14,0.9822,387519
2025-02-19,1.05,0.9913,1.05,0.99,157797
2025-02-20,0.99,0.91,0.99,0.85,303879
2025-02-21,0.9,0.87,0.91,0.867499,103010
2025-02-24,0.8542,0.72,0.8542,0.6667,450926
2025-02-25,0.7151,0.611,0.74,0.611,291881
2025-02-26,0.61,0.63,0.65,0.61,381705
2025-02-27,0.63,0.6565,0.674,0.5676,502641
2025-02-28,0.67,0.689,0.719,0.625,663193
2025-03-03,0.5855,0.52,0.59,0.52,1843823
2025-03-04,0.5,0.5055,0.5243,0.5,373092
2025-03-05,0.5,0.4385,0.5,0.42,433484
2025-03-06,0.4368,0.3962,0.448,0.352,689442
2025-03-07,0.395,0.365,0.3995,0.353,790086
2025-03-10,0.3555,0.3356,0.3596,0.3022,449822
2025-03-11,0.3255,0.3039,0.33,0.3,391323
2025-03-12,0.362,0.3275,0.489,0.307,105336647
2025-03-13,0.2594,0.2178,0.2597,0.2129,4410397
2025-03-14,0.204,0.2143,0.24,0.203,1929841
