2024-03-15,25.16,25.38,25.42,25.16,1484492
2024-03-18,25.46,25.43,25.55,25.39,1456883
2024-03-19,25.41,25.38,25.49,25.32,636300
2024-03-20,25.38,25.42,25.52,25.35,589414
2024-03-21,25.49,25.49,25.55,25.46,482123
2024-03-22,25.51,25.45,25.54,25.43,232964
2024-03-25,25.45,25.41,25.49,25.38,490454
2024-03-26,25.42,25.4,25.45,25.36,279473
2024-03-27,25.42,25.45,25.47,25.37,428906
2024-03-28,25.46,25.48,25.6,25.44,3366929
2024-04-01,25.49,25.31,25.49,25.28,273117
2024-04-02,25.2,25.15,25.22,25.07,274208
2024-04-03,25.08,25.2,25.24,24.95,200158
2024-04-04,25.26,25.13,25.3103,25.07,257425
2024-04-05,25.09,25.14,25.19,25.09,414650
2024-04-08,25.15,25.14,25.18,25.13,93634
2024-04-09,25.19,25.26,25.26,25.18,100837
2024-04-10,25.16,25.18,25.2236,24.99,257639
2024-04-11,25.15,25.15,25.19,25.05,104287
2024-04-12,25.13,25.04,25.1599,25.02,36489
2024-04-15,25.05,24.78,25.05,24.71,163076
2024-04-16,24.7,24.71,24.9,24.67,202857
2024-04-17,24.82,24.85,24.96,24.73,142662
2024-04-18,24.8,24.73,24.89,24.715,183749
2024-04-19,24.73,24.88,24.93,24.73,81445
2024-04-22,24.94,24.94,25.01,24.885,105416
2024-04-23,24.94,25.03,25.05,24.9,53218
2024-04-24,25.0,24.92,25.0,24.84,79688
2024-04-25,24.77,24.77,24.87,24.66,143085
2024-04-26,24.84,24.83,24.95,24.82,51686
2024-04-29,24.88,24.94,24.94,24.83,38456
2024-04-30,24.94,24.91,24.98,24.8,51928
2024-05-01,24.91,25.0,25.03,24.79,94160
2024-05-02,25.0,25.07,25.14,24.9289,276635
2024-05-03,25.17,25.1,25.17,25.07,165449
2024-05-06,25.12,25.11,25.12,25.05,166254
2024-05-07,25.16,25.09,25.25,25.04,204269
2024-05-08,25.06,25.03,25.13,24.97,165448
2024-05-09,25.05,25.09,25.1199,24.99,56751
2024-05-10,25.06,25.04,25.12,25.0,67690
2024-05-13,25.09,25.09,25.13,25.05,34898
2024-05-14,25.16,25.09,25.16,25.03,63446
2024-05-15,25.14,25.23,25.23,25.13,95025
2024-05-16,25.25,25.19,25.3,25.16,54867
2024-05-17,25.19,25.19,25.21,25.13,52086
2024-05-20,25.23,25.35,25.3769,25.21,83241
2024-05-21,25.38,25.37,25.44,25.32,82213
2024-05-22,25.41,25.35,25.41,25.3,143517
2024-05-23,25.42,25.25,25.42,25.18,136309
2024-05-24,25.22,25.4,25.4,25.22,62665
2024-05-28,25.44,25.38,25.45,25.3,45372
2024-05-29,25.32,25.28,25.34,25.19,74513
2024-05-30,25.28,25.38,25.43,25.28,95339
2024-05-31,25.44,25.52,25.58,25.39,138023
2024-06-03,25.52,25.61,25.6499,25.48,51957
2024-06-04,25.56,25.75,25.79,25.56,130588
2024-06-05,25.79,25.86,25.88,25.7,66645
2024-06-06,25.86,25.81,25.9,25.7,100715
2024-06-07,25.78,25.66,25.81,25.6,104585
2024-06-10,25.65,25.62,25.75,25.58,63960
2024-06-11,25.68,25.66,25.7,25.58,38856
2024-06-12,25.77,25.84,25.85,25.7,70407
2024-06-13,25.88,25.361007,26.0,25.72,75741
2024-06-14,25.48,25.5,25.59,25.31,98762
2024-06-17,25.5,25.5,25.5199,25.35,33735
2024-06-18,25.51,25.54,25.64,25.48,140203
2024-06-20,25.55,25.67,25.67,25.45,72131
2024-06-21,25.67,25.67,25.74,25.6258,44304
2024-06-24,25.72,25.72,25.74,25.655,67818
2024-06-25,25.78,25.79,25.79,25.71,57248
2024-06-26,25.78,25.7,25.7899,25.66,71555
2024-06-27,25.7,25.5,25.74,25.48,264700
2024-06-28,25.56,25.4,25.77,25.4,879152
2024-07-01,25.41,25.25,25.465,25.23,121527
2024-07-02,25.3,25.36,25.38,25.2701,117327
2024-07-03,25.38,25.47,25.4797,25.35,41865
2024-07-05,25.5,25.56,25.57,25.45,44700
2024-07-08,25.58,25.47,25.58,25.44,55241
2024-07-09,25.49,25.42,25.49,25.41,29492
2024-07-10,25.46,25.51,25.55,25.42,36620
2024-07-11,25.54,25.51,25.6291,25.49,95912
2024-07-12,25.54,25.5,25.59,25.47,39813
2024-07-15,25.53,25.48,25.5425,25.44,17380
2024-07-16,25.55,25.43,25.55,25.39,84822
2024-07-17,25.38,25.35,25.39,25.32,69732
2024-07-18,25.35,25.33,25.41,25.27,84019
2024-07-19,25.3,25.33,25.3699,25.26,55221
2024-07-22,25.37,25.35,25.39,25.3,54580
2024-07-23,25.36,25.28,25.37,25.24,59609
2024-07-24,25.3,25.11,25.3,25.05,80303
2024-07-25,25.16,25.15,25.22,25.11,64109
2024-07-26,25.2,25.22,25.23,25.19,34398
2024-07-29,25.27,25.19,25.27,25.16,29469
2024-07-30,25.2,25.2,25.24,25.14,26119
2024-07-31,25.25,25.2,25.3,25.15,91267
2024-08-01,25.25,25.19,25.34,25.17,180117
2024-08-02,25.13,24.98,25.13,24.95,239962
2024-08-05,24.39,24.57,24.68,24.12,193482
2024-08-06,24.66,24.72,24.82,24.62,180799
2024-08-07,24.81,24.69,24.9085,24.67,68961
2024-08-08,24.76,24.82,24.88,24.72,68357
2024-08-09,24.88,24.82,24.9,24.78,44558
2024-08-12,24.82,24.81,24.86,24.79,44955
2024-08-13,24.89,24.82,24.97,24.79,196016
2024-08-14,24.85,25.01,25.03,24.83,93041
2024-08-15,25.06,25.13,25.17,24.95,106375
2024-08-16,25.14,25.18,25.2,25.14,51512
2024-08-19,25.22,25.31,25.32,25.2,74295
2024-08-20,25.34,25.37,25.38,25.25,39455
2024-08-21,25.39,25.43,25.46,25.3701,39538
2024-08-22,25.43,25.38,25.43,25.35,25681
2024-08-23,25.47,25.42,25.47,25.4,40367
2024-08-26,25.47,25.44,25.47,25.39,21375
2024-08-27,25.45,25.4999,25.5199,25.4,36085
2024-08-28,25.5,25.49,25.5116,25.455,26378
2024-08-29,25.53,25.43,25.57,25.39,45145
2024-08-30,25.48,25.28,25.48,25.18,103167
2024-09-03,25.31,25.24,25.33,25.18,38411
2024-09-04,25.29,25.38,25.39,25.252,63300
2024-09-05,25.47,25.41,25.48,25.36,38882
2024-09-06,25.45,25.3,25.49,25.25,84554
2024-09-09,25.43,25.44,25.44,25.33,106300
2024-09-10,25.48,25.57,25.57,25.4,50736
2024-09-11,25.58,25.58,25.59,25.475,105397
2024-09-12,25.61,25.206875,25.66,25.56,63165
2024-09-13,25.3,25.28,25.36,25.24,128912
