2024-08-08,20.27,20.4195,20.47,20.27,2783
2024-08-09,20.43,20.4217,20.5,20.3,5517
2024-08-12,20.58,20.5405,20.6721,20.52,2829
2024-08-13,20.61,20.574,20.72,20.54,64743
2024-08-14,20.51,20.3188,20.51,20.26,8100
2024-08-15,20.13,20.4474,20.94,20.13,29181
2024-08-16,20.82,20.9324,21.0,20.78,30535
2024-08-19,21.03,21.0765,21.13,20.98,83174
2024-08-20,20.95,20.83,20.955,20.8295,25679
2024-08-21,20.97,21.0911,21.1199,20.97,83691
2024-08-22,21.14,21.0439,21.14,21.0,32393
2024-08-23,21.22,21.1484,21.2231,21.12,29074
2024-08-26,20.51,20.33,20.51,20.08,77751
2024-08-27,20.3199,20.3099,20.35,20.24,6415
2024-08-28,20.055,19.8571,20.13,19.81,9381
2024-08-29,20.04,20.0931,20.206,20.02,5055
2024-08-30,20.43,20.52,20.53,20.331,45221
2024-09-03,20.45,20.3495,20.48,20.31,15284
2024-09-04,20.3301,20.51,20.54,20.3301,51135
2024-09-05,20.51,19.864,20.62,20.47,12068
2024-09-06,19.8313,19.6823,19.9105,19.67,44317
2024-09-09,19.62,19.741,19.76,19.53,21660
2024-09-10,20.2,20.1954,20.2,19.94,31983
2024-09-11,20.2972,20.3295,20.33,20.2,4924
2024-09-12,20.4399,20.4402,20.47,20.4001,2174
2024-09-13,20.23,20.4832,20.4988,20.23,2695
