2016-10-26,2916.0,3061.8,3061.8,2916.0,28
2016-10-27,3159.0,3402.0,3402.0,3159.0,47
2016-10-28,3304.8,3450.6,3450.6,3280.5,31
2016-10-31,3523.5,3912.3,3912.3,3521.07,42
2016-11-01,3959.685,4123.71,4126.14,3669.3,38
2016-11-02,4155.3,3790.8,4179.6,3766.5,24
2016-11-03,3888.0,3888.0,4131.0,3693.6,19
2016-11-04,3985.2,3888.0,3985.2,3584.25,13
2016-11-07,3547.8,3888.0,4009.5,3547.8,11
2016-11-08,3960.9,4041.09,4131.0,3766.5,18
2016-11-09,4058.1,3895.29,4128.57,3645.0,11
2016-11-10,4128.57,3645.0,4128.57,3645.0,1
2016-11-11,3645.0,3764.07,3885.57,3426.3,6
2016-11-14,3766.5,3977.91,4004.64,3645.0,4
2016-11-15,3766.5,4009.5,4128.57,3766.5,7
2016-11-16,4131.0,4131.0,4250.07,4058.1,10
2016-11-17,4155.3,4056.156,4252.5,4033.8,10
2016-11-18,4082.4,4252.5,4374.0,4009.5,13
2016-11-21,4252.5,4544.1,4857.57,4252.5,24
2016-11-22,4689.9,4860.0,5030.1,4617.0,18
2016-11-23,5224.5,6318.0,6318.0,5016.735,39
2016-11-25,6439.5,8818.47,9234.0,6075.0,84
2016-11-28,9039.6,11761.2,11907.0,8991.0,84
2016-11-29,11773.35,10570.5,13000.5,9963.0,99
2016-11-30,10570.5,9003.15,10692.0,8262.0,45
2016-12-01,9234.0,7287.57,9234.0,7287.57,15
2016-12-02,7071.3,8305.74,8991.0,5346.0,40
2016-12-05,8262.0,8019.0,8748.0,7654.5,9
2016-12-06,8140.5,7776.0,8383.5,7654.5243,7
2016-12-07,8383.5,8359.2,8505.0,8262.0,9
2016-12-08,8505.0,8262.0,8505.0,8262.0,4
2016-12-09,8505.0,8533.5525,8988.57,7654.5,7
2016-12-12,8869.5,8262.0,9353.0457,8262.0,13
2016-12-13,8756.5293,8863.425,9112.5,8505.0,1
2016-12-14,9720.0,9598.5,10449.0,9234.0,14
2016-12-15,10084.5,9963.0,10084.5,9598.5,6
2016-12-16,9963.0,10206.0,10206.0,9744.3,5
2016-12-19,9841.5,10206.0,10449.0,9841.5,7
2016-12-20,10355.4693,10935.0,10935.0,10096.65,24
2016-12-21,11299.5,13843.71,15309.0,10740.6,33
2016-12-22,13729.5,12879.0,14580.0,11688.3,39
2016-12-23,12879.0,17739.0,18346.5,12842.55,54
2016-12-27,20594.25,18832.5,20655.0,16281.0,70
2016-12-28,19136.25,20412.0,20533.5,18954.0,31
2016-12-29,20776.5,25029.0,31104.0,20652.57,127
2016-12-30,24907.5,26487.0,27945.0,24057.0,45
2017-01-03,26730.0,26001.0,29160.0,23328.0,76
2017-01-04,26730.0,28674.0,28917.0,26244.0,34
2017-01-05,28674.0,28188.0,30132.0,26730.0,31
2017-01-06,27702.0,23959.8,27702.0,23571.0,40
2017-01-09,24467.67,19870.11,24543.0,18468.0,45
2017-01-10,19926.0,21845.7,22842.0,19197.0,19
2017-01-11,21870.0,23085.0,23935.5,21870.0,18
2017-01-12,24057.0,23571.0,25515.0,21554.1,14
2017-01-13,23631.75,22295.25,24057.0,22234.5,7
2017-01-17,23085.0,22599.0,24300.0,22295.25,6
2017-01-18,23009.694,22113.0,23085.0,21870.0,4
2017-01-19,22113.0,19926.0,22120.29,19440.0,15
2017-01-20,19561.5,21627.0,21772.8,17496.0,12
2017-01-23,21201.75,20266.2,21201.75,17982.0,4
2017-01-24,21262.5,19926.0,21384.0,19440.0,3
2017-01-25,20169.0,19440.0,20169.0,19440.0,1
2017-01-26,19440.0,19440.0,19683.0,18225.0,4
2017-01-27,19561.5,20144.7,20412.0,19440.0,4
2017-01-30,20412.0,19252.89,20533.5,19197.0,13
2017-01-31,20169.0,19136.25,20169.0,18954.024,3
2017-02-01,19440.0,19172.676,19440.0,18881.1,3
2017-02-02,19622.25,18954.0,19622.25,18954.0,1
2017-02-03,19065.804,18832.5,19440.0,18832.5,2
2017-02-06,19197.0,19075.5,19197.0,18832.5,4
2017-02-07,18983.16,19318.5,19415.7,18954.0,4
2017-02-08,19257.75,19075.5,19318.5,18954.0,4
2017-02-09,19136.25,18954.0,19197.0,18832.5,6
2017-02-10,18832.5,18954.0,19075.476,18832.5,5
2017-02-13,18881.1,18954.0,19075.5,18832.5,7
2017-02-14,18966.15,18954.0,19014.75,18954.0,6
2017-02-15,19075.5,19026.9,19075.5,18686.7,4
2017-02-16,19014.75,18954.0,19014.75,18468.0,21
2017-02-17,18954.0,18468.0,18954.0,17496.0,8
2017-02-21,17982.0,17918.82,18468.0,17253.0,10
2017-02-22,17617.5,15916.5,17617.5,12879.0,22
2017-02-23,15855.75,15066.0,15855.75,14580.0,10
2017-02-24,14823.0,14320.962,15916.5,13486.5,42
2017-02-27,15734.25,15066.0,16767.0,14701.5,4
2017-02-28,15673.5,15792.57,15792.57,15066.0,3
2017-03-01,15671.07,15187.5,16038.0,14672.34,8
2017-03-02,15916.5,14701.5,15916.5,14701.5,1
2017-03-03,15309.0,14823.0,15552.0,13365.0,11
2017-03-06,14628.6,14580.0,14823.0,14033.25,2
2017-03-07,14580.0,14434.2,14580.0,13851.0,1
2017-03-08,14580.0,15066.0,15552.0,14458.5,2
2017-03-09,15066.0,14580.0,15066.0,13851.0,1
2017-03-10,14580.0,13608.0,14580.0,13486.5,9
2017-03-13,13486.5,11664.0,13488.93,11068.65,20
2017-03-14,11907.0,11907.0,12150.0,11554.65,3
2017-03-15,12879.0,12089.25,12879.0,11785.5243,2
2017-03-16,12514.5,12393.0,12636.0,11907.0,2
2017-03-17,12393.0,12089.25,12879.0,11907.0,1
2017-03-20,12708.9,11907.0,12752.64,11554.65,8
2017-03-21,11664.0,12150.0,12150.0,10935.0,3
2017-03-22,12150.0,12150.0,12150.0,11664.0,0
2017-03-23,12101.4,11664.0,12526.65,11178.0,3
2017-03-24,11664.0,12150.0,12150.0,11542.5,3
2017-03-27,12147.57,11615.4,12147.57,11445.3,2
2017-03-28,11445.3,11664.0,11783.07,11445.3,0
2017-03-29,11445.3,9720.0,11904.57,9720.0,12
2017-03-30,9720.0,8748.0,9720.0,8264.43,16
2017-03-31,8748.0,10935.0,11178.0,8638.65,9
2017-04-03,10376.1,11421.0,12393.0,10376.1,8
2017-04-04,11795.22,11542.5,12125.7,11360.25,0
2017-04-05,12125.7,11664.0,12125.7,11421.0,1
2017-04-06,12028.5,11664.0,12150.0,11178.0,6
2017-04-07,12150.0,11615.4,12271.5,11542.5,3
2017-04-10,11858.4,11664.0,11907.0,11493.9,0
2017-04-11,11421.0,11360.25,12150.0,11350.53,3
2017-04-12,11068.65,11664.0,11785.5,11068.65,0
2017-04-13,11664.0,11664.0,12028.5,11664.0,0
2017-04-17,11289.78,11421.0,12125.7,11178.0,0
2017-04-18,11178.0,10813.5,11421.0,10232.73,3
2017-04-19,10813.5,10692.0,11178.0,9720.0,1
2017-04-20,10206.0,9841.5,10692.0,9720.0,1
2017-04-21,9841.5,9963.0,10203.57,9841.5,0
2017-04-24,9841.5,9562.05,10084.5,9428.4,2
2017-04-25,9963.0,9355.5,9963.0,9355.5,1
2017-04-26,9537.75,10027.152,10027.152,9428.4,1
2017-04-27,9963.0,9720.0,10206.0,9379.8,5
2017-04-28,9720.0,9645.1803,10206.0,9282.6,2
2017-05-01,10084.5,9234.0,10206.0,9234.0,2
2017-05-02,9902.25,9720.0,9902.25,9355.5,0
2017-05-03,9598.5,9598.5,9598.5,9598.5,0
2017-05-04,9343.35,9720.0,10084.5,9343.35,0
2017-05-05,9780.75,9720.0,9950.85,9720.0,0
2017-05-08,9404.1,9477.0,9963.0,9234.0,5
2017-05-09,9720.0,9477.0,9720.0,9234.0,1
2017-05-10,9255.8943,9234.0,9477.0,9234.0,2
2017-05-11,9234.0,9355.5,9477.0,9234.0,3
2017-05-12,9234.0,8748.0,9234.0,8748.0,10
2017-05-15,8356.77,8748.0,8750.43,8286.3,1
2017-05-16,8505.0,8748.0,9234.0,8480.7,2
2017-05-17,8988.57,9234.0,9234.0,8935.0857,0
2017-05-18,8869.5,8262.0,8991.0,8152.65,4
2017-05-19,8505.0,9720.0,9720.0,8286.3,1
2017-05-22,9015.3,10327.5,10449.0,9015.3,1
2017-05-23,9598.5,9477.0,9926.55,8505.0,0
2017-05-24,9477.0,9477.0,9477.0,8383.5,1
2017-05-25,9477.0,9234.0,9477.0,9076.05,0
2017-05-26,9477.0,8626.5,9477.0,8626.5,1
2017-05-30,9234.0,8505.0,9234.0,8505.0,1
2017-05-31,8784.45,8505.0,9234.0,8474.625,5
2017-06-01,8626.5,8370.135,8602.1757,8019.0,3
2017-06-02,8599.77,8262.0,8599.77,8262.0,1
2017-06-05,8505.0,8688.465,8748.0,8019.0,0
2017-06-06,9112.5,8588.835,9112.5,8505.0,0
2017-06-07,8687.25,8019.0,8505.0,8019.0,2
2017-06-08,8067.6,8021.43,8505.0,8019.0,1
2017-06-09,8021.43,8021.43,8021.43,8021.43,0
2017-06-12,8383.5,8262.0,8505.0,8140.5,1
2017-06-13,8748.0,9720.0,9720.0,8748.0,7
2017-06-14,9720.0,11299.5,12854.7,9720.0,6
2017-06-15,10935.0,9720.0,11178.0,9720.0,5
2017-06-16,9421.11,10206.0,11664.0,9421.11,5
2017-06-19,10935.0,11421.0,14094.0,10935.0,8
2017-06-20,11421.0,12150.0,13851.0,11421.0,9
2017-06-21,11664.0,11299.5,13365.0,11056.5,2
2017-06-22,11421.0,12150.0,13243.5,11178.0,2
2017-06-23,12271.5,12393.0,13182.75,12150.0,0
2017-06-26,12879.0,13281.1407,14094.0,12879.0,2
2017-06-27,13486.5,13972.5,14044.185,13365.0,2
2017-06-28,13972.5,15309.0,17010.0,13729.5,4
2017-06-29,15795.0,16281.0,16767.0,15066.0,3
2017-06-30,15552.0,16038.0,16281.0,13972.5,2
2017-07-03,14385.6,15734.25,16767.0,14385.6,1
2017-07-05,15552.0,15916.5,17131.5,15552.0,2
2017-07-06,16402.5,15187.5,16402.5,15005.25,2
2017-07-07,15066.0,16038.0,16281.0,15066.0,2
2017-07-10,15795.0,16038.0,16281.0,15795.0,3
2017-07-11,16281.0,16767.0,17010.0,16159.5,3
2017-07-12,16281.0,16038.0,16767.0,15795.0,4
2017-07-13,16038.0,15795.0,16038.0,15552.0,5
2017-07-14,16038.0,15309.0,16038.0,15187.5,6
2017-07-17,15066.0,15309.0,15795.0,15066.0,0
2017-07-18,15491.25,14823.0,15309.0,14094.0,1
2017-07-19,14580.0,14580.0,14677.2,14458.5,1
2017-07-20,14823.0,15309.0,15673.5,14823.0,1
2017-07-21,15309.0,15309.0,15430.5,14820.57,1
2017-07-24,14823.0,15066.0,15430.5,14823.0,11
2017-07-26,15430.5,13972.5,15430.5,13851.0,2
2017-07-27,13851.0,13729.5,14094.0,13729.5,0
2017-07-28,14149.89,14094.0,14149.89,13729.5,0
2017-07-31,14094.0,13851.0,14094.0,13122.0,0
2017-08-01,13389.3,13972.5,13972.5,13122.0,1
2017-08-02,13972.5,13972.5,13972.5,13243.5,0
2017-08-03,13972.5,14094.0,14094.0,13680.9,0
2017-08-04,13851.0,14094.0,14094.0,13851.0,0
2017-08-07,13851.0,13365.0,13851.0,13365.0,1
2017-08-08,14458.5,13848.57,14458.5,12393.0,1
2017-08-09,12417.3,13365.0,13608.0,12334.68,0
2017-08-10,12334.68,13119.57,13119.57,9982.44,1
2017-08-11,12150.0,11907.0,12150.0,11907.0,0
2017-08-14,11664.0,12150.0,12150.0,11299.5,1
2017-08-15,11469.6,11299.5,11469.6,11178.0,0
2017-08-16,11785.5,11056.5,11785.5,9963.0,1
2017-08-17,11084.445,11117.25,11117.25,11056.5,0
2017-08-18,11105.1,10935.0,11105.1,9963.0,6
2017-08-21,9987.3,10449.0,10449.0,9987.3,3
2017-08-22,10206.0,9963.0,10449.0,9234.0,5
2017-08-23,10206.0,11421.0,11664.0,10206.0,4
2017-08-24,11421.0,11907.0,12150.0,11421.0,2
2017-08-25,11907.0,12393.0,13486.5,11664.0,1
2017-08-28,13365.0,14580.0,15066.0,12393.0,6
2017-08-29,14580.0,14215.5,14580.0,13851.0,1
2017-08-30,14215.5,14458.5,14677.2,14215.5,2
2017-08-31,14021.1,13851.0,14021.1,13608.0,1
2017-09-01,13851.0,13365.0,13911.75,13365.0,3
2017-09-05,13486.5,11809.8,13486.5,11178.0,3
2017-09-06,11809.8,11904.57,11907.0,11809.8,1
2017-09-07,11907.0,12636.0,13851.0,11904.57,3
2017-09-08,12636.0,11907.0,12636.0,11907.0,0
2017-09-11,12526.65,11664.0,12526.65,11664.0,1
2017-09-12,12150.0,11542.5,12150.0,11542.5,1
2017-09-13,11664.0,12093.624,12093.624,11664.0,3
2017-09-14,12393.0,12394.215,12448.89,12150.0,1
2017-09-15,12150.0,11907.0,12198.6,11907.0,1
2017-09-18,11785.5,11785.5,11785.5,11785.5,0
2017-09-19,12150.0,12512.07,12512.07,12150.0,0
2017-09-20,12512.07,12150.0,12879.0,12150.0,1
2017-09-21,12666.375,12636.0,12696.75,12636.0,1
2017-09-22,12667.59,12636.0,12667.59,12393.0,0
2017-09-25,12636.0,12150.0,12636.0,11785.5,1
2017-09-26,12416.085,12879.0,12939.75,12416.085,0
2017-09-27,12552.165,12150.0,12636.0,11664.0,8
2017-09-28,12010.275,11418.57,12010.275,10935.0,10
2017-09-29,11299.5,11299.5,11542.5,10886.4,6
2017-10-02,11323.8,11907.0,12636.0,11323.8,2
2017-10-03,12089.25,11664.0,12150.0,11421.0,5
2017-10-04,11907.0,11178.0,11907.0,11178.0,0
2017-10-05,11664.0,11761.2,11785.5,11178.0,4
2017-10-06,11761.2,11421.0,11761.2,11178.0,1
2017-10-09,11421.0,11421.0,11421.0,11178.0,0
2017-10-10,11421.0,11178.0,11421.0,10837.8,1
2017-10-11,11056.5,10327.5,11056.5,9720.0,8
2017-10-12,10084.5,9963.0,10084.5,9720.0,1
2017-10-13,9841.5,10910.7,10910.7,9841.5,2
2017-10-16,10745.46,10935.0,11418.57,10570.5,1
2017-10-17,10570.5,11178.0,11178.0,9598.5,2
2017-10-18,10534.05,11178.0,11178.0,10449.0,1
2017-10-19,11153.7,10935.0,11175.57,10449.0,1
2017-10-20,10935.0,10935.0,10974.1473,10206.0,4
2017-10-23,11102.67,10935.0,11105.1,10692.0,0
2017-10-24,11105.1,10692.0,11105.1,10692.0,2
2017-10-25,10327.5,10935.0,10935.0,10327.5,1
2017-10-26,10569.3336,10749.105,10781.91,10356.66,1
2017-10-27,10327.5,10206.0,10932.57,9963.0,0
2017-10-30,9963.0,10203.57,10206.0,9720.0,2
2017-10-31,10206.0,10206.0,10206.0,9975.15,0
2017-11-01,9720.0,9963.0,10206.0,9720.0,0
2017-11-30,7897.5,8100.0,8120.25,7897.5,1
2017-12-01,8100.0,8100.0,8100.0,8079.75,0
2017-12-04,8970.75,7816.5,8100.0,7816.5,0
2017-12-05,7938.0,7816.5,7938.0,7816.5,1
2017-12-06,7603.875,7209.0,7816.5,7107.75,2
2017-12-07,7022.295,7188.75,7188.75,7087.5,1
2017-12-08,7229.25,7695.0,7695.0,7695.0,1
2017-12-11,7593.75,7593.75,7593.75,7593.75,0
2017-12-12,7107.75,7492.5,7492.5,7087.5,0
2017-12-13,7492.5,7290.0,7492.5,6783.75,2
2017-12-14,6682.5,7087.5,7107.75,6682.5,2
2017-12-15,6885.0,6783.75,6885.0,5892.75,14
2017-12-18,6682.5,6378.75,6682.5,6115.5,12
2017-12-19,6581.25,6095.25,6642.0,5872.5,11
2017-12-20,6160.2525,6095.25,6561.0,6034.5,1
2017-12-21,6054.75,6014.25,6075.0,5872.5,3
2017-12-22,6277.5,5771.25,6277.5,5771.25,2
2017-12-26,5690.25,5852.25,5852.25,5690.25,1
2017-12-27,5852.25,6054.75,6581.25,5589.0,12
2017-12-28,5629.5,5629.5,6054.75,5427.0,4
2017-12-29,5082.75,4758.75,5629.5,4495.5,13
2018-01-02,5062.5,5629.5,5629.5,4860.0,13
2018-01-03,5568.75,5973.75,5973.75,5467.5,9
2018-01-04,6095.25,6176.25,6176.25,5467.5,1
2018-01-05,5973.75,5973.75,5973.75,5771.25,2
2018-01-08,5872.5,6075.0,6378.75,5811.75,0
2018-01-09,6176.25,5973.75,6176.25,5832.0,4
2018-01-10,5973.75,5973.75,5973.75,5973.75,0
2018-01-11,5629.5,5973.75,5973.75,5629.5,0
2018-01-12,5973.75,5973.75,5973.75,5973.75,0
2018-01-16,5852.25,5852.25,5852.25,5568.75,1
2018-01-17,5670.0,5649.75,5670.0,5103.0,1
2018-01-18,5366.25,6095.25,6378.75,5366.25,6
2018-01-19,5487.75,5508.0,6115.5,5487.75,1
2018-01-22,6014.25,5933.25,6014.25,5933.25,3
2018-01-23,5528.25,5528.25,5528.25,5528.25,0
2018-01-24,5265.0,5629.5,5933.25,5184.0,4
2018-01-25,5444.01,5568.75,5568.75,5406.75,0
2018-01-26,5548.5,5568.75,5568.75,4839.75,2
2018-01-29,5568.75,5548.5,5568.75,5548.5,0
2018-01-30,5670.0,5265.0,5832.0,4758.75,6
2018-01-31,5366.25,5528.25,5528.25,4576.5,2
2018-02-01,4991.625,5265.0,5366.25,4991.625,3
2018-02-02,4981.5,4941.0,4981.5,4556.25,3
2018-02-05,4941.0,5042.25,5042.25,4758.75,0
2018-02-06,5022.0,4961.25,5022.0,4961.25,1
2018-02-07,5265.0,5062.5,5265.0,4576.5,5
2018-02-08,4596.75,5062.5,5062.5,4596.75,1
2018-02-09,5062.5,5062.5,5062.5,5062.5,0
2018-02-13,4596.75,4738.5,4738.5,4293.0,5
2018-02-14,4313.25,4171.5,4313.25,3911.49,13
2018-02-15,4212.0,4475.25,4475.25,4212.0,0
2018-02-16,4212.0,4455.0,4576.5,4212.0,0
2018-02-20,4455.0,4333.5,4455.0,4252.5,1
2018-02-21,4475.25,4475.25,4475.25,4475.25,0
2018-02-22,4333.5,4252.5,4333.5,4252.5,1
2018-02-23,4374.0,4758.75,4758.75,4374.0,0
2018-02-26,4738.5,4637.25,4738.5,4394.25,1
2018-02-27,4657.5,4657.5,4657.5,4657.5,0
2018-02-28,4758.75,4515.75,4758.75,4475.25,5
2018-03-01,4536.0,4313.25,4536.0,4252.5,4
2018-03-02,4232.25,4293.0,4293.0,4050.0,5
2018-03-05,4050.0,4293.0,4293.0,4029.75,2
2018-03-06,4050.0,4029.75,4050.0,3948.75,6
2018-03-07,3948.75,4050.0,4050.0,3948.75,3
2018-03-08,4029.75,4029.75,4029.75,3969.0,3
2018-03-09,4029.75,4050.0,4050.0,4029.75,0
2018-03-12,3969.0,3969.0,3969.0,3948.75,0
2018-03-13,4050.0,3948.75,4050.0,3948.75,2
2018-03-15,3969.0,3948.75,3969.0,3948.75,5
2018-03-16,3948.75,3948.75,3948.75,3948.75,2
2018-03-19,3948.75,3948.75,3948.75,3948.75,0
2018-03-20,4029.75,3847.5,4110.75,3827.25,10
2018-03-21,3928.5,3847.5,4009.5,3847.5,3
2018-03-22,3847.5,3847.5,3847.5,3746.25,3
2018-03-23,3847.5,3847.5,3867.75,3786.75,16
2018-03-26,3827.25,3847.5,3847.5,3746.25,13
2018-03-27,3847.5,3746.25,3847.5,3442.5,6
2018-03-28,3705.75,3746.25,3766.5,3624.75,2
2018-03-29,3807.0,3807.0,3807.0,3807.0,1
2018-04-02,3604.5,3543.75,3604.5,3543.75,0
2018-04-03,3746.25,3645.0,3746.25,3624.75,1
2018-04-04,3483.0,3503.25,3503.25,3483.0,1
2018-04-05,3543.75,3624.75,3827.25,3543.75,2
2018-04-06,3543.75,3543.75,3574.125,3483.0,2
2018-04-09,3543.75,3240.0,3543.75,3179.25,4
2018-04-10,3017.25,3240.0,3240.0,2997.0,4
2018-04-11,3037.5,3219.75,3219.75,3037.5,9
2018-04-12,3219.75,3098.25,3341.25,2754.0,11
2018-04-13,2997.0,2976.75,3078.0,2835.0,8
2018-04-16,2855.25,2835.0,2855.25,2835.0,5
2018-04-17,2794.7025,2835.0,2835.0,2794.5,2
2018-04-18,2754.0,2936.25,2936.25,2754.0,1
2018-04-19,2936.25,2936.25,2936.25,2814.75,6
2018-04-20,2936.0475,2855.25,2936.25,2835.0,6
2018-04-23,2814.75,2855.25,2855.25,2814.75,10
2018-04-24,2855.25,2855.25,2875.5,2754.0,6
2018-04-25,2855.25,2733.75,2855.25,2632.5,4
2018-04-26,2754.0,2855.25,2855.25,2754.0,1
2018-04-27,2855.25,3442.5,3442.5,2855.25,5
2018-04-30,3034.96875,2835.0,3442.5,2835.0,5
2018-05-01,2733.75,2916.0,2916.0,2733.75,18
2018-05-02,2855.25,2936.25,2936.25,2855.25,1
2018-05-03,2936.25,2936.25,2936.25,2936.25,0
2018-05-04,3098.25,3098.25,3098.25,3098.25,0
2018-05-07,3098.25,3037.5,3098.25,2835.0,5
2018-05-08,3098.25,3098.25,3098.25,3098.25,0
2018-05-09,2936.25,2936.25,2936.25,2936.25,2
2018-05-10,2936.25,2936.25,2936.25,2936.25,0
2018-05-11,3037.5,3037.5,3060.28125,3037.5,4
2018-05-14,3060.28125,3138.75,3138.75,3060.28125,1
2018-05-15,3989.25,3442.5,3989.25,3240.0,7
2018-05-16,3442.5,3442.5,3442.5,3361.5,2
2018-05-17,3442.5,3422.25,3442.5,3402.0,6
2018-05-18,3402.0,3341.25,3402.0,3341.25,3
2018-05-21,3341.25,3341.25,3341.25,3240.0,8
2018-05-22,3260.25,3240.0,3260.25,3240.0,3
2018-05-23,3199.5,3199.5,3199.5,3199.5,1
2018-05-24,3037.5,2936.25,3037.5,2936.25,2
2018-05-25,2956.5,2956.5,2956.5,2956.5,1
2018-05-29,2936.25,2936.25,3037.5,2936.25,3
2018-05-30,3017.25,2936.25,3017.25,2936.25,3
2018-06-01,2916.0,2916.0,2916.0,2916.0,7
2018-06-04,3219.75,3523.5,3928.5,3219.75,4
2018-06-05,3037.5,2936.25,3138.75,2936.25,7
2018-06-06,2936.25,2936.25,2936.25,2835.0,6
2018-06-07,2936.25,2855.25,2936.25,2855.25,9
2018-06-08,3017.25,2916.0,3037.5,2916.0,0
2018-06-11,2835.0,2936.25,2936.25,2774.25,11
2018-06-12,2835.0,2936.25,2936.25,2835.0,12
2018-06-13,2936.25,2814.75,2976.75,2592.0,86
2018-06-14,2835.0,2764.125,2875.5,2592.0,16
2018-06-15,2835.0,2835.0,2916.0,2835.0,13
2018-06-18,2835.0,2835.0,2835.0,2652.75,1
2018-06-19,2794.5,2794.5,2794.5,2794.5,1
2018-06-20,2794.5,2956.5,2956.5,2774.25,7
2018-06-21,2855.25,2855.25,2855.25,2754.0,1
2018-06-22,2835.0,2855.25,2855.25,2835.0,4
2018-06-25,2855.25,2855.25,2855.25,2693.25,0
2018-06-26,2855.25,2855.25,2855.25,2855.25,0
2018-06-27,2916.0,2936.25,2936.25,2916.0,0
2018-06-28,2916.0,2936.25,2936.25,2814.75,1
2018-06-29,2875.5,2774.25,2875.5,2774.25,0
2018-07-05,2875.5,2895.75,2895.75,2551.5,1
2018-07-06,2835.0,2733.75,2875.5,2551.5,3
2018-07-09,2875.5,2835.0,2875.5,2733.75,1
2018-07-12,2875.5,2835.0,2875.5,2835.0,8
2018-07-13,2814.75,2835.0,2875.5,2652.75,1
2018-07-16,2835.0,2733.75,2835.0,2733.75,0
2018-07-17,2835.0,2936.25,2936.25,2733.75,17
2018-07-18,2936.25,2936.25,2936.25,2936.25,1
2018-07-19,2895.75,2895.75,2895.75,2895.75,0
2018-07-20,2936.25,2875.5,2936.25,2875.5,0
2018-07-23,2855.25,2835.0,2855.25,2835.0,0
2018-07-24,2814.75,2814.75,2814.75,2814.75,0
2018-07-25,2814.75,2794.5,2814.75,2652.75,1
2018-07-26,2754.0,2754.0,2754.0,2652.75,1
2018-07-27,2655.7875,2835.0,2835.0,2655.7875,4
2018-07-30,2733.75,2835.0,2835.0,2733.75,2
2018-07-31,2774.25,2693.25,2835.0,2693.25,4
2018-08-01,2754.0,2733.75,2754.0,2733.75,1
2018-08-02,2814.75,2814.75,2814.75,2814.75,0
2018-08-06,2733.75,2733.75,2733.75,2733.75,0
2018-08-07,2733.75,2733.75,2814.75,2733.75,4
2018-08-08,2916.0,2733.75,2916.0,2733.75,3
2018-08-09,2693.25,2693.25,2693.25,2673.0,1
2018-08-10,2652.75,2652.75,2652.75,2652.75,0
2018-08-13,2814.75,2652.75,2814.75,2652.75,1
2018-08-14,2835.0,2835.0,2835.0,2835.0,0
2018-08-15,2652.75,2835.0,2835.0,2652.75,1
2018-08-16,2813.7375,2813.7375,2813.7375,2813.7375,0
2018-08-17,2652.75,2774.25,2774.25,2551.5,3
2018-08-20,2774.25,2774.25,2774.25,2774.25,0
2018-08-22,2774.25,2835.0,2835.0,2652.75,5
2018-08-23,2835.0,2835.0,2835.0,2835.0,0
2018-08-24,2835.0,2835.0,2835.0,2835.0,0
2018-08-27,2835.0,2956.5,2956.5,2835.0,3
2018-08-28,2956.5,2794.5,2956.5,2713.5,4
2018-08-29,2936.25,2794.5,3280.5,2794.5,1
2018-08-30,2774.25,2794.5,2794.5,2774.25,0
2018-08-31,2794.5,2673.0,2794.5,2571.75,3
2018-09-04,2673.0,2632.5,2673.0,2632.5,5
2018-09-05,2693.25,2632.5,2693.25,2632.5,6
2018-09-06,2652.75,2632.5,3037.5,2632.5,6
2018-09-07,2652.75,2470.5,2652.75,2470.5,12
2018-09-10,2276.1,2632.5,2916.0,2276.1,3
2018-09-11,2531.25,2450.25,2531.25,2349.0,4
2018-09-12,2531.25,3037.5,3240.0,2531.25,16
2018-09-13,3037.5,2983.8375,3118.5,2983.8375,2
2018-09-14,2976.75,3199.5,3199.5,2835.0,1
2018-09-17,2936.25,2875.5,3199.5,2875.5,1
2018-09-18,3037.5,3442.5,3442.5,3037.5,5
2018-09-19,3480.975,3483.0,3483.0,3219.75,5
2018-09-20,3503.25,4050.0,4050.0,3462.75,14
2018-09-21,4252.5,4758.75,4920.75,4050.0,21
2018-09-24,4758.75,5163.75,5568.75,4758.75,28
2018-09-25,5447.25,5143.5,5771.25,4455.0,21
2018-09-26,5224.5,5163.75,5548.5,5163.75,5
2018-09-27,5163.75,5305.5,7249.5,5062.5,12
2018-09-28,5538.375,5732.775,6075.0,5467.5,17
2018-10-01,5771.25,5568.75,5771.25,5568.75,6
2018-10-02,5563.6875,5548.5,5563.6875,5467.5,2
2018-10-03,5548.5,5548.5,5568.75,5548.5,2
2018-10-04,5568.75,5548.5,5568.75,5386.5,1
2018-10-05,5467.5,5467.5,5467.5,5467.5,0
2018-10-08,5568.75,5568.75,5568.75,5568.75,0
2018-10-09,5528.25,5508.0,5528.25,5508.0,0
2018-10-10,5568.75,5467.5,5568.75,5265.0,1
2018-10-11,5467.5,5366.25,5467.5,5366.25,0
2018-10-12,5305.5,5366.25,5366.25,5082.75,9
2018-10-15,5548.5,5082.75,5548.5,5082.75,1
2018-10-16,5548.5,5548.5,5568.75,5548.5,1
2018-10-17,5508.0,5508.0,5508.0,5508.0,0
2018-10-18,5508.0,5508.0,5508.0,5508.0,0
2018-10-19,5366.25,5366.25,5366.25,5366.25,1
2018-10-22,5265.0,5062.5,5346.0,5062.5,2
2018-10-23,5265.0,5265.0,5265.0,5163.75,0
2018-10-24,5364.225,5062.5,5364.225,5062.5,10
2018-10-25,5163.75,5001.75,5163.75,4758.75,9
2018-10-26,5163.75,4961.25,5163.75,4481.325,2
2018-10-29,4961.25,4961.25,4961.25,4961.25,0
2018-10-30,5163.75,5143.5,5163.75,4920.75,10
2018-10-31,5123.25,5123.25,5123.25,4475.25,1
2018-11-01,4900.5,4819.5,5022.0,4819.5,1
2018-11-02,5103.0,5163.75,5265.0,4657.5,4
2018-11-05,4941.0,5224.5,5224.5,4657.5,3
2018-11-06,5212.35,5062.5,5224.5,5062.5,2
2018-11-07,5163.75,4981.5,5163.75,4981.5,2
2018-11-08,5082.75,5062.5,5082.75,5062.5,0
2018-11-09,5062.5,5062.5,5062.5,5062.5,1
2018-11-12,5077.6875,4839.75,5077.6875,4556.25,11
2018-11-13,4799.25,4232.25,4799.25,4009.5,27
2018-11-14,4272.75,5244.75,5244.75,3766.5,16
2018-11-15,4738.5,4941.0,4961.25,4515.75,1
2018-11-16,4880.25,4860.0,4880.25,4556.25,0
2018-11-19,4758.75,4860.0,4860.0,4293.0,0
2018-11-20,4272.75,4272.75,4272.75,4272.75,1
2018-11-21,4839.75,4839.75,4839.75,4839.75,0
2018-11-23,4839.75,4839.75,4839.75,4839.75,0
2018-11-26,4880.25,4880.25,4880.25,4779.0,1
2018-11-27,4758.75,4758.75,4758.75,4758.75,0
2018-11-28,4171.5,3746.25,4252.5,3564.0,7
2018-11-29,3746.25,4272.75,4313.25,3746.25,0
2018-11-30,4050.0,3645.0,4050.0,3543.75,2
2018-12-03,3645.0,3604.5,3645.0,3604.5,1
2018-12-04,3604.5,3928.5,3928.5,3564.0,2
2018-12-06,4101.6375,3908.25,3928.5,3867.75,0
2018-12-07,3746.25,3543.75,3746.25,3543.75,1
2018-12-10,3645.0,3422.25,3645.0,3422.25,0
2018-12-11,3442.5,3442.5,3442.5,3442.5,0
2018-12-12,3543.75,3543.75,3543.75,3543.75,0
2018-12-13,3543.75,3543.75,3543.75,3543.75,0
2018-12-14,3381.75,3381.75,3381.75,3381.75,0
2018-12-17,3381.75,2713.5,3381.75,2693.25,30
2018-12-18,2885.625,2835.0,2885.625,2835.0,0
2018-12-19,2843.1,2814.75,2843.1,2814.75,1
2018-12-20,2754.0,2794.5,2794.5,2612.25,1
2018-12-21,2673.0,2652.75,2673.0,2652.75,0
2018-12-24,2835.0,2430.0,2835.0,2004.75,8
2018-12-26,2531.25,2025.0,2531.25,2025.0,5
2018-12-27,2106.0,2612.25,2997.0,2045.25,22
2018-12-28,2511.0,1984.5,2652.75,1822.5,29
2018-12-31,1984.5,2430.0,3037.5,1984.5,21
2019-01-02,2612.25,2612.25,2612.25,2612.25,0
2019-01-04,2652.75,2632.5,2835.0,2632.5,2
2019-01-07,2835.0,3462.75,4677.75,2632.5,10
2019-01-08,3483.0,2956.5,3483.0,2045.25,9
2019-01-09,2632.5,2632.5,2632.5,2632.5,1
2019-01-10,2511.0,2875.5,4070.25,2511.0,0
2019-01-11,2835.0,3402.0,3402.0,2835.0,0
2019-01-15,2755.0125,3159.0,3159.0,2755.0125,1
2019-01-16,2733.75,2632.5,2733.75,2632.5,0
2019-01-17,2768.175,2768.175,2768.175,2768.175,0
2019-01-18,2754.0,2733.75,2754.0,2733.75,1
2019-01-24,2794.5,2774.25,2794.5,2774.25,0
2019-01-25,2774.25,2773.2375,2774.25,2773.2375,0
2019-01-28,2733.75,2733.75,2733.75,2733.75,3
2019-01-29,2774.25,2936.25,3341.25,2733.75,4
2019-01-30,3062.8125,3062.8125,3062.8125,3062.8125,2
2019-01-31,3240.0,2673.0,3240.0,2673.0,2
2019-02-05,2794.5,2835.0,2859.3,2794.5,1
2019-02-06,2713.5,2713.5,2713.5,2713.5,0
2019-02-08,2713.5,2713.5,2713.5,2713.5,0
2019-02-12,2845.125,2814.75,2845.125,2814.75,0
2019-02-13,2855.25,2855.25,2855.25,2855.25,5
2019-02-14,2895.75,2856.2625,2895.75,2856.2625,1
2019-02-15,2857.275,2802.6,2857.275,2802.6,0
2019-02-19,2855.25,2875.5,2875.5,2855.25,0
2019-02-20,2855.25,2875.5,2875.5,2855.25,5
2019-02-21,2733.75,2774.25,2875.5,2733.75,0
2019-02-22,2835.0,2835.0,2835.0,2835.0,0
2019-02-26,2875.5,2875.5,2875.5,2875.5,0
2019-02-27,2875.5,2804.625,2875.5,2733.75,2
2019-02-28,2875.5,2875.5,2875.5,2875.5,0
2019-03-01,2794.5,2875.5,2875.5,2551.5,0
2019-03-04,2754.0,2794.5,2794.5,2754.0,0
2019-03-05,2794.5,2531.25,2794.5,2531.25,1
2019-03-06,2804.625,2733.75,2814.75,2733.75,3
2019-03-07,2693.25,2539.35,2693.25,2539.35,0
2019-03-08,2547.45,2855.25,2855.25,2547.45,0
2019-03-11,2565.675,2835.0,2835.0,2565.675,0
2019-03-12,2875.5,2875.5,2875.5,2875.5,0
2019-03-13,2835.0,2531.25,2835.0,2531.25,3
2019-03-14,2541.375,2814.75,2814.75,2541.375,0
2019-03-15,2733.75,2733.75,2733.75,2733.75,0
2019-03-19,2551.5,2733.75,2733.75,2551.5,3
2019-03-20,2875.5,2713.5,2875.5,2713.5,1
2019-03-25,2642.625,2652.75,2652.75,2632.5,0
2019-03-28,2733.75,2652.75,2733.75,2652.75,0
2019-03-29,2652.75,2733.75,2733.75,2652.75,0
2019-04-02,2668.95,2733.75,2733.75,2652.75,0
2019-04-03,2725.65,2733.75,2733.75,2632.5,0
2019-04-04,2986.875,2551.5,2986.875,2551.5,2
2019-04-05,2571.75,2571.75,2571.75,2571.75,0
2019-04-08,2895.75,2701.35,2895.75,2632.5,4
2019-04-09,2733.75,2612.25,2733.75,2560.6125,1
2019-04-10,2561.625,2551.5,2561.625,2551.5,0
2019-04-11,2511.0,2531.25,2531.25,2430.0,2
2019-04-12,2531.25,2531.25,2531.25,2531.25,9
2019-04-15,2632.5,2632.5,2632.5,2551.5,2
2019-04-16,2551.5,2571.75,2571.75,2551.5,0
2019-04-18,2531.25,2430.0,2632.5,2430.0,5
2019-04-22,2470.5,2531.25,2581.875,2430.0,1
2019-04-23,2632.5,2430.0,2632.5,2430.0,0
2019-04-25,2632.5,2592.0,2673.0,2592.0,1
2019-04-26,2632.5,2268.0,2632.5,2187.0,3
2019-04-29,2430.0,2328.75,2430.0,2328.75,6
2019-04-30,2288.25,2490.75,2490.75,2247.75,6
2019-05-01,2470.5,2146.5,2470.5,1822.5,23
2019-05-02,2045.25,2126.25,2207.25,2045.25,2
2019-05-03,2227.5,2227.5,2227.5,2227.5,0
2019-05-06,2227.5,2207.25,2227.5,2207.25,2
2019-05-07,2227.5,2308.5,2308.5,2217.375,0
2019-05-08,2308.5,2328.75,2409.75,2308.5,6
2019-05-09,2227.5,2227.5,2236.6125,2025.0,5
2019-05-14,2126.25,2126.25,2126.25,2126.25,0
2019-05-15,1980.45,2025.0,2025.0,1980.45,4
2019-05-16,2025.0,2369.25,2369.25,1923.75,3
2019-05-17,2126.25,2395.17,2430.0,2126.25,0
2019-05-20,2409.75,2551.5,2632.5,2409.75,0
2019-05-21,2531.25,2531.25,2531.25,2531.25,0
2019-05-22,2531.25,2531.25,2531.25,2531.25,0
2019-05-23,2207.25,2126.25,2531.25,2126.25,7
2019-05-24,2227.5,2025.0,2268.0,2025.0,3
2019-05-28,2592.0,2592.0,2592.0,2592.0,0
2019-05-29,2612.25,2207.25,2612.25,2146.5,0
2019-05-30,2065.5,2025.0,2065.5,2025.0,1
2019-05-31,2106.0,2106.0,2106.0,2106.0,0
2019-06-03,2075.625,1923.75,2075.625,1923.75,0
2019-06-04,2035.125,2055.375,2055.375,2035.125,0
2019-06-05,2430.0,2511.0,2512.0125,2430.0,2
2019-06-06,2511.0,2511.0,2511.0,2511.0,0
2019-06-07,2025.0,2070.0,2511.0,2025.0,2
2019-06-10,NaN,2070.0,NaN,NaN,0
2019-06-11,1822.5,1858.5,1858.5,1822.5,15
2019-06-12,2081.25,2511.0,2511.0,2081.25,2
2019-06-13,2511.0,2286.0,2511.0,2286.0,2
2019-06-14,NaN,2286.0,NaN,NaN,0
2019-06-17,2061.0,2261.25,2261.25,1867.5,4
2019-06-19,1833.75,2025.0,2736.0,1800.0,3
2019-06-20,1845.0,2025.0,2025.0,1845.0,2
2019-06-21,2025.0,1968.75,2025.0,1968.75,3
2019-06-24,2462.625,1968.75,2462.625,2462.625,0
2019-06-25,2261.25,1692.0,2688.75,1640.25,7
2019-06-26,2079.0,1692.0,2079.0,2079.0,1
2019-06-27,2250.0,2349.0,2349.0,2250.0,2
2019-06-28,1800.0,2137.5,2137.5,1721.25,9
2019-07-01,2250.0,2250.0,2250.0,2250.0,0
2019-07-02,2250.0,2250.0,2250.0,2250.0,0
2019-07-08,NaN,279.0,NaN,NaN,0
2019-07-09,NaN,279.0,NaN,NaN,0
2019-07-10,NaN,279.0,NaN,NaN,0
2019-07-11,NaN,279.0,NaN,NaN,0
2019-07-12,NaN,279.0,NaN,NaN,0
2019-07-15,NaN,279.0,NaN,NaN,0
2019-07-16,NaN,279.0,NaN,NaN,0
2019-07-17,1884.375,1836.0,1884.375,1836.0,4
2019-07-18,1849.5,1856.25,1856.25,1800.0,8
2019-07-19,1912.5,1941.75,1941.75,1912.5,5
2019-07-22,NaN,1941.75,NaN,NaN,0
2019-07-23,1923.75,1923.75,1923.75,1923.75,0
2019-07-24,1642.5,1642.5,1642.5,1642.5,0
2019-07-25,1777.5,1885.5,1901.25,1642.5,9
2019-07-26,1890.0,1941.75,1941.75,1890.0,19
2019-07-29,1941.75,2373.75,3307.5,1912.5,18
2019-07-30,2364.75,2700.0,3192.75,2364.75,30
2019-07-31,3037.5,3825.0,3937.5,3037.5,27
2019-08-01,3656.25,3150.0,3656.25,3150.0,29
2019-08-02,1179.0,1125.0,1179.0,1057.5,973
2019-08-05,1080.0,1113.75,1113.75,1062.0,73
2019-08-06,1102.5,1091.25,1102.5,1085.4,17
2019-08-07,1089.9,1037.5875,1089.9,1030.5,118
2019-08-08,1090.6875,1071.0,1090.6875,1035.0,39
2019-08-09,1071.0,1068.75,1071.0,972.0,75
2019-08-12,1064.25,1064.25,1068.75,1022.625,30
2019-08-13,1023.75,1066.5,1066.5,1012.5,18
2019-08-14,1023.75,1023.75,1046.25,1023.75,53
2019-08-15,1046.25,1068.75,1113.75,1046.25,86
2019-08-16,1057.5,1057.5,1068.75,1046.25,51
2019-08-19,1058.0625,1102.5,1120.5,1057.5,28
2019-08-20,1113.75,1093.5,1113.75,1091.25,20
2019-08-21,1093.5,1091.25,1114.92,1091.25,56
2019-08-22,1091.25,1122.75,1125.0,1075.5,157
2019-08-23,1071.0,1102.5,1125.0,1071.0,21
2019-08-26,1082.25,1089.0,1089.0,1080.0,20
2019-08-27,1084.6125,1068.75,1084.6125,1068.75,33
2019-08-28,1071.0,1102.5,1102.5,1071.0,54
2019-08-29,1091.25,1111.5,1111.5,1091.25,26
2019-08-30,1102.5,1109.25,1120.5,1098.0,52
2019-09-04,1012.5,1035.0,1058.625,1003.5,10
2019-09-05,1059.795,1036.26,1059.795,987.75,32
2019-09-06,994.5,947.25,1005.975,947.25,17
2019-09-09,938.25,1080.0,1080.0,938.25,30
2019-09-10,1012.5,1098.0,1098.0,1012.5,25
2019-09-11,1098.0,1057.5,1098.0,990.0,10
2019-09-12,992.25,1095.75,1098.0,992.25,65
2019-09-13,1068.75,1091.25,1091.25,1056.375,37
2019-09-16,1091.25,1136.25,1136.25,1022.5125,92
2019-09-17,1181.25,1417.5,1631.25,1113.75,4267
2019-09-18,1433.25,1302.75,1516.5,1278.0,777
2019-09-19,1343.25,1224.0,1343.25,1125.0,280
2019-09-20,1260.0,1138.5,1260.0,1138.41,124
2019-09-23,1140.75,1048.5,1187.0325,1035.0,124
2019-09-24,1116.0,963.0,1116.0,957.6225,110
2019-09-25,956.25,987.75,996.48,956.25,57
2019-09-26,958.5,975.24,1013.04,956.25,29
2019-09-27,958.5,873.0,1037.25,870.7725,52
2019-09-30,820.1925,769.5,820.1925,708.75,133
2019-10-01,870.75,886.5675,1010.25,789.75,465
2019-10-02,888.75,798.75,962.3025,798.75,83
2019-10-03,733.5,765.0,785.16,724.5,49
2019-10-04,915.75,765.0,915.75,765.0,29
2019-10-07,762.75,720.0,799.515,720.0,42
2019-10-08,726.75,751.5,770.2875,726.75,27
2019-10-09,742.5,756.0,897.75,742.5,13
2019-10-10,786.7575,786.105,803.43,786.105,28
2019-10-11,922.5,799.2,922.5,782.1675,11
2019-10-14,851.5125,825.84,866.0925,773.4825,30
2019-10-15,843.75,835.875,850.5,800.3025,20
2019-10-16,860.8275,956.25,1023.75,851.13,258
2019-10-17,924.5925,949.5,985.5,921.6,49
2019-10-18,893.025,956.25,1012.5,866.25,43
2019-10-21,956.25,940.5,1008.0,918.0,96
2019-10-22,942.9525,933.75,956.25,933.75,26
2019-10-23,924.3675,931.5,954.0,924.3675,9
2019-10-24,935.2575,954.0,954.0,935.2575,32
2019-10-25,944.55,942.75,1008.0,942.75,16
2019-10-28,NaN,942.75,NaN,NaN,1
2019-10-29,922.5,933.75,947.655,922.5,9
2019-10-30,951.75,1003.5,1003.5,951.75,3
2019-10-31,956.25,954.225,990.0,938.25,17
2019-11-01,949.5,956.25,994.5,949.5,5
2019-11-04,956.25,947.25,996.75,940.5,11
2019-11-05,936.0,933.75,951.75,932.625,19
2019-11-06,918.0,832.5,922.5,805.5,24
2019-11-07,861.75,810.0,900.0,792.0,35
2019-11-08,852.12,965.25,965.25,847.485,28
2019-11-11,909.0,909.0,909.0,902.25,7
2019-11-12,911.925,823.5,911.925,816.75,30
2019-11-13,839.25,821.25,839.25,821.25,9
2019-11-14,816.75,850.5,850.5,805.5,19
2019-11-15,823.5,840.825,852.75,823.5,8
2019-11-18,858.645,902.25,911.25,858.645,2
2019-11-19,812.25,866.25,888.75,793.71,28
2019-11-20,832.5,843.75,859.5,832.5,56
2019-11-21,805.5,814.5,847.665,792.0,17
2019-11-22,810.0,810.0,814.5,810.0,45
2019-11-25,810.0,789.75,810.0,789.75,31
2019-11-26,792.45,1039.5,1145.25,792.45,955
2019-11-27,1012.5,1022.895,1102.5,942.75,116
2019-11-29,1012.5,1035.0,1099.26,1003.5225,28
2019-12-02,1057.5,1048.5,1057.5,1030.5,23
2019-12-03,1035.0,1080.0,1113.75,945.0,124
2019-12-04,990.0,1017.0,1068.75,980.55,36
2019-12-05,987.75,929.25,1007.4375,924.75,80
2019-12-06,911.25,886.14,978.75,886.14,28
2019-12-09,1010.25,871.875,1010.25,870.75,16
2019-12-10,958.5,922.5,959.6475,875.25,22
2019-12-11,920.25,911.25,922.5,895.5,71
2019-12-12,945.0,933.75,945.0,881.9775,18
2019-12-13,929.25,915.75,929.25,855.0,17
2019-12-16,858.5775,902.25,933.75,858.5775,81
2019-12-17,889.5375,843.75,916.875,843.75,18
2019-12-18,821.745,792.0,832.5,792.0,34
2019-12-19,810.6525,814.5,843.75,798.75,48
2019-12-20,884.925,816.75,884.925,816.75,58
2019-12-23,814.5,829.2825,829.2825,789.75,12
2019-12-24,830.25,796.5,830.25,787.5,6
2019-12-26,897.75,807.75,900.0,805.5,36
2019-12-27,810.0,839.25,940.5,810.0,152
2019-12-30,832.5,789.75,832.5,787.5,128
2019-12-31,780.75,828.0,830.25,780.75,86
2020-01-02,837.0,878.355,904.5,812.25,51
2020-01-03,816.2325,900.0,958.5,810.0,145
2020-01-06,945.0,911.88,945.0,900.0,11
2020-01-07,918.0,867.555,972.765,840.15,77
2020-01-08,974.3625,988.2,1068.75,918.0,141
2020-01-09,969.75,918.0,981.0,834.75,79
2020-01-10,1032.75,875.25,1046.25,848.25,93
2020-01-13,911.25,1278.0,1518.75,888.75,3366
2020-01-14,1190.25,1192.5,1248.75,1035.0,547
2020-01-15,1179.0,1235.25,1260.0,1111.95,66
2020-01-16,1181.25,1138.5,1215.0,1127.25,102
2020-01-17,1221.75,1156.5,1221.75,1138.5,18
2020-01-21,1163.25,1208.25,1226.25,1141.38,36
2020-01-22,1174.455,1212.7275,1212.7275,1174.455,14
2020-01-23,1191.375,1199.655,1208.25,1190.25,10
2020-01-24,1174.5,1116.3825,1194.75,1116.3825,39
2020-01-27,1178.325,1170.0,1197.0,1170.0,14
2020-01-28,1102.5,1113.75,1123.38,1093.5,37
2020-01-29,1160.3475,1147.5,1162.125,1125.0,14
2020-01-30,1104.75,1154.0925,1154.0925,1104.75,3
2020-01-31,1127.25,1057.5,1129.5,1057.5,61
2020-02-03,1067.1525,1080.0,1096.9425,1057.5,10
2020-02-04,1098.0,983.25,1098.0,972.0,81
2020-02-05,1037.25,1002.375,1037.25,1002.375,3
2020-02-06,1062.5175,1001.25,1062.5175,990.0,14
2020-02-07,1102.5,1061.325,1102.5,1061.325,2
2020-02-10,1012.5,1001.25,1012.5,990.0,6
2020-02-11,1018.0125,1017.0,1025.1,990.0,4
2020-02-12,1064.25,1048.5,1064.25,1042.83,9
2020-02-13,1022.3775,978.75,1022.3775,978.75,35
2020-02-14,987.9525,956.25,996.21,900.0,19
2020-02-18,997.065,996.75,997.065,996.75,10
2020-02-19,NaN,996.75,NaN,NaN,0
2020-02-20,NaN,996.75,NaN,NaN,0
2020-02-21,NaN,996.75,NaN,NaN,0
2020-02-24,956.25,948.375,969.975,948.375,34
2020-02-25,924.75,861.75,951.75,855.0,34
2020-02-26,839.25,837.0,864.72,837.0,21
2020-02-27,828.0,821.25,828.0,806.625,16
2020-02-28,787.5,825.75,825.75,787.5,4
2020-03-02,849.3975,831.375,855.0,825.75,17
2020-03-03,843.75,989.3025,1035.6975,832.5,118
2020-03-04,994.5,902.25,1008.0,902.25,89
2020-03-05,868.1175,843.75,868.1175,843.75,8
2020-03-06,877.5,963.0,965.25,877.5,3
2020-03-09,NaN,963.0,NaN,NaN,1
2020-03-10,794.25,815.1525,904.275,794.25,5
2020-03-11,810.0,810.0,810.0,632.25,24
2020-03-12,741.3075,855.0,855.0,688.5,43
2020-03-13,900.0,774.99,900.0,744.75,6
2020-03-16,825.75,825.75,825.75,825.75,2
2020-03-17,843.75,654.75,843.75,654.75,54
2020-03-18,783.0,495.0,783.0,483.75,53
2020-03-19,517.5,672.7275,672.7275,472.5,6
2020-03-20,679.5,686.25,686.25,535.5,7
2020-03-23,668.7,594.0,668.7,594.0,7
2020-03-24,549.54,618.75,807.75,549.54,27
2020-03-25,663.3,641.25,711.0,632.25,21
2020-03-26,618.75,614.52,618.75,607.5,8
2020-03-27,645.75,621.0,645.75,596.25,37
2020-03-30,762.75,765.0,765.0,587.25,67
2020-03-31,785.25,762.75,857.25,697.5,56
2020-04-01,731.0025,764.9775,765.0,690.75,24
2020-04-02,643.5,742.5,760.5,641.25,13
2020-04-03,650.25,680.3325,762.75,650.25,11
2020-04-06,668.205,675.0,675.0,668.205,5
2020-04-07,672.75,672.75,672.75,672.75,3
2020-04-08,672.75,675.0,740.9025,643.5,6
2020-04-09,657.0,691.1325,691.1325,657.0,3
2020-04-13,720.0,678.0825,756.0,678.0825,10
2020-04-14,730.125,761.67,761.67,693.0,8
2020-04-15,733.59,733.59,733.59,733.59,2
2020-04-16,696.015,697.5,724.8825,696.015,5
2020-04-17,686.25,713.25,713.25,641.25,11
2020-04-20,670.5225,771.75,776.25,670.5225,6
2020-04-21,NaN,771.75,NaN,NaN,0
2020-04-22,771.75,787.5,787.5,697.5,7
2020-04-23,787.5,810.0,810.0,787.5,3
2020-04-24,783.0,771.75,900.0,724.5,31
2020-04-27,759.1725,760.4775,765.0,759.1725,10
2020-04-28,762.75,1164.555,1428.75,762.75,1060
2020-04-29,1170.0,1122.75,1170.0,1037.25,291
2020-04-30,1125.0,1068.75,1125.0,1037.25,84
2020-05-01,1068.75,1063.125,1087.875,1039.5,30
2020-05-04,1048.5,1046.25,1125.0,913.5,25
2020-05-05,1158.75,1046.25,1305.6075,1046.25,370
2020-05-06,1105.875,931.5,1105.875,848.25,75
2020-05-07,1041.75,1066.455,1098.0,890.7975,74
2020-05-08,933.75,958.5,999.0,933.75,25
2020-05-11,915.75,915.75,960.75,915.75,37
2020-05-12,834.75,857.25,909.0,834.75,61
2020-05-13,956.4075,922.5,1026.0,911.25,5
2020-05-14,922.5,920.25,922.5,887.6925,16
2020-05-15,911.25,996.75,999.0,855.0,22
2020-05-18,1066.5,922.5,1068.75,922.5,125
2020-05-19,956.25,956.25,1055.25,938.25,18
2020-05-20,1000.5525,999.0,1000.5525,999.0,3
2020-05-21,945.0225,945.0,945.0225,945.0,4
2020-05-22,1014.75,945.0,1014.75,922.5,13
2020-05-26,960.84,956.2725,983.25,956.2725,6
2020-05-27,972.0,972.0,972.0,972.0,2
2020-05-28,922.5,927.0,929.3625,922.5,18
2020-05-29,924.75,915.75,924.75,911.25,13
2020-06-01,965.25,965.25,965.25,965.25,2
2020-06-02,924.75,929.25,953.1,924.75,4
2020-06-03,942.75,928.125,945.0,922.5,6
2020-06-04,911.25,931.5,945.0,895.5,13
2020-06-05,945.0,931.5,945.0,945.0,2
2020-06-08,931.5,854.9775,931.5,828.0,124
2020-06-09,852.75,843.75,855.0,832.5225,51
2020-06-10,843.75,821.25,843.75,803.25,61
2020-06-11,888.7725,803.25,888.7725,803.25,39
2020-06-12,803.25,776.25,870.93,751.5,69
2020-06-15,855.0,776.2275,855.0,720.0,150
2020-06-16,765.0,652.5,765.0,650.25,910
2020-06-17,459.0,477.0,506.25,452.25,9504
2020-06-18,488.25,510.75,524.25,483.75,2821
2020-06-19,510.75,515.25,526.5,483.75,1875
2020-06-22,555.75,513.0,555.75,499.5,1640
2020-06-23,517.5,488.25,537.75,452.655,2892
2020-06-24,627.75,567.0,686.25,531.0,12447
2020-06-25,596.25,560.25,596.25,540.0,1240
2020-06-26,569.25,558.0,596.25,542.25,1641
2020-06-29,576.0,533.25,576.0,513.0,1243
2020-06-30,538.4475,540.0,544.32,517.5,502
2020-07-01,546.75,551.25,641.25,522.0,2664
2020-07-02,540.0,528.75,546.75,510.75,866
2020-07-06,531.0,526.5,537.75,517.5,446
2020-07-07,515.25,524.25,535.5225,506.25,487
2020-07-08,528.75,535.5,541.125,516.15,563
2020-07-09,535.5,562.5,567.0,519.75,1287
2020-07-10,546.75,551.25,567.0225,540.0,744
2020-07-13,558.0,553.5,562.5,528.7725,681
2020-07-14,551.25,533.25,551.25,533.25,223
2020-07-15,531.0,537.75,542.25,517.5,396
2020-07-16,540.0,526.5,549.0,519.75,299
2020-07-17,528.75,535.5,555.75,526.5,703
2020-07-20,553.5,553.5,562.5,534.5325,512
2020-07-21,560.25,580.5,594.0,542.25,1025
2020-07-22,580.5,630.0,639.0,580.5,1472
2020-07-23,614.25,605.25,630.0,591.75,483
2020-07-24,582.75,596.25,607.4775,555.75,328
2020-07-27,591.75,564.75,596.3625,553.5,401
2020-07-28,561.375,559.485,564.75,551.25,110
2020-07-29,557.4375,549.0,557.4375,537.75,382
2020-07-30,549.0,585.0,605.25,540.0,643
2020-07-31,582.75,562.5,594.0,562.5,272
2020-08-03,571.5,558.0,576.0,553.5,175
2020-08-04,562.5,577.4625,580.5,553.5,211
2020-08-05,573.75,615.375,627.75,567.0225,1371
2020-08-06,611.91,612.0,657.0,598.5,1516
2020-08-07,616.5,600.75,618.75,569.25,716
2020-08-10,582.75,627.75,627.75,580.5,2093
2020-08-11,632.25,589.5,632.25,587.25,688
2020-08-12,598.5,551.25,604.53,540.0,867
2020-08-13,546.75,542.25,582.75,506.25,1211
2020-08-14,540.0,526.5,543.555,508.5,434
2020-08-17,528.75,555.75,560.25,506.25,444
2020-08-18,551.25,539.6175,564.75,522.0,402
2020-08-19,540.0,560.25,560.25,540.0,348
2020-08-20,562.5,567.81,603.0,549.0,788
2020-08-21,576.0,576.0,591.6375,562.5,536
2020-08-24,587.25,526.5,587.25,519.75,685
2020-08-25,535.5,522.0,544.5,508.5,455
2020-08-26,517.5,524.25,542.25,517.5,439
2020-08-27,533.25,519.75,536.49,506.25,403
2020-08-28,513.0,526.5,537.75,508.5,415
2020-08-31,540.0,528.75,540.0,516.375,294
2020-09-01,528.75,533.25,537.75,497.25,927
2020-09-02,526.5,524.25,526.5,492.75,571
2020-09-03,515.25,501.75,519.75,483.75,247
2020-09-04,501.75,461.25,501.75,461.25,684
2020-09-08,463.5,486.0,499.5,455.76,323
2020-09-09,490.5,508.5,510.75,490.5,313
2020-09-10,509.625,495.0,528.75,491.625,306
2020-09-11,487.17,488.25,515.25,483.75,358
2020-09-14,486.0,529.875,534.375,486.0,1049
2020-09-15,535.5,534.375,544.5,511.7175,536
2020-09-16,546.75,519.75,550.5525,517.5,455
2020-09-17,519.75,526.5,540.0,506.25,419
2020-09-18,537.75,551.25,562.5,537.75,472
2020-09-21,571.5,587.25,596.25,537.8625,949
2020-09-22,587.25,555.75,594.0,549.0,574
2020-09-23,556.875,542.25,576.0,528.75,430
2020-09-24,535.5,540.0,549.0,495.0,517
2020-09-25,517.5,533.25,536.625,517.5,127
2020-09-28,531.0,513.0,531.0,501.75,151
2020-09-29,526.5,522.0,544.5,497.25,433
2020-09-30,499.5,510.75,540.0,499.5,333
2020-10-01,510.75,537.75,538.38,499.5,442
2020-10-02,506.25,519.75,522.0,499.5,223
2020-10-05,537.75,528.75,542.25,519.75,188
2020-10-06,549.0,522.0,549.0,513.0,201
2020-10-07,532.125,524.25,535.5,521.19,145
2020-10-08,528.75,524.25,535.5,517.545,161
2020-10-09,531.0,528.75,540.0,506.25,337
2020-10-12,533.25,535.5,544.5,519.75,340
2020-10-13,533.25,540.0,551.25,533.25,172
2020-10-14,546.75,531.0,551.25,524.25,134
2020-10-15,531.0,533.25,540.0,524.2725,214
2020-10-16,533.25,517.5,533.25,515.25,84
2020-10-19,524.25,517.5,524.25,513.0,120
2020-10-20,511.875,513.0,519.75,506.25,187
2020-10-21,522.0,504.0,522.0,488.25,143
2020-10-22,495.0,486.0,509.625,479.25,327
2020-10-23,519.75,492.75,519.75,486.0,206
2020-10-26,506.25,479.25,514.125,470.25,499
2020-10-27,483.75,461.25,483.75,454.5,245
2020-10-28,461.25,459.0,477.0,450.0,413
2020-10-29,452.25,461.25,474.75,447.75,322
2020-10-30,456.75,447.75,465.795,434.25,289
2020-11-02,447.75,438.75,454.5,432.0,219
2020-11-03,451.125,470.25,470.25,432.0,163
2020-11-04,472.5,450.0,472.5,436.5,305
2020-11-05,446.625,438.75,452.25,436.5,172
2020-11-06,444.6,432.0,445.5,429.75,220
2020-11-09,436.5,432.0,443.25,432.0,184
2020-11-10,434.25,459.0,465.75,434.25,219
2020-11-11,465.75,468.0,468.0,450.0,87
2020-11-12,483.75,463.5,483.75,463.5,281
2020-11-13,474.75,488.25,490.5,456.75,393
2020-11-16,501.75,501.75,506.25,486.0,259
2020-11-17,490.5,504.0,507.375,486.0,145
2020-11-18,496.98,490.5,504.0,481.5,298
2020-11-19,497.25,499.5,506.2275,488.25,187
2020-11-20,506.25,540.0,546.75,501.75,356
2020-11-23,537.75,528.75,537.75,508.5,306
2020-11-24,528.75,508.5,537.75,505.125,274
2020-11-25,517.5,533.2275,535.5,506.25,181
2020-11-27,534.375,528.75,535.5,510.75,127
2020-11-30,540.0,528.75,551.25,519.75,194
2020-12-01,533.25,555.75,560.25,533.25,617
2020-12-02,560.25,549.0,562.5,540.0,308
2020-12-03,560.25,573.75,585.0,551.25,817
2020-12-04,585.0,582.75,596.25,569.25,507
2020-12-07,591.75,582.75,602.2575,576.0,404
2020-12-08,587.25,587.25,618.075,581.7375,691
2020-12-09,594.0,596.25,618.75,578.25,614
2020-12-10,603.0,693.0,810.0,593.46,2669
2020-12-11,731.25,634.5,735.75,576.72,1749
2020-12-14,699.75,1008.0,1563.75,687.1275,405389
2020-12-15,1131.75,1507.5,1935.0,1080.0,459205
2020-12-16,1401.75,1305.0,1462.5,1170.4275,50699
2020-12-17,1192.5,960.75,1192.5,913.5,37897
2020-12-18,938.25,801.0,938.25,801.0,14995
2020-12-21,810.0,850.5,942.75,798.75,11485
2020-12-22,850.5,861.75,927.0,830.25,6018
2020-12-23,843.75,848.25,873.0,801.0,7385
2020-12-24,917.3025,861.75,927.0,837.0,4284
2020-12-28,846.0,798.75,864.0,742.5,4522
2020-12-29,787.5,747.0,787.5,738.0,2941
2020-12-30,778.5,792.0,864.0,738.0,6650
2020-12-31,787.5,778.5,791.325,742.5,4312
2021-01-04,762.75,789.75,789.75,749.25,2401
2021-01-05,771.75,796.5,803.25,765.0,1584
2021-01-06,796.5,783.0,801.0,758.25,1847
2021-01-07,780.75,839.25,839.25,776.25,1765
2021-01-08,846.0,855.0,873.0,810.0,1935
2021-01-11,875.25,852.75,877.3425,832.5,1806
2021-01-12,850.5,821.25,850.5,771.75,2229
2021-01-13,812.25,814.5,823.5,792.0,1322
2021-01-14,823.5,843.75,877.5,801.0,1641
2021-01-15,864.0,861.75,866.25,825.7725,1313
2021-01-19,864.0,938.25,988.0425,832.5,4388
2021-01-20,985.95,947.25,1001.25,927.0,3202
2021-01-21,967.5,987.75,1012.5,945.0,2095
2021-01-22,963.0,967.5,983.25,929.25,1917
2021-01-25,978.75,958.5,978.75,873.0,1851
2021-01-26,934.425,920.25,967.5,893.25,947
2021-01-27,859.5,909.0,920.1375,843.75,1742
2021-01-28,879.75,945.0,954.0,861.75,2296
2021-01-29,947.25,924.75,978.75,888.75,2550
2021-02-01,920.25,940.5,949.5,909.0,1695
2021-02-02,936.0,933.75,954.0,927.0,1992
2021-02-03,912.1725,1041.75,1125.0,911.88,4706
2021-02-04,1059.75,1116.0,1118.25,1057.5,2573
2021-02-05,1125.0,1057.5,1143.0,1039.5,1889
2021-02-08,1055.25,1172.25,1172.25,1055.25,2298
2021-02-09,1176.75,1167.75,1206.0,1131.75,1741
2021-02-10,1179.0,1122.75,1201.5,1062.0,1600
2021-02-11,1149.75,1120.5,1233.0,1102.5,2267
2021-02-12,1127.25,1154.25,1192.5,1109.25,847
2021-02-16,1154.25,1120.5,1165.5,1100.25,1638
2021-02-17,1104.75,1107.0,1129.5,1039.5,1172
2021-02-18,1095.75,1002.375,1099.8,990.0,1294
2021-02-19,1005.75,999.0,1047.6675,976.6575,711
2021-02-22,983.25,940.5,994.5,911.25,881
2021-02-23,900.0,958.5,960.75,879.75,2028
2021-02-24,951.75,996.75,1021.5,928.2825,823
2021-02-25,981.0,904.5,990.0,899.055,804
2021-02-26,906.75,873.0,967.5,839.25,849
2021-03-01,866.25,877.5,920.925,859.5,680
2021-03-02,895.5,884.25,913.5,873.0,449
2021-03-03,875.25,855.0,918.0,828.0,962
2021-03-04,823.5,769.5,852.75,742.5,787
2021-03-05,769.5,787.5,792.0,697.5,708
2021-03-08,792.0,769.5,805.5,749.25,258
2021-03-09,792.0,825.75,836.0325,753.4125,207
2021-03-10,830.25,832.5,866.25,798.75,474
2021-03-11,846.0,888.75,888.75,834.5025,240
2021-03-12,875.25,900.0,906.75,844.875,171
2021-03-15,904.5,906.75,924.75,870.7725,294
2021-03-16,909.0,882.0,909.0,864.0,364
2021-03-17,904.5,1032.75,1086.75,897.7725,2088
2021-03-18,1026.0,978.75,1035.0,954.0,636
2021-03-19,965.25,992.25,1066.5,931.5,1063
2021-03-22,1001.25,942.75,1014.75,933.75,834
2021-03-23,938.25,945.0,956.25,922.5,446
2021-03-24,956.25,945.0,1019.25,924.84,562
2021-03-25,909.0,978.75,987.75,904.5,684
2021-03-26,1014.75,924.75,1037.25,918.0,853
2021-03-29,924.75,891.0,963.99,882.0,635
2021-03-30,884.25,895.5,913.5,846.0,1127
2021-03-31,906.75,976.5,987.75,906.75,909
2021-04-01,992.25,994.5,1008.63,933.7725,255
2021-04-05,992.25,992.25,1007.4825,951.3,353
2021-04-06,978.75,981.0,1032.75,976.5,269
2021-04-07,978.75,1037.25,1102.5,974.115,2928
2021-04-08,1053.0,996.75,1066.5,960.75,478
2021-04-09,996.75,976.5,1026.0,963.0,312
2021-04-12,969.75,902.25,969.75,895.5,555
2021-04-13,915.75,945.0,956.25,904.5,535
2021-04-14,949.5,920.25,974.25,913.5,419
2021-04-15,927.0,927.0,965.25,911.25,430
2021-04-16,911.25,895.5,922.5,877.5,668
2021-04-19,873.0,816.75,882.0,801.0,1000
2021-04-20,805.5,785.25,812.25,766.125,381
2021-04-21,823.5,828.0,829.35,787.5,195
2021-04-22,823.5,828.0,860.985,810.0,260
2021-04-23,841.5,855.0,866.25,825.75,240
2021-04-26,870.75,848.25,870.75,813.3975,279
2021-04-27,850.5,830.25,852.75,821.25,134
2021-04-28,816.075,801.0,833.625,785.475,559
2021-04-29,803.25,796.5,821.25,783.0,216
2021-04-30,792.0,796.5,809.5725,785.25,121
2021-05-03,819.0,805.5,823.5,796.5,195
2021-05-04,812.25,776.25,818.3925,776.25,289
2021-05-05,787.5,780.75,796.5,767.25,166
2021-05-06,774.0,733.5,783.0,724.77,499
2021-05-07,726.75,776.25,783.0,726.75,291
2021-05-10,769.5,774.0,812.25,749.25,247
2021-05-11,753.75,758.25,776.25,740.655,213
2021-05-12,747.0,742.5,762.75,740.25,171
2021-05-13,742.5,747.0,762.75,735.75,298
2021-05-14,753.75,771.75,796.5,753.75,198
2021-05-17,767.25,774.0,796.5,765.0,62
2021-05-18,774.0,830.25,884.25,774.0,436
2021-05-19,778.5,837.0,866.25,778.5,245
2021-05-20,843.75,870.75,902.25,843.75,353
2021-05-21,888.75,857.25,888.75,846.0,163
2021-05-24,866.25,875.25,886.5,857.25,188
2021-05-25,875.25,859.5,882.0,848.25,284
2021-05-26,862.875,960.75,963.0,862.875,728
2021-05-27,972.0,918.0,972.0,911.25,166
2021-05-28,924.75,920.25,956.25,900.0,128
2021-06-01,920.25,936.0,942.75,918.0,218
2021-06-02,945.0,967.5,974.25,940.5,207
2021-06-03,963.0,974.25,974.25,933.75,225
2021-06-04,974.25,1019.25,1080.0,929.5425,1183
2021-06-07,1026.0,1044.0,1046.25,1019.2725,347
2021-06-08,1046.25,1035.0,1050.75,1012.5,197
2021-06-09,1046.25,978.75,1057.5,976.5,224
2021-06-10,1028.25,990.0,1028.25,963.0,150
2021-06-11,990.0,972.0,1012.5,972.0,198
2021-06-14,983.25,1005.75,1053.0,974.25,423
2021-06-15,1023.75,996.75,1023.75,978.75,143
2021-06-16,992.25,1122.75,1125.0,987.4125,1287
2021-06-17,1125.0,1089.0,1127.2275,1041.75,772
2021-06-18,1080.0,1102.5,1125.0,1073.25,713
2021-06-21,1136.25,1093.5,1147.23,1050.75,1235
2021-06-22,1102.5,1093.5,1120.725,1035.0,755
2021-06-23,1095.75,1035.0,1136.25,972.0,1824
2021-06-24,1035.0,1010.25,1037.25,972.0225,508
2021-06-25,990.0,1023.75,1023.75,985.5,393
2021-06-28,1010.25,945.0,1021.5,940.5,379
2021-06-29,949.5,924.75,951.75,918.0,293
2021-06-30,915.75,893.25,951.7275,864.0,515
2021-07-01,888.75,879.75,910.935,875.25,93
2021-07-02,884.25,868.5,908.1,837.0,309
2021-07-06,855.0,839.25,870.7275,832.5,250
2021-07-07,834.75,792.0,837.0,776.25,609
2021-07-08,776.25,803.25,861.75,776.25,206
2021-07-09,803.2275,834.75,841.5,803.2275,79
2021-07-12,848.25,816.75,870.2775,810.0,140
2021-07-13,822.375,794.25,822.375,787.5,147
2021-07-14,796.5,753.75,816.75,742.5,269
2021-07-15,765.0,756.0,793.125,740.25,201
2021-07-16,756.0,758.25,780.6375,731.25,224
2021-07-19,751.5,787.5,789.75,742.5,129
2021-07-20,798.75,816.75,832.5,764.8875,366
2021-07-21,834.75,830.25,843.75,814.5,175
2021-07-22,834.75,821.25,842.625,805.5,138
2021-07-23,823.5,834.75,837.0,789.75,121
2021-07-26,803.25,756.0,845.9775,754.29,307
2021-07-27,756.0,733.5,785.25,724.5,554
2021-07-28,742.5,776.25,780.75,742.5,131
2021-07-29,787.5,762.75,798.75,747.0,113
2021-07-30,762.75,747.0,767.25,735.75,93
2021-08-02,774.0,767.25,774.0,747.0,87
2021-08-03,765.0,785.25,785.25,744.75,69
2021-08-04,769.5,780.75,805.5,757.9125,139
2021-08-05,789.75,785.25,801.0,769.5,136
2021-08-06,785.25,783.0,795.33,776.25,73
2021-08-09,776.25,776.25,787.5,774.0,108
2021-08-10,774.0,749.25,780.75,744.75,142
2021-08-11,749.25,717.75,762.75,713.25,245
2021-08-12,733.5,729.0,742.3875,714.375,139
2021-08-13,742.5,697.5,742.5,666.09,406
2021-08-16,699.75,688.5,699.75,670.725,90
2021-08-17,681.75,657.0,690.75,657.0,179
2021-08-18,666.0,652.5,672.75,634.5225,209
2021-08-19,623.25,641.25,672.75,623.25,222
2021-08-20,652.5,652.5,693.0,652.5,532
2021-08-23,650.25,661.5,690.1425,650.25,351
2021-08-24,672.75,663.75,693.0,652.5,161
2021-08-25,666.0,663.75,688.5,652.5,170
2021-08-26,661.5,663.75,688.5,657.0,126
2021-08-27,663.75,657.0,679.545,657.0,350
2021-08-30,663.75,663.75,672.75,652.5,181
2021-08-31,659.25,663.75,672.75,652.5,187
2021-09-01,663.75,663.75,686.25,641.2275,768
2021-09-02,670.5,749.25,751.7925,663.75,336
2021-09-03,747.0,733.5,749.25,724.5,141
2021-09-07,740.3625,675.0,740.3625,657.0,457
2021-09-08,675.0,690.75,713.25,666.0,160
2021-09-09,690.75,686.25,703.125,677.25,80
2021-09-10,686.25,677.25,695.25,670.5,132
2021-09-13,672.75,670.5,742.5,623.25,296
2021-09-14,657.0,639.0,679.5,630.0,226
2021-09-15,641.25,639.0,648.0,623.2725,104
2021-09-16,641.25,648.0,652.5,632.475,125
2021-09-17,641.25,699.75,720.0,632.25,271
2021-09-20,697.5,675.0,713.25,652.5,161
2021-09-21,668.25,686.25,686.25,652.5225,65
2021-09-22,699.75,789.75,891.0,654.75,24012
2021-09-23,774.0,805.5,825.75,729.0,2849
2021-09-24,787.5,753.75,787.5,731.25,811
2021-09-27,740.25,751.5,776.25,720.0,332
2021-09-28,751.5,756.0,785.25,728.1225,291
2021-09-29,767.25,708.75,767.25,697.5225,428
2021-09-30,713.25,706.5,717.75,702.0,137
2021-10-01,711.0,672.75,711.0,658.665,468
2021-10-04,675.0,643.5,675.0,641.25,411
2021-10-05,654.75,634.5,661.5,623.25,240
2021-10-06,627.75,627.75,638.55,627.75,70
2021-10-07,641.25,668.25,693.0,632.25,303
2021-10-08,677.25,670.5,687.5325,652.5,41
2021-10-11,661.5,659.25,675.0,644.0625,73
2021-10-12,666.0,690.75,696.2175,666.0,196
2021-10-13,690.75,677.25,690.75,677.25,101
2021-10-14,677.8575,679.5,684.0,666.0,51
2021-10-15,688.5,659.25,688.5,659.25,118
2021-10-18,666.0,661.4775,668.25,652.9725,25
2021-10-19,655.38,666.0,670.5,653.355,115
2021-10-20,654.75,659.25,672.75,654.75,100
2021-10-21,652.5,661.5,680.67,643.5,228
2021-10-22,654.75,634.5,661.5,632.25,179
2021-10-25,630.0,625.5,641.2275,612.0,473
2021-10-26,618.75,609.75,618.75,598.5,488
2021-10-27,607.5,614.25,627.75,596.25,191
2021-10-28,634.5,639.0,659.25,618.75,193
2021-10-29,632.25,630.0,663.75,623.295,45
2021-11-01,630.0,636.75,652.5,627.75,176
2021-11-02,641.25,643.5,648.0,632.25,61
2021-11-03,650.25,632.25,652.5,627.75,130
2021-11-04,630.0,636.75,642.3075,630.0,49
2021-11-05,641.25,623.25,641.25,623.25,50
2021-11-08,623.25,623.25,628.875,614.25,148
2021-11-09,639.0,616.5,639.0,605.25,227
2021-11-10,607.5,587.25,612.6975,587.25,241
2021-11-11,596.655,573.75,596.655,571.5,151
2021-11-12,578.25,549.0,578.25,540.0,477
2021-11-15,558.0,551.25,560.25,544.7475,240
2021-11-16,551.25,533.25,551.25,527.13,186
2021-11-17,528.75,522.0,559.8,517.5,118
2021-11-18,519.75,490.5,546.75,483.75,364
2021-11-19,483.75,499.5,506.25,483.75,247
2021-11-22,525.7125,481.5,525.7125,477.0,290
2021-11-23,477.0,461.25,486.0,461.25,267
2021-11-24,465.75,501.75,504.0,461.25,163
2021-11-26,501.75,495.0,533.25,480.1275,67
2021-11-29,523.125,481.5,523.125,479.25,149
2021-11-30,483.75,461.25,515.25,441.0,363
2021-12-01,450.0,461.25,481.5,450.0,447
2021-12-02,441.855,452.25,462.06,441.855,276
2021-12-03,456.75,423.0,468.0,420.75,248
2021-12-06,427.5,427.5,447.75,414.1125,247
2021-12-07,444.0375,444.375,483.75,405.0,352
2021-12-08,477.0,450.0,477.0,438.75,252
2021-12-09,438.75,438.75,461.25,438.75,141
2021-12-10,445.5,434.25,450.0,423.0,200
2021-12-13,427.5,396.0,443.25,371.25,421
2021-12-14,393.75,396.0,420.75,382.5,239
2021-12-15,396.315,387.0,407.25,382.5,390
2021-12-16,378.0,384.75,409.5,375.75,224
2021-12-17,384.75,393.75,405.0,378.0,210
2021-12-20,450.0,452.25,490.5,445.5,6959
2021-12-21,454.5,474.75,474.75,435.285,856
2021-12-22,479.25,504.0,535.5,469.1475,9623
2021-12-23,519.75,560.25,562.5,461.4975,6098
2021-12-27,549.0,569.25,582.255,515.25,1302
2021-12-28,560.25,508.5,560.25,499.5,691
2021-12-29,497.25,468.0,497.25,463.5,701
2021-12-30,474.75,465.75,486.0,456.75,790
2021-12-31,459.0,436.5,468.0,411.75,655
2022-01-03,432.0,447.75,454.5,432.0,589
2022-01-04,437.2875,418.5,450.0,407.25,564
2022-01-05,423.0,398.25,426.465,396.0,211
2022-01-06,399.375,402.75,405.0,371.25,644
2022-01-07,396.0,380.25,409.23,375.75,263
2022-01-10,391.5,393.75,402.75,382.5,361
2022-01-11,405.0,420.75,427.5,395.7075,148
2022-01-12,423.0,420.75,427.365,411.75,82
2022-01-13,425.25,387.0,425.25,387.0,354
2022-01-14,400.275,396.0,418.5225,371.25,567
2022-01-18,391.5,387.0,409.5,382.5,102
2022-01-19,389.25,391.5,405.0,373.5,333
2022-01-20,380.1825,380.25,399.105,380.1825,150
2022-01-21,371.25,360.0,378.0,353.25,226
2022-01-24,360.0,319.5,360.0,281.25,1166
2022-01-25,308.25,357.75,362.25,306.0,161
2022-01-26,348.75,353.25,380.25,348.75,160
2022-01-27,344.25,339.75,360.0,335.25,79
2022-01-28,319.5,324.0,339.75,319.5,73
2022-01-31,335.25,416.25,472.5,334.5525,1999
2022-02-01,414.0,378.0,425.25,375.75,898
2022-02-02,382.5,353.25,382.5,339.165,436
2022-02-03,441.0,450.0,519.75,434.25,286299
2022-02-04,432.0,443.25,472.5,418.5,13012
2022-02-07,447.75,472.5,479.25,423.0,6760
2022-02-08,474.75,585.0,607.5,452.25,27615
2022-02-09,540.0,524.25,573.75,497.25,5900
2022-02-10,495.0,546.75,641.25,488.25,6005
2022-02-11,549.0,549.0,573.75,497.25,2721
2022-02-14,560.115,481.5,560.115,472.5,2370
2022-02-15,486.0,497.25,504.0,465.75,2695
2022-02-16,488.25,492.75,510.75,472.5,1188
2022-02-17,477.0,483.75,495.0,468.0,738
2022-02-18,477.0,470.25,492.75,450.0,1600
2022-02-22,447.75,495.0,506.25,445.5,875
2022-02-23,501.75,470.25,515.25,457.875,931
2022-02-24,423.0,461.25,465.75,420.75,1016
2022-02-25,490.5,481.5,504.0,456.75,708
2022-02-28,465.75,465.75,490.5,464.4,499
2022-03-01,472.5,492.75,495.0,461.25,1307
2022-03-02,483.75,474.75,492.75,468.0,278
2022-03-03,479.25,497.25,506.25,438.75,1841
2022-03-04,492.75,490.5,504.0,468.0,735
2022-03-07,488.25,452.25,488.25,450.0,535
2022-03-08,468.0,443.25,468.0,429.75,598
2022-03-09,445.5,486.0,488.25,445.5,563
2022-03-10,479.25,474.75,504.0,463.545,791
2022-03-11,474.75,470.25,495.0,462.06,300
2022-03-14,463.5,425.25,489.375,423.0,657
2022-03-15,434.25,438.75,454.5,429.75,365
2022-03-16,452.25,450.0,468.54,441.0,370
2022-03-17,445.5225,474.75,477.0,445.5225,235
2022-03-18,468.0,492.75,506.25,468.0,469
2022-03-21,481.5,470.25,497.25,456.75,434
2022-03-22,474.75,477.0,495.0,456.1425,521
2022-03-23,474.7275,477.0,497.25,463.5,383
2022-03-24,470.2725,483.75,488.25,470.2725,169
2022-03-25,473.4225,481.5,483.75,472.5,177
2022-03-28,468.0,461.25,481.5,452.25,370
2022-03-29,469.125,477.0,486.0,463.5,260
2022-03-30,465.75,465.75,495.0,454.5,395
2022-03-31,454.5,465.75,472.5,454.5,180
2022-04-01,453.6675,470.25,486.0,452.25,122
2022-04-04,463.5,488.25,493.875,463.5,462
2022-04-05,483.75,472.5,483.75,465.75,185
2022-04-06,478.935,468.0,478.935,461.25,129
2022-04-07,464.895,465.75,472.5,461.25,120
2022-04-08,470.25,466.02,472.5,463.5,28
2022-04-11,461.25,483.75,490.5,438.75,296
2022-04-12,585.0,447.75,641.25,429.7725,157835
2022-04-13,393.75,389.25,408.7125,371.25,6797
2022-04-14,389.25,335.25,389.25,330.75,3327
2022-04-18,310.5,324.0,330.75,288.0,2778
2022-04-19,333.0,342.0,357.75,315.0,2037
2022-04-20,337.5,355.5,360.0,315.0225,856
2022-04-21,351.0,348.75,362.25,339.75,978
2022-04-22,353.25,357.75,362.2275,339.75,636
2022-04-25,337.5,389.25,391.5,337.5,1042
2022-04-26,380.25,362.25,387.0,353.25,755
2022-04-27,364.5,373.5,393.75,360.3825,422
2022-04-28,362.25,364.5,375.75,342.0,856
2022-04-29,355.5,346.5,369.72,343.125,311
2022-05-02,366.75,353.25,366.75,342.0,320
2022-05-03,357.75,360.0,366.75,348.75,393
2022-05-04,360.0,362.25,369.0,348.75,238
2022-05-05,362.25,345.15,364.5,337.5,314
2022-05-06,344.25,337.5,344.25,330.7725,310
2022-05-09,330.75,292.5,335.25,281.25,949
2022-05-10,285.75,301.5,308.25,281.25,289
2022-05-11,293.625,265.5,303.75,263.25,709
2022-05-12,258.75,297.0,303.75,247.5225,692
2022-05-13,303.75,315.0,326.25,297.0,285
2022-05-16,317.25,310.5,321.75,310.5,109
2022-05-17,319.5,339.75,339.75,304.875,248
2022-05-18,333.0,328.5,339.75,327.375,201
2022-05-19,319.5,355.5,355.5,317.25,176
2022-05-20,364.5,366.75,378.0,348.75,305
2022-05-23,375.75,380.25,386.9775,357.75,221
2022-05-24,369.0,348.75,375.75,348.75,88
2022-05-25,342.0,348.75,362.25,339.75,94
2022-05-26,373.5,360.0,373.5,351.0,58
2022-05-27,360.0,373.5,382.5,360.0,232
2022-05-31,365.625,378.0,382.5,365.625,78
2022-06-01,382.5,375.75,382.5,351.0,162
2022-06-02,366.75,369.0,380.25,365.8725,164
2022-06-03,369.0,366.75,378.0,360.0,92
2022-06-06,375.75,355.5,375.75,353.25,229
2022-06-07,346.5,364.5,373.5,346.5,79
2022-06-08,369.0,369.0,378.0,360.0,113
2022-06-09,360.0,351.0,369.0,342.0,108
2022-06-10,342.0675,324.0,348.75,310.5,328
2022-06-13,321.75,330.75,330.75,297.0,175
2022-06-14,335.25,326.25,337.5,321.75,56
2022-06-15,326.25,317.25,342.0,308.25,2273
2022-06-16,317.25,321.75,326.25,276.7725,211
2022-06-17,306.0,319.5,326.25,287.0325,159
2022-06-21,310.5,319.5,326.25,299.25,181
2022-06-22,319.5,337.5,337.5,297.0,327
2022-06-23,348.75,330.75,348.75,328.5,105
2022-06-24,337.5,319.5,346.5,301.5,230
2022-06-27,315.0225,326.25,337.5,308.2725,76
2022-06-28,326.25,321.75,343.7775,315.0,346
2022-06-29,297.585,324.0,333.0,294.75,233
2022-06-30,313.515,326.25,342.0,313.515,78
2022-07-01,319.5,328.5,337.4775,319.5,167
2022-07-05,348.75,335.25,348.75,326.25,126
2022-07-06,346.5,334.125,346.5,326.25,209
2022-07-07,333.0,337.5,344.25,328.5225,174
2022-07-08,365.4675,344.25,365.4675,333.0,94
2022-07-11,369.0,337.5,369.0,335.25,125
2022-07-12,328.5,342.0,351.0,328.5,75
2022-07-13,337.5,348.75,355.5,337.5,71
2022-07-14,346.5225,359.9775,360.0,344.25,157
2022-07-15,357.75,344.25,357.75,344.25,82
2022-07-18,342.0,342.0,354.375,337.5,73
2022-07-19,362.25,342.0,362.25,339.75,58
2022-07-20,337.5,342.0,348.75,337.5,20
2022-07-21,339.75,344.25,346.5,339.4125,64
2022-07-22,351.0225,351.0,351.495,335.25,110
2022-07-25,357.75,348.75,357.75,342.0,30
2022-07-26,333.0,337.5,348.75,333.0,87
2022-07-27,330.75,339.75,348.75,330.75,175
2022-07-28,348.75,330.75,348.75,324.0,109
2022-07-29,324.0,326.25,337.5,315.0,87
2022-08-01,351.0,324.0,351.0,315.0225,118
2022-08-02,333.0,324.0,333.0,315.0,134
2022-08-03,335.25,306.0,337.5,299.25,447
2022-08-04,303.75,324.0,326.25,303.75,77
2022-08-05,319.095,326.25,337.5,317.2725,180
2022-08-08,353.25,335.25,353.25,323.01,397
2022-08-09,351.0,334.125,351.0,328.5225,205
2022-08-10,326.9925,337.4775,337.5,326.9925,128
2022-08-11,337.5,355.5,355.5,337.5,206
2022-08-12,360.0,353.25,360.0,351.0,172
2022-08-15,339.75,378.0,378.0,339.75,248
2022-08-16,360.0,375.75,378.0,360.0,225
2022-08-17,380.25,385.875,398.25,380.25,293
2022-08-18,402.75,393.75,405.0,391.5,322
2022-08-19,416.25,387.0,445.5,382.5,814
2022-08-22,393.75,414.0,418.5,393.75,363
2022-08-23,425.25,463.5,472.5,414.0,1202
2022-08-24,495.0,461.25,495.0,448.02,1397
2022-08-25,470.25,456.75,470.25,436.5225,589
2022-08-26,452.25,456.75,463.5,423.0,494
2022-08-29,459.0,470.25,486.0,453.33,861
2022-08-30,472.5,461.2725,474.75,438.75,470
2022-08-31,463.5,447.75,472.4775,438.75,1014
2022-09-01,436.5,391.5,445.5,382.5,1256
2022-09-02,387.0,427.5,429.75,387.0,374
2022-09-06,427.5,405.0,427.5,391.5,507
2022-09-07,398.25,405.0,414.0,393.9975,104
2022-09-08,400.5,416.25,420.9075,382.5,112
2022-09-09,405.0,429.75,429.75,405.0,138
2022-09-12,443.25,456.75,465.75,427.5,372
2022-09-13,459.0,459.0,461.25,450.0,140
2022-09-14,459.0,452.25,465.75,450.54,256
2022-09-15,452.25,456.75,465.75,452.25,154
2022-09-16,452.25,456.75,461.25,450.0,216
2022-09-19,454.5,454.5,459.0,447.75,117
2022-09-20,450.0,434.25,450.0,432.0,75
2022-09-21,429.75,409.5,434.475,409.5,60
2022-09-22,391.5,416.25,423.0,387.0,136
2022-09-23,409.5,418.5,429.7275,409.5,100
2022-09-26,409.5,445.4775,448.2,409.5,96
2022-09-27,445.5,454.5,461.25,432.0,96
2022-09-28,450.0,454.5,465.75,450.0,125
2022-09-29,450.0,452.25,461.25,447.75,140
2022-09-30,452.25,436.5,472.5,434.25,515
2022-10-03,465.75,461.25,479.25,438.75,282
2022-10-04,472.5,461.25,472.5,450.0,85
2022-10-05,452.25,459.0,470.25,452.25,97
2022-10-06,468.0,481.5,488.25,461.25,368
2022-10-07,483.75,470.25,490.5,459.0675,223
2022-10-10,474.75,467.7525,474.75,459.225,109
2022-10-11,459.0,472.5,481.5,459.0,144
2022-10-12,472.5,470.25,483.75,468.0,35
2022-10-13,465.75,469.125,472.5,463.5,48
2022-10-14,468.0,470.25,483.75,463.5,143
2022-10-17,472.5,459.0,472.5,452.25,151
2022-10-18,470.25,463.5,481.5,463.5,111
2022-10-19,468.72,454.5,472.5,454.5,28
2022-10-20,456.75,465.7275,472.5,454.5,87
2022-10-21,472.5,463.5,472.5,456.75,56
2022-10-24,459.0,456.75,463.5,441.0,69
2022-10-25,452.25,447.0525,463.5,443.25,130
2022-10-26,455.1975,445.5,455.1975,443.2725,26
2022-10-27,443.25,443.25,452.25,443.25,76
2022-10-28,441.0,445.5,452.25,441.0,83
2022-10-31,456.75,438.75,456.75,436.5,82
2022-11-01,443.2725,436.5,445.5,436.5,71
2022-11-02,436.5,443.25,445.5,434.25,48
2022-11-03,441.0,436.5,445.5,421.875,45
2022-11-04,445.5,416.25,445.5,409.5,82
2022-11-07,407.25,420.75,427.5,407.25,116
2022-11-08,416.25,416.25,428.9175,411.75,27
2022-11-09,409.5,431.64,435.7125,409.5,75
2022-11-10,436.5,418.5,438.75,409.5,129
2022-11-11,415.125,416.25,425.25,407.25,77
2022-11-14,420.75,420.75,423.0,393.75,45
2022-11-15,420.75,423.0,423.0,409.5,47
2022-11-16,423.0,414.0,423.225,410.3775,33
2022-11-17,418.5,418.5,420.75,407.61,18
2022-11-18,427.5,421.7625,436.1175,421.7625,17
2022-11-21,427.5,420.75,441.0,411.8625,151
2022-11-22,416.25,414.0,427.5,409.5,76
2022-11-23,414.0,409.5,423.0,398.115,77
2022-11-25,415.9125,418.5,418.5,407.25,16
2022-11-28,402.75,416.25,420.75,400.5,34
2022-11-29,393.75,416.25,423.0,393.75,70
2022-11-30,416.25,416.25,416.25,387.0225,224
2022-12-01,398.2725,407.25,416.25,398.2725,29
2022-12-02,403.2225,401.625,409.5,401.625,36
2022-12-05,402.75,407.25,414.0,399.7125,89
2022-12-06,407.25,409.5,447.6825,389.0025,4808
2022-12-07,427.5,396.0,427.5,380.25,219
2022-12-08,384.75,362.25,389.25,360.0,316
2022-12-09,371.25,389.25,405.0,366.75,495
2022-12-12,389.25,369.72,389.25,360.0,116
2022-12-13,373.5,371.25,378.0,351.0,119
2022-12-14,365.625,391.5,405.0,357.7725,120
2022-12-15,357.75,384.75,393.75,357.75,250
2022-12-16,378.0,384.75,397.125,369.0,29
2022-12-19,387.0,376.3125,393.75,371.25,150
2022-12-20,371.25,378.0,389.25,357.75,51
2022-12-21,402.75,402.75,409.5,391.5,170
2022-12-22,398.25,409.5,414.0,391.5,246
2022-12-23,405.0,407.25,414.0,405.0,86
2022-12-27,405.0225,411.75,420.75,405.0225,81
2022-12-28,412.875,409.5,420.75,409.5,172
2022-12-29,423.0,420.75,423.0,410.04,31
2022-12-30,420.75,470.25,472.5,420.75,418
2023-01-03,472.5,488.25,495.0,470.25,316
2023-01-04,492.75,492.75,492.75,473.985,143
2023-01-05,492.75,491.5125,495.0,484.875,68
2023-01-06,481.5,537.75,548.9775,477.6975,633
2023-01-09,528.75,515.25,537.75,513.0,183
2023-01-10,540.0,530.0775,542.025,522.0,110
2023-01-11,537.75,519.75,540.0,519.75,93
2023-01-12,532.6875,528.75,532.6875,506.25,114
2023-01-13,510.75,515.25,529.02,510.75,195
2023-01-17,517.5,523.6425,538.56,510.75,179
2023-01-18,520.2675,526.5,533.25,520.2675,147
2023-01-19,513.0,531.0,537.75,510.75,95
2023-01-20,537.75,528.75,537.75,528.75,59
2023-01-23,528.75,519.75,535.275,517.5,59
2023-01-24,521.9775,528.75,528.75,499.5,146
2023-01-25,528.75,537.75,537.75,514.26,86
2023-01-26,537.75,528.75,555.75,524.25,191
2023-01-27,522.0,544.5,551.25,522.0,225
2023-01-30,558.0,569.25,578.25,543.735,242
2023-01-31,578.25,571.5,585.0,555.75,252
2023-02-01,553.5,528.75,555.7275,526.5,229
2023-02-02,544.5,535.5,551.25,528.75,240
2023-02-03,534.1725,535.5,546.75,528.75,224
2023-02-06,528.75,542.25,546.8175,528.75,76
2023-02-07,567.585,540.0,567.585,539.7975,255
2023-02-08,533.25,517.5,540.0,517.5,137
2023-02-09,517.5,499.5,517.5,492.75,38
2023-02-10,492.75,501.75,501.75,463.5225,92
2023-02-13,506.25,497.25,506.25,492.75,36
2023-02-14,504.0,481.5,506.25,481.5,101
2023-02-15,474.75,501.75,504.0,472.5,196
2023-02-16,501.75,510.75,512.9775,495.0,40
2023-02-17,508.5,535.5,536.265,499.05,89
2023-02-21,524.25,517.5,531.0,499.5,53
2023-02-22,481.5,495.0,519.75,479.25,121
2023-02-23,486.0,488.25,517.5,486.0,74
2023-02-24,498.0825,488.25,499.4775,488.25,64
2023-02-27,486.0,490.5,495.0,479.25,84
2023-02-28,485.46,495.0,496.125,485.46,51
2023-03-01,490.5,483.75,499.4775,483.75,51
2023-03-02,481.5,492.75,492.75,474.75,41
2023-03-03,490.5,506.25,506.7,490.5,27
2023-03-06,495.0,495.0,510.75,486.0,441
2023-03-07,490.5,490.5,499.4775,490.5,55
2023-03-08,495.0,495.0,497.2275,488.25,32
2023-03-09,495.0,472.5,497.25,472.5,163
2023-03-10,472.5,461.25,492.75,461.25,219
2023-03-13,469.125,445.5,469.125,429.7725,130
2023-03-14,452.25,450.0,457.875,450.0,76
2023-03-15,441.0,443.25,456.75,441.0,99
2023-03-16,450.0,447.75,459.0,443.25,39
2023-03-17,456.75,438.75,456.75,438.75,87
2023-03-20,438.75,425.25,440.8425,425.25,66
2023-03-21,425.2725,420.75,443.25,418.5,89
2023-03-22,427.5,450.0,452.25,418.5,170
2023-03-23,450.0,459.0,465.75,450.0,50
2023-03-24,434.25,463.5,469.35,434.25,121
2023-03-27,470.25,472.5,472.5,461.25,36
2023-03-28,472.5,488.25,490.005,472.5,78
2023-03-29,488.25,465.75,488.25,463.5,173
2023-03-30,454.8375,436.5,470.25,436.5,170
2023-03-31,436.5,438.75,441.0,428.0625,63
2023-04-03,444.285,450.0,454.5,442.4175,102
2023-04-04,441.0,450.0,463.4775,441.0,208
2023-04-05,450.0,450.0,467.9775,429.75,78
2023-04-06,443.25,450.0,467.9775,443.25,8
2023-04-10,443.25,450.0,465.75,432.0225,96
2023-04-11,443.2725,445.9275,461.25,436.635,62
2023-04-12,436.5,429.75,447.75,429.75,51
2023-04-13,445.455,452.25,465.7275,443.25,54
2023-04-14,441.0,441.0,454.4775,441.0,53
2023-04-17,443.25,463.5,463.5,443.25,37
2023-04-18,462.375,450.0,462.375,445.5,113
2023-04-19,450.0,450.0,461.25,441.0,59
2023-04-20,441.0,443.25,456.7275,441.0,19
2023-04-21,445.5,452.25,452.25,445.5,17
2023-04-24,441.675,454.5,456.75,441.675,20
2023-04-25,450.0,449.3025,460.7775,447.7725,37
2023-04-26,445.5,454.4775,461.25,445.5,61
2023-04-27,454.5,454.5,456.75,444.3525,53
2023-04-28,459.0,463.5,479.25,454.5,109
2023-05-01,459.0,447.75,470.925,438.75,111
2023-05-02,450.0,456.75,459.3375,443.16,20
2023-05-03,454.5,450.0,463.5,445.5,71
2023-05-04,456.75,465.75,465.75,451.0575,33
2023-05-05,470.25,450.0,479.25,450.0,96
2023-05-08,438.75,459.0,459.0,438.75,87
2023-05-09,452.25,445.5,454.4775,441.0,98
2023-05-10,438.75,447.75,454.5,436.5,43
2023-05-11,447.75,450.0,463.5,436.77,95
2023-05-12,452.25,434.25,460.125,434.25,338
2023-05-15,429.75,416.25,438.75,407.2275,198
2023-05-16,416.25,405.0,423.0,402.75,34
2023-05-17,405.0,382.5,405.0,382.5,196
2023-05-18,387.0,382.32,402.75,375.75,552
2023-05-19,393.75,375.75,393.75,375.75,619
2023-05-22,380.25,380.25,400.5225,376.875,170
2023-05-23,382.5,378.0,386.9775,375.75,294
2023-05-24,380.16,369.0,386.9775,369.0,117
2023-05-25,369.0,342.0,371.25,342.0,701
2023-05-26,344.25,418.5,438.75,344.25,249
2023-05-30,380.25,398.25,409.5,378.0,244
2023-05-31,393.75,398.25,436.4775,393.75,403
2023-06-01,416.25,405.0,416.25,400.5,49
2023-06-02,409.5,425.25,430.38,407.25,42
2023-06-05,427.5,427.5,429.75,421.875,36
2023-06-06,423.0,438.75,443.25,423.0,65
2023-06-07,423.0,447.75,452.25,423.0,72
2023-06-08,461.25,477.0,492.4575,459.0,191
2023-06-09,490.5,477.0,490.5,470.25,95
2023-06-12,483.75,506.25,506.25,480.8475,161
2023-06-13,524.25,522.0,531.0,501.7725,96
2023-06-14,537.75,504.0,537.75,479.25,90
2023-06-15,488.25,515.25,515.25,483.75,86
2023-06-16,508.5,526.5,542.25,486.0675,372
2023-06-20,542.25,560.25,562.5,523.125,188
2023-06-21,582.75,630.0,656.9775,566.1,1120
2023-06-22,596.25,537.75,600.75,531.0225,653
2023-06-23,533.25,580.5,605.2275,531.0,614
2023-06-26,591.75,582.75,603.0,564.75,137
2023-06-27,587.25,578.25,587.25,564.885,72
2023-06-28,562.5,612.0,625.5,553.5,214
2023-06-29,621.0,595.125,621.0,578.25,58
2023-06-30,598.5,600.75,616.5,564.75,207
2023-07-03,607.5,589.5,607.5,582.75,50
2023-07-05,598.5,618.75,630.0,580.9725,206
2023-07-06,625.5,598.5,627.75,569.25,230
2023-07-07,596.25,627.75,627.75,596.25,69
2023-07-10,627.75,624.375,636.75,606.825,84
2023-07-11,639.0,641.25,647.5275,618.75,366
2023-07-12,622.5975,616.5,630.0,609.3,288
2023-07-13,609.75,564.75,623.25,551.25,546
2023-07-14,594.0,524.25,594.0,477.0,432
2023-07-17,524.25,556.875,564.75,524.25,137
2023-07-18,551.25,553.5,571.5,551.25,50
2023-07-19,537.75,508.5,567.0,508.5,585
2023-07-20,501.75,517.5,531.0,501.75,69
2023-07-21,522.0,445.5,522.0,438.75,760
2023-07-24,297.0,246.375,297.0,225.0,6589
2023-07-25,254.25,235.125,254.25,231.75,1543
2023-07-26,243.0,225.0,243.0,222.75,1444
2023-07-27,225.0,202.05,227.25,198.0,1950
2023-07-28,198.0,219.6,219.6,198.0,828
2023-07-31,209.25,231.75,231.75,209.25,1254
2023-08-01,224.7975,218.475,234.0,218.25,403
2023-08-02,227.25,222.75,227.25,203.76,734
2023-08-03,227.25,218.25,229.5,216.0,157
2023-08-04,214.335,209.205,220.06147,205.695,417
2023-08-07,213.75,204.75,213.75,203.715,196
2023-08-08,204.75,192.3525,207.0,191.25,551
2023-08-09,191.25,204.435,206.5275,191.25,314
2023-08-10,200.025,203.625,205.7625,193.68,127
2023-08-11,213.75,199.7775,213.75,195.7725,123
2023-08-14,202.5,199.125,202.5,195.75,68
2023-08-15,195.975,197.955,200.22727,195.975,76
2023-08-16,195.75,193.8825,195.75,190.125,108
2023-08-17,191.7,191.25,198.225,191.25,382
2023-08-18,207.0,193.725,207.0,189.0,117
2023-08-21,189.0,194.625,195.75,189.0,77
2023-08-22,192.9375,194.625,195.75,191.25,51
2023-08-23,193.49977,192.4425,193.49977,191.25,63
2023-08-24,191.25,191.025,195.75,183.735,234
2023-08-25,189.7425,187.875,189.7425,183.735,95
2023-08-28,184.86,180.99,193.5,179.325,131
2023-08-29,180.0,180.32625,180.675,173.3625,147
2023-08-30,184.5,184.05,184.5,173.25,105
2023-08-31,186.525,175.5,186.525,175.5,67
2023-09-01,175.5,175.2525,180.045,171.0,36
2023-09-05,157.8375,130.5,157.8375,121.5,1987
2023-09-06,123.2325,114.075,123.2325,114.075,749
2023-09-07,120.4875,113.4,120.4875,107.8875,540
2023-09-08,115.875,103.545,115.875,101.25,1452
2023-09-11,96.75,96.75,96.75,96.75,0
2023-09-12,96.75,98.8875,103.4325,96.75,780
2023-09-13,105.75,94.32,105.75,91.575,1023
2023-09-14,94.5,91.1025,95.625,88.875,309
2023-09-15,88.7625,88.875,92.25,87.75,637
2023-09-18,88.875,84.15,88.875,83.25,275
2023-09-19,83.25,86.4,89.3025,81.0225,1105
2023-09-20,89.0775,87.975,92.9025,85.5,2328
2023-09-21,91.5525,85.5,91.5525,84.375,1647
2023-09-22,85.5,91.35,91.35,85.5,1247
2023-09-25,94.5,91.17,94.5,90.0,240
2023-09-26,92.25,92.25,93.375,90.427725,152
2023-09-27,92.25,95.355,95.625,92.25,344
2023-09-28,96.7725,96.3,98.5275,92.925,66
2023-09-29,97.852275,96.7275,98.9775,94.5,105
2023-10-02,99.0,95.85,99.0,92.025,155
2023-10-03,93.87,92.25,95.625,90.0,120
2023-10-04,88.1325,89.9325,97.875,88.1325,292
2023-10-05,92.025,85.95,94.4775,85.5225,68
2023-10-06,89.3025,90.0,99.0,85.5,861
2023-10-09,91.8,84.69,92.25,83.25,214
2023-10-10,85.8375,87.6825,88.5375,83.25,358
2023-10-11,91.5975,112.5,117.0,84.3975,5841
2023-10-12,114.75,96.885,114.885,96.75,871
2023-10-13,99.225,99.0,106.875,90.0,508
2023-10-16,98.28,94.5225,99.0,90.3825,190
2023-10-17,90.0225,92.925,100.1025,90.0225,276
2023-10-18,92.79,90.63,96.75,89.9775,373
2023-10-19,93.15,87.975,96.063525,87.75,119
2023-10-20,92.2275,87.6375,92.2275,85.5,322
2023-10-23,86.8725,85.2075,88.875,83.295,125
2023-10-24,90.0,88.38,90.0,85.5225,87
2023-10-25,89.775,89.2125,89.775,85.5,177
2023-10-26,86.85,88.2,88.2,85.5,66
2023-10-27,87.075,85.3425,87.075,84.375,148
2023-10-30,88.2,85.6125,88.2,83.295,100
2023-10-31,88.2,83.7675,88.2,81.225,305
2023-11-01,81.0675,85.2525,85.275,81.0,9
2023-11-02,83.925,84.5325,84.6,83.2275,108
2023-11-03,81.2475,90.0225,100.08,81.2475,475
2023-11-06,87.75,91.125,98.0775,87.75,48
2023-11-07,92.2275,92.25,98.0775,92.2275,163
2023-11-08,92.025,97.875,100.08,92.025,205
2023-11-09,97.8075,92.25,97.8075,91.125,307
2023-11-10,92.25,87.75,94.05,87.75,225
2023-11-13,92.1375,89.775,99.0,87.75,66
2023-11-14,290.25,240.75,348.75,222.9975,603582
2023-11-15,238.5,212.625,247.4775,186.75,33424
2023-11-16,189.63,180.1575,216.0,157.5,21119
2023-11-17,162.0,162.2025,179.5275,160.02,7891
2023-11-20,166.5,162.0,173.25,157.5225,4349
2023-11-21,157.5,141.75,159.75,137.25,2730
2023-11-22,137.25,145.9125,153.0,131.6475,4244
2023-11-24,143.7975,159.5925,164.2275,135.0,1915
2023-11-27,157.5,155.2725,159.5025,147.375,1120
2023-11-28,150.705,154.4175,154.6425,135.0,2305
2023-11-29,149.49,153.0,159.975,142.335,10034
2023-11-30,146.25,139.77,155.1825,132.9075,2394
2023-12-01,137.7,151.2675,152.2125,133.875,1408
2023-12-04,143.7075,141.975,149.625,133.4025,1255
2023-12-05,141.75,147.6,150.75,138.375,1485
2023-12-06,144.7425,146.835,153.0,143.79773,1241
2023-12-07,143.415,148.275,149.625,139.95,638
2023-12-08,145.665,141.525,150.75,132.75,2271
2023-12-11,143.19,141.3,143.9775,133.8975,801
2023-12-12,139.5,121.95,141.705,112.5,1540
2023-12-13,117.0,122.4,132.525,114.75,1151
2023-12-14,121.725,127.125,129.6,121.5225,469
2023-12-15,121.5,135.225,140.535,121.5,744
2023-12-18,139.995,146.475,154.575,139.275,2370
2023-12-19,146.025,148.2525,150.75,139.725,496
2023-12-20,146.0475,146.025,148.2525,140.625,366
2023-12-21,142.875,146.205,147.95977,142.875,526
2023-12-22,142.9875,146.25,148.05,141.21,701
2023-12-26,146.25,146.2275,148.5,141.97725,470
2023-12-27,144.675,153.0,156.375,144.675,1084
2023-12-28,148.5,147.375,155.25,145.125,1016
2023-12-29,146.3175,149.445,153.0,142.425,769
2024-01-02,150.75,149.04,152.9775,145.19273,348
2024-01-03,143.415,153.0,161.8425,141.75,1541
2024-01-04,148.5,149.04,159.19178,144.5625,571
2024-01-05,148.5,146.0925,150.75,141.12,363
2024-01-08,144.0,144.225,148.5,139.545,454
2024-01-09,147.4875,146.25,148.5,141.75,555
2024-01-10,144.0,150.0975,150.7275,144.0,275
2024-01-11,150.75,146.9025,150.75,144.225,222
2024-01-12,149.625,145.89,150.75,139.545,284
2024-01-16,144.0225,139.41,148.5,133.875,721
2024-01-17,135.225,127.1475,141.3675,124.0875,723
2024-01-18,126.0225,129.4425,134.9325,126.0225,388
2024-01-19,128.475,98.325,129.375,85.5,7070
2024-01-22,95.85,100.035,100.6425,91.1475,709
2024-01-23,99.5625,105.3225,108.0225,97.672725,387
2024-01-24,107.5725,98.1,108.8775,97.188975,590
2024-01-25,97.4475,95.1975,102.1275,91.5975,576
2024-01-26,99.0,103.2525,103.2525,95.94,239
2024-01-29,102.8475,113.0625,113.0625,102.8475,451
2024-01-30,113.6025,108.09,118.44,105.3,798
2024-01-31,108.0,101.97,124.8525,97.897725,4149
2024-02-01,101.25,99.81,101.25,93.6,1798
2024-02-02,98.933175,96.0525,98.933175,93.42,381
2024-02-05,97.8525,95.4,99.4725,94.5,511
2024-02-06,96.0525,104.625,104.6475,95.0175,486
2024-02-07,102.3975,100.90125,103.7475,96.7725,493
2024-02-08,92.295,90.4725,100.5975,85.635,4793
2024-02-09,88.65,92.25,94.0275,88.65,665
2024-02-12,92.25,99.7875,101.295,91.5075,1431
2024-02-13,99.0,100.125,101.25,91.35,981
2024-02-14,96.7275,99.36,99.9,93.3975,542
2024-02-15,105.75,96.75,107.73,95.0175,1370
2024-02-16,96.75,101.025,101.25,96.75,1067
2024-02-20,101.25,101.25,101.655,99.045,796
2024-02-21,108.0,95.175,108.0,91.9125,944
2024-02-22,93.4425,94.7475,97.6275,93.4425,661
2024-02-23,94.7475,101.025,102.33,94.5,604
2024-02-26,99.0,103.5,107.7525,99.0,1203
2024-02-27,103.7475,114.75,114.75,103.7475,3700
2024-02-28,123.525,117.675,123.525,112.5,1880
2024-02-29,120.375,123.75,124.425,120.375,1625
2024-03-01,128.7,130.455,130.5,119.7,2946
2024-03-04,130.5,102.3975,132.75,94.545,15972
2024-03-05,101.2725,92.2725,103.41,92.2725,1994
2024-03-06,94.5,99.7875,101.25,92.295,2251
2024-03-07,94.5,96.3,97.6275,92.25,1524
2024-03-08,93.42,94.7475,103.5,93.3975,883
2024-03-11,98.775,94.8375,98.999775,93.375,504
2024-03-12,100.125,85.8375,102.9825,83.4525,20508
2024-03-13,87.7275,87.615,94.5,87.615,3600
2024-03-14,88.245,88.515,92.61,87.6825,1311
2024-03-15,87.75,87.75,91.755,87.75,691
2024-03-18,87.75,86.9175,92.0925,86.9175,532
2024-03-19,89.9325,85.995,90.0,85.4775,1030
2024-03-20,88.875,90.0,90.0,87.795,399
2024-03-21,87.975,90.0,94.3875,87.975,603
2024-03-22,87.75,92.025,94.5,87.75,1078
2024-03-25,89.775,91.125,93.9825,87.75,492
2024-03-26,92.25,94.5,94.5,92.25,1119
2024-03-27,93.9375,94.2975,96.075,93.9375,635
2024-03-28,87.75,91.575,93.375,87.75,1305
2024-04-01,94.5,89.1,94.5,86.175,750
2024-04-02,89.82,89.9325,93.9375,87.255,551
2024-04-03,89.775,88.425,89.955,87.75,175
2024-04-04,90.0,86.625,90.0,85.5,437
2024-04-05,87.975,86.7375,87.975,85.23,295
2024-04-08,89.775,87.255,89.775,85.5,728
2024-04-09,86.625,88.38,89.55,86.625,376
2024-04-10,87.3,90.0,92.1825,85.5,439
2024-04-11,90.0,86.22,90.0,84.9375,390
2024-04-12,85.5,87.7275,87.7275,85.275,242
2024-04-15,87.75,84.06,89.865,83.25,521
2024-04-16,85.275,81.945,85.4775,81.945,467
2024-04-17,85.5225,82.8225,85.5225,81.9225,141
2024-04-18,83.25,84.825,85.0275,81.5175,275
2024-04-19,83.25,81.0,83.6775,80.7975,432
2024-04-22,82.8,82.755,82.8,72.0,297
2024-04-23,83.9925,84.6,86.625,82.665,359
2024-04-24,84.375,85.3875,86.085,81.0,326
2024-04-25,83.25,82.8,84.375,81.225,302
2024-04-26,85.2525,84.735,86.4,83.025,130
2024-04-29,83.295,83.25,85.5225,83.25,367
2024-04-30,83.25,87.0975,90.0,83.25,1389
2024-05-01,86.6925,84.645,90.2475,84.375,5471
2024-05-02,87.75,84.375,87.75,83.2725,900
2024-05-03,84.375,85.4775,86.625,84.375,332
2024-05-06,87.975,86.9625,90.0,85.05,505
2024-05-07,88.425,86.85,90.5625,86.85,495
2024-05-08,89.1,88.65,89.1,86.6475,229
2024-05-09,85.5,90.0,92.25,85.5,686
2024-05-10,91.125,89.0775,91.305,87.975,146
2024-05-13,85.635,88.02,89.955,85.635,107
2024-05-14,89.1,89.1,89.1,85.5225,306
2024-05-15,87.8175,89.9775,90.0,87.795,405
2024-05-16,89.9775,89.1225,92.25,89.1225,695
2024-05-17,89.55,88.2,90.0,88.2,291
2024-05-20,89.325,88.2,91.13625,87.8625,218
2024-05-21,90.0,91.35,92.25,88.2,468
2024-05-22,85.5,69.5925,85.5,67.59,2728
2024-05-23,75.87,73.665,78.525,73.6425,741
2024-05-24,74.25,77.85,80.321625,72.0,1363
2024-05-28,78.75,78.75,80.3025,78.3,1096
2024-05-29,78.525,77.6025,78.9975,75.7125,1327
2024-05-30,4.89,5.2,5.6392,4.52,48956
2024-05-31,5.1201,4.62,5.69,4.3514,48259
2024-06-03,4.62,4.42,4.62,4.35,12406
2024-06-04,4.39,4.42,4.74,4.39,21540
2024-06-05,4.4599,4.4,4.6699,4.1901,27978
2024-06-06,4.36,4.365,4.49,4.214,7392
2024-06-07,4.71,3.72,5.04,3.34,6656058
2024-06-10,3.36,3.43,3.679,3.2,229464
2024-06-11,3.41,3.64,3.8,3.41,78256
2024-06-12,3.71,3.64,3.78,3.5,85594
2024-06-13,3.67,3.65,3.93,3.24,55433
2024-06-14,3.55,3.41,3.58,3.34,56625
2024-06-17,3.64,3.34,3.7899,3.23,131601
2024-06-18,3.33,3.54,3.7,3.26,202951
2024-06-20,3.46,3.38,3.48,3.2774,46551
2024-06-21,3.32,3.0,3.33,3.0,68875
2024-06-24,3.06,2.83,3.206,2.69,64474
2024-06-25,2.77,2.93,3.04,2.77,36387
2024-06-26,2.96,2.9,2.96,2.62,59181
2024-06-27,3.0,2.99,3.09,2.8,24613
2024-06-28,3.07,2.97,3.2655,2.92,44501
2024-07-01,3.01,2.99,3.0699,2.9,6468
2024-07-02,2.88,2.94,3.125,2.88,31922
2024-07-03,3.19,2.99,3.19,2.85,37139
2024-07-05,3.06,2.97,3.1,2.8,36466
2024-07-08,2.89,2.91,3.38,2.8001,122678
2024-07-09,2.99,3.01,3.1999,2.9001,68903
2024-07-10,3.0,3.03,3.06,2.94,9357
2024-07-11,3.1495,3.125,3.15,3.0,13051
2024-07-12,3.06,3.2499,3.3,3.01,34361
2024-07-15,3.18,3.54,3.66,3.18,752080
2024-07-16,3.33,3.15,3.46,2.84,215715
2024-07-17,3.21,3.11,3.21,3.0401,25449
2024-07-18,3.04,2.95,3.14,2.85,46138
2024-07-19,2.95,2.91,3.0,2.86,7927
2024-07-22,2.91,2.77,2.96,2.7,20831
2024-07-23,2.7,2.84,2.88,2.7,18078
2024-07-24,2.8,2.84,2.95,2.76,12560
2024-07-25,2.85,2.95,3.14,2.805,38508
2024-07-26,2.9,2.99,3.15,2.9,19967
2024-07-29,3.05,3.17,3.17,3.01,17221
2024-07-30,3.24,3.04,3.24,2.9298,39498
2024-07-31,2.97,3.01,3.04,2.941,6631
2024-08-01,3.01,2.96,3.01,2.9401,2660
2024-08-02,2.98,3.0,3.0,2.98,2199
2024-08-05,2.84,2.67,2.95,2.67,11686
2024-08-06,2.72,2.69,2.7659,2.6,12759
2024-08-07,2.69,2.85,2.87,2.65,5239
2024-08-08,2.7706,2.72,2.8436,2.6221,6601
2024-08-09,2.8977,2.68,2.8977,2.65,9612
2024-08-12,2.61,2.532,2.7364,2.52,11230
2024-08-13,2.65,2.64,2.719,2.54,14944
2024-08-14,2.75,2.59,2.9599,2.56,73899
2024-08-15,2.77,2.9,2.92,2.61,22117
2024-08-16,2.89,3.32,3.3399,2.72,13921
2024-08-19,3.27,4.0,4.0,3.02,163762
2024-08-20,3.49,3.33,3.6405,3.24,48826
2024-08-21,3.33,2.9,3.35,2.76,423234
2024-08-22,2.86,2.7,2.9508,2.6799,74549
2024-08-23,2.67,2.49,3.025,2.425,82160
2024-08-26,2.5,2.77,3.17,2.5,191287
2024-08-27,2.71,2.46,2.8599,2.45,86656
2024-08-28,2.46,2.2,2.5691,1.9562,2732267
2024-08-29,4.3,4.02,4.66,2.93,35778758
2024-08-30,3.83,3.05,4.08,3.0401,6233655
2024-09-03,3.16,2.87,3.18,2.7001,1066704
2024-09-04,2.75,2.58,2.79,2.475,676769
2024-09-05,2.58,2.5,2.7344,2.355,301890
2024-09-06,2.48,2.27,2.4801,2.15,275554
2024-09-09,2.27,2.41,2.57,2.27,159078
2024-09-10,2.43,2.57,2.65,2.35,169333
2024-09-11,2.6,2.72,2.74,2.51,179201
2024-09-12,2.71,2.83,2.88,2.6534,135180
2024-09-13,2.87,2.97,3.2584,2.87,179976
2024-09-16,3.01,2.82,3.17,2.75,130349
2024-09-17,2.86,2.79,2.98,2.79,97458
2024-09-18,2.89,3.08,3.12,2.75,1320441
2024-09-19,3.16,2.98,3.25,2.95,359379
2024-09-20,2.95,2.54,2.95,2.5,546011
2024-09-23,2.6,2.47,2.695,2.45,134322
2024-09-24,2.5,2.41,2.5299,2.34,128764
2024-09-25,2.43,2.57,2.58,2.39,111634
2024-09-26,2.6,2.76,2.87,2.5301,186422
2024-09-27,2.8,2.94,2.97,2.75,147332
2024-09-30,2.95,3.12,3.1716,2.8329,162710
2024-10-01,3.1,2.98,3.12,2.77,90645
2024-10-02,2.93,2.76,2.93,2.7,103258
2024-10-03,2.72,2.81,2.86,2.7,18726
2024-10-04,2.76,2.74,2.87,2.712,42684
2024-10-07,2.68,2.69,2.74,2.6,35845
2024-10-08,2.67,2.65,2.7381,2.6,40900
2024-10-09,2.63,2.68,2.7332,2.63,24423
2024-10-10,2.67,2.7,2.9,2.63,23418
2024-10-11,2.67,2.65,2.75,2.61,29823
2024-10-14,2.62,2.59,2.67,2.52,60824
2024-10-15,2.56,2.44,2.6,2.4,64245
2024-10-16,2.49,2.635,2.67,2.39,95305
2024-10-17,2.66,2.65,2.7,2.571,31980
2024-10-18,2.69,2.69,2.73,2.57,37581
2024-10-21,2.68,2.68,2.84,2.64,44870
2024-10-22,2.67,2.6,2.68,2.55,20524
2024-10-23,2.6163,2.48,2.76,2.41,35754
2024-10-24,2.47,2.4,2.57,2.37,85598
2024-10-25,2.4,2.42,2.49,2.4,25889
2024-10-28,2.5,2.63,2.67,2.41,225025
2024-10-29,2.58,2.42,2.61,2.4,79068
2024-10-30,2.43,2.37,2.51,2.37,44976
2024-10-31,2.41,2.33,2.43,2.31,45963
2024-11-01,2.39,2.39,2.4319,2.33,21848
2024-11-04,2.42,2.38,2.494,2.35,30361
2024-11-05,2.38,2.43,2.5,2.38,14159
2024-11-06,2.57,2.4,2.57,2.38,21529
2024-11-07,2.4,2.3657,2.4252,2.34,29701
2024-11-08,2.35,2.26,2.38,2.25,82966
2024-11-11,2.3,2.3,2.35,2.22,114583
2024-11-12,2.21,2.4,2.4483,2.21,29433
2024-11-13,2.4,2.35,2.47,2.35,56894
2024-11-14,2.29,2.015,2.36,2.01,152188
2024-11-15,1.98,1.85,2.0136,1.84,77412
2024-11-18,1.85,2.05,2.13,1.85,44686
2024-11-19,2.04,2.03,2.0768,2.0095,23925
2024-11-20,2.01,1.99,2.1798,1.97,47375
2024-11-21,2.04,2.135,2.15,1.98,37371
2024-11-22,2.15,2.26,2.32,2.14,30704
2024-11-25,2.33,2.37,2.38,2.28,26850
2024-11-26,2.36,2.28,2.36,2.27,27140
2024-11-27,2.3936,2.35,2.41,2.28,43964
2024-11-29,2.3707,2.28,2.4,2.27,16839
2024-12-02,2.36,2.28,2.36,2.19,57567
2024-12-03,2.23,2.19,2.25,2.18,16206
2024-12-04,2.29,2.15,2.44,2.15,80650
2024-12-05,2.23,2.16,2.34,2.13,28181
2024-12-06,2.26,2.12,2.26,2.0601,21364
2024-12-09,2.2,2.33,2.4,2.09,39658
2024-12-10,2.33,2.27,2.34,2.1572,25549
2024-12-11,2.26,2.16,2.2827,2.11,26690
2024-12-12,2.2,2.17,2.2,2.11,7353
2024-12-13,2.1326,2.08,2.135,2.0,11723
2024-12-16,2.1443,2.09,2.1443,2.03,11214
2024-12-17,2.1,2.0999,2.1317,2.0014,37185
2024-12-18,2.1,2.0,2.14,2.0,32188
2024-12-19,2.0,1.84,2.0074,1.625,122093
2024-12-20,1.93,1.97,2.0634,1.88,51538
2024-12-23,1.96,2.01,2.0752,1.9383,19258
2024-12-24,2.0028,2.0,2.0389,1.93,15070
2024-12-26,1.86,2.32,2.3968,1.86,210133
2024-12-27,2.3,2.46,2.4814,2.2401,72563
2024-12-30,2.45,2.15,2.45,1.916,75123
2024-12-31,2.21,2.18,2.225,2.03,57094
2025-01-02,2.21,2.26,2.33,2.2,18556
2025-01-03,2.35,2.31,2.4,2.26,31747
2025-01-06,2.39,2.3999,2.41,2.3,33522
2025-01-07,2.47,2.32,2.47,2.302,39070
2025-01-08,2.3478,2.24,2.37,2.2,19906
2025-01-10,2.25,2.1264,2.2601,2.12,44403
2025-01-13,2.08,2.25,2.34,1.985,62678
2025-01-14,2.26,2.16,2.36,2.1004,74584
2025-01-15,2.13,2.21,2.2616,2.05,32847
2025-01-16,2.26,2.121,2.26,2.08,19432
2025-01-17,2.16,2.18,2.19,2.11,16134
2025-01-21,2.15,2.18,2.2099,2.09,18176
2025-01-22,2.115,2.1,2.2,2.06,19701
2025-01-23,2.0897,2.18,2.18,2.0676,7501
2025-01-24,2.13,2.19,2.255,2.1058,17425
2025-01-27,2.41,2.27,2.68,2.2,287203
2025-01-28,2.1808,2.28,2.3498,2.1133,81865
2025-01-29,2.2085,2.38,2.43,2.1501,35177
2025-01-30,2.37,2.32,2.4186,2.3,24228
2025-01-31,2.3,2.47,2.6204,2.3,100104
2025-02-03,2.3,2.41,2.45,2.12,41310
2025-02-04,2.36,2.57,2.63,2.36,59787
2025-02-05,2.52,2.56,2.73,2.52,93331
2025-02-06,2.57,2.45,2.65,2.43,25938
2025-02-07,2.6,2.365,2.61,2.32,19847
2025-02-10,2.34,2.3,2.44,2.27,31980
2025-02-11,2.41,2.51,2.78,2.32,92748
2025-02-12,2.43,2.63,2.71,2.42,39972
2025-02-13,2.59,2.72,2.78,2.59,82323
2025-02-14,2.69,2.84,2.95,2.68,66755
2025-02-18,2.77,2.73,2.85,2.62,53626
2025-02-19,2.68,2.5,2.68,2.42,107143
2025-02-20,2.46,2.42,2.47,2.3,55158
2025-02-21,2.31,2.31,2.4992,2.18,64108
2025-02-24,2.29,2.15,2.4,2.12,41014
2025-02-25,2.12,2.05,2.2599,2.02,19928
2025-02-26,2.06,2.1,2.2,2.06,9332
2025-02-27,2.11,2.04,2.2168,2.0101,31821
2025-02-28,2.01,2.01,2.0812,1.925,39035
2025-03-03,2.05,2.56,2.67,2.03,200584
2025-03-04,2.46,2.52,2.5576,2.3242,63348
2025-03-05,2.61,2.54,2.61,2.4,55360
2025-03-06,2.54,2.58,2.65,2.42,23148
2025-03-07,2.52,2.62,2.66,2.51,45543
2025-03-10,2.57,2.54,2.72,2.53,19254
2025-03-11,2.53,2.57,2.609,2.4977,11684
2025-03-12,2.56,2.55,2.71,2.53,38766
2025-03-13,2.56,2.57,2.63,2.45,23147
2025-03-14,2.63,2.6,2.69,2.565,38071
2025-03-17,2.64,2.62,2.6747,2.5711,16104
2025-03-18,2.59,2.66,2.6942,2.57,22309
2025-03-19,2.6,2.58,2.62,2.5,27702
2025-03-20,2.58,2.47,2.58,2.47,21577
2025-03-21,2.5214,2.66,2.83,2.5,46618
