2023-10-02,41.92,40.9198,41.92,40.9198,1508
2023-10-03,39.9916,39.9916,39.9916,39.9916,277
2023-10-04,40.3676,40.3676,40.3676,40.3676,108
2023-10-05,40.78,39.9719,40.78,39.9719,2562
2023-10-06,40.86,40.7661,40.86,40.75,786
2023-10-09,39.66,39.8654,39.919,39.66,2140
2023-10-10,39.84,39.4752,39.84,39.4752,747
2023-10-11,38.48,38.7245,38.7245,38.48,114
2023-10-12,38.64,38.4963,38.64,38.4963,333
2023-10-13,38.6646,38.6646,38.6646,38.6646,47
2023-10-16,42.53,40.7529,42.83,40.28,1570
2023-10-17,41.03,40.672,41.03,40.672,122
2023-10-18,40.36,40.4086,40.4086,40.36,104
2023-10-19,41.05,40.9896,41.05,40.9896,451
2023-10-20,42.13,42.0974,42.13,42.0974,153
2023-10-23,44.7139,44.7139,44.7139,44.7139,155
2023-10-24,48.53,47.6618,48.53,47.6618,172
2023-10-25,48.54,48.7742,48.7742,48.5075,435
2023-10-26,47.9812,47.9812,47.9812,47.9812,157
2023-10-27,48.0,47.4764,48.0,47.41,403
2023-10-30,49.01,48.5227,49.11,48.44,1298
2023-10-31,48.22,48.6555,48.7154,48.22,330
2023-11-01,48.7,48.964,48.964,48.7,154
2023-11-02,49.41,49.15,49.43,49.07,701
2023-11-03,48.9,48.6724,48.9,48.6724,362
2023-11-06,49.64,49.6589,49.6589,49.64,171
2023-11-07,49.28,50.8204,50.8204,49.28,223
2023-11-08,50.0,50.3507,50.3507,50.0,195
2023-11-09,53.5,52.323,53.5,52.323,725
2023-11-10,53.15,53.4896,53.7,53.059,3040
2023-11-13,53.08,52.7699,53.169,52.7699,1313
2023-11-14,52.41,50.3234,52.41,50.3234,445
2023-11-15,51.22,53.4073,53.4073,51.22,2710
2023-11-16,51.85,51.0046,51.86,51.0046,1374
2023-11-17,51.24,51.4362,51.4362,51.24,272
2023-11-20,53.05,53.08,53.2387,52.769,1030
2023-11-21,52.0935,52.0935,52.0935,52.0935,171
2023-11-22,51.92,53.4013,53.4013,51.77,563
2023-11-24,53.8913,53.8913,53.8913,53.8913,130
2023-11-27,51.73,51.6185,51.905,51.58,1335
2023-11-28,52.46,53.9139,55.54,52.46,30151
2023-11-29,53.47,52.6728,53.47,52.66,1582
2023-11-30,52.85,52.793123,52.93,52.76,586
2023-12-01,53.871,54.2812,54.2812,53.871,473
2023-12-04,57.916,58.3119,58.3119,57.916,395
2023-12-05,59.0,60.571,61.0,59.0,1357
2023-12-06,61.05,60.5224,61.0899,60.5224,2369
2023-12-07,60.229,60.5927,60.5927,60.1789,915
2023-12-08,61.35,61.9042,61.9042,61.2784,2355
2023-12-11,58.56,56.8163,58.56,54.04,7503
2023-12-12,57.1607,57.1607,57.1607,57.1607,237
2023-12-13,57.489,59.4178,59.4178,57.489,343
2023-12-14,59.5498,59.5498,59.5498,59.5498,268
2023-12-15,58.22,58.5822,58.5822,58.22,791
2023-12-18,57.0435,57.8435,57.8435,56.92,679
2023-12-19,57.8475,57.88466,57.981,57.8475,258
2023-12-20,60.61,59.3721,60.61,59.3721,813
2023-12-21,60.24,59.857,60.24,59.35,616
2023-12-22,60.26,60.3659,60.4591,60.26,1100
2023-12-26,58.91,57.98,58.91,57.96,1107
2023-12-27,60.0,60.28,60.28,60.0,451
2023-12-28,59.29,59.3273,59.3273,59.09,857
2023-12-29,58.3,58.1825,58.3,58.1825,901
2024-01-02,61.555,61.5136,61.78,61.5136,2480
2024-01-03,57.46,58.2868,58.5,57.46,3549
2024-01-04,60.2,60.08,60.34,59.88,9073
2024-01-05,59.259,60.1758,60.1758,59.259,765
2024-01-08,66.04,63.4183,66.04,61.351,2750
2024-01-09,63.09,62.4653,63.4,62.45,2135
2024-01-10,61.97,63.11,70.62,61.49,3964
2024-01-11,66.09,63.9548,68.175,63.31,4097
2024-01-12,64.09,61.0158,64.09,61.0158,3495
2024-01-16,60.01,60.6974,60.6974,59.1,2506
2024-01-17,59.77,59.8142,59.95,59.46,1434
2024-01-18,59.649,57.4785,59.65,57.4785,721
2024-01-19,57.585,58.4127,58.5853,57.17,1314
2024-01-22,56.68,55.8806,56.6801,55.2,1211
2024-01-23,53.72,53.982,54.01,53.635,1997
2024-01-24,54.71,54.58,54.71,54.58,603
2024-01-25,54.29,54.82,54.82,54.29,1212
2024-01-26,57.3581,57.3581,57.3581,57.3581,102
2024-01-29,57.34,58.7934,58.7934,57.34,476
2024-01-30,59.77,59.4876,59.77,59.3379,504
2024-01-31,58.3,57.322752,58.42,57.84,1279
2024-02-01,57.7327,57.7327,57.7327,57.7327,84
2024-02-02,58.1298,57.6753,58.1298,57.6753,1070
2024-02-05,57.18,57.0061,57.27,57.0061,3577
2024-02-06,58.4331,58.4331,58.4331,58.4331,55
2024-02-07,58.325,59.8816,59.8816,58.325,1969
2024-02-08,61.0873,61.19,61.19,60.99,849
2024-02-09,63.14,63.6614,63.7,63.14,4970
2024-02-12,64.49,67.3077,67.3077,64.4789,1713
2024-02-13,65.7,66.3807,66.3807,65.4418,3206
2024-02-14,69.719,69.6271,69.89,69.5,1057
2024-02-15,70.8,70.0044,71.32,70.0044,1782
2024-02-16,70.18,69.7151,70.18,69.545,1433
2024-02-20,70.2301,71.0185,71.15,69.68,3098
2024-02-21,69.458,69.2845,69.458,69.2845,1512
2024-02-22,70.5253,71.02,71.02,70.2905,984
2024-02-23,69.4121,69.7738,69.9494,69.4121,621
2024-02-26,74.8163,74.8163,74.8163,74.8163,443
2024-02-27,77.49,77.2851,78.0735,77.2851,4981
2024-02-28,81.2,81.0602,82.6299,81.0602,3521
2024-02-29,85.61,81.09295,85.61,82.0,2749
2024-03-01,80.64,82.31,82.38,79.59,4333
2024-03-04,85.96,87.67,87.81,85.8001,3947
2024-03-05,88.48,80.8518,90.71,79.02,4822
2024-03-06,88.14,88.48,88.88,86.5882,4064
2024-03-07,88.75,89.45,89.45,88.1299,2169
2024-03-08,91.21,91.01,91.21,88.83,3366
2024-03-11,95.46,94.35,95.46,94.05,4898
2024-03-12,94.3,93.128,95.0,91.2099,4945
2024-03-13,94.2325,95.2,95.2,94.22,1392
2024-03-14,92.42,90.0451,92.42,90.02,2410
2024-03-15,88.54,88.88,90.61,87.76,4192
2024-03-18,86.94,85.7137,86.95,85.4,3018
2024-03-19,81.565,82.4,83.53,79.84,3865
2024-03-20,82.69,84.0426,84.08,80.51,4481
2024-03-21,86.8,83.8805,86.8,83.321,4805
2024-03-22,80.53,81.908,81.908,80.53,963
2024-03-25,87.99,90.4501,90.4501,87.99,2971
2024-03-26,90.109,88.38,90.109,88.38,938
2024-03-27,90.94,87.2162,90.94,87.21,1087
2024-03-28,90.359,87.375995,90.359,89.83,826
2024-04-01,86.5,85.5569,86.6099,83.94,2261
2024-04-02,79.88,80.9341,80.9341,79.88,1031
2024-04-03,81.179,80.9864,81.74,80.9864,806
2024-04-04,83.19,83.72,83.72,83.19,1146
2024-04-05,82.74,82.4728,82.76,82.4728,842
2024-04-08,88.96,88.6995,88.99,87.86,2212
2024-04-09,84.9639,84.99,84.99,84.9639,738
2024-04-10,83.76,85.924,85.924,83.76,789
2024-04-11,85.93,86.29,86.29,85.6201,3404
2024-04-12,86.02,81.3409,86.02,81.3409,1631
2024-04-15,80.76,77.283,80.86,77.283,5192
2024-04-16,77.15,76.3505,77.15,76.3505,800
2024-04-17,73.261,74.4607,74.4607,72.98,1980
2024-04-18,77.24,76.9674,77.3,76.9674,1081
2024-04-19,78.44,77.9802,78.6399,77.52,3357
2024-04-22,80.75,80.5147,80.75,79.67,2103
2024-04-23,80.62,80.61,80.62,80.61,3059
2024-04-24,80.0,77.55,80.0,77.55,2699
2024-04-25,77.709,78.5713,78.5713,77.709,372
2024-04-26,77.6207,77.6207,77.6207,77.6207,219
2024-04-29,75.5,76.9291,77.0,75.5,2062
2024-04-30,74.33,69.416027,74.33,71.8553,832
2024-05-01,67.205,67.5048,69.802,67.205,971
2024-05-02,69.71,70.0108,70.22,69.71,703
2024-05-03,72.33,72.985,72.985,72.33,673
2024-05-06,73.9231,73.9231,73.9231,73.9231,492
2024-05-07,73.6733,73.6733,73.6733,73.6733,200
2024-05-08,72.9934,72.65,73.05,72.65,537
2024-05-09,71.81,73.0328,73.05,71.55,1367
2024-05-10,70.54,70.7207,70.7207,70.4535,578
2024-05-13,73.07,73.2632,73.41,73.07,493
2024-05-14,71.413,71.413,71.413,71.413,217
2024-05-15,74.42,76.3523,76.3523,74.42,1261
2024-05-16,76.3,75.0944,76.3,75.0944,780
2024-05-17,76.8,77.4948,77.99,76.8,1325
2024-05-20,77.6195,82.1897,82.1897,77.54,1343
2024-05-21,85.1,83.0488,85.1,83.0488,2517
2024-05-22,83.0073,83.54,84.36,83.0073,2656
2024-05-23,83.68,81.5958,83.78,81.5958,3982
2024-05-24,82.61,82.931,82.931,82.58,916
2024-05-28,83.08,82.74,83.08,81.95,5247
2024-05-29,81.9144,81.1038,81.9144,81.05,1647
2024-05-30,82.1388,82.308,83.449,82.1388,1351
2024-05-31,81.1994,78.844633,81.67,81.1387,701
2024-06-03,81.43,79.88,81.43,79.88,1894
2024-06-04,80.26,81.1259,81.41,80.26,602
2024-06-05,81.64,82.4619,82.4619,81.61,1197
2024-06-06,82.4159,81.1139,82.4159,81.1139,1231
2024-06-07,82.33,79.4215,82.33,79.0,4785
2024-06-10,79.25,79.47,80.1236,79.25,5001
2024-06-11,77.26,76.8307,77.26,75.4092,2851
2024-06-12,79.07,76.8557,79.74,76.8557,1489
2024-06-13,77.44,75.97,77.44,75.97,1476
2024-06-14,76.53,74.4523,76.53,73.93,1940
2024-06-17,74.76,76.2765,76.2765,74.76,1244
2024-06-18,73.74,73.3393,73.8108,73.3393,1250
2024-06-20,74.831,74.5933,74.831,74.39,2288
2024-06-21,73.41,73.9999,73.9999,73.07,793
2024-06-24,70.3,68.4,70.3,68.4,2523
2024-06-25,70.64,71.56,71.68,70.64,1163
2024-06-26,70.77,70.5435,70.77,70.09,958
2024-06-27,71.47,71.1313,71.47,71.1313,658
2024-06-28,71.33,67.259799,71.33,69.4218,2186
2024-07-01,70.0354,70.3068,70.42,70.0354,920
2024-07-02,68.95,68.9463,68.95,68.9463,1238
2024-07-03,67.05,67.1832,67.1832,67.05,810
2024-07-05,61.47,62.2316,62.4573,61.24,3843
2024-07-08,62.77,62.3865,63.26,61.65,2651
2024-07-09,64.29,63.7586,64.29,63.204,2262
2024-07-10,63.7,63.6188,64.0,63.6188,1931
2024-07-11,65.3,63.6099,65.3,63.6099,1243
2024-07-12,63.95,63.9851,64.35,63.95,2447
2024-07-15,69.51,70.1809,70.63,69.31,2850
2024-07-16,70.38,71.8713,71.8713,70.15,2179
2024-07-17,72.02,71.2203,72.02,70.52,3104
2024-07-18,71.415,70.2641,71.415,70.13,4057
2024-07-19,74.0163,74.0163,74.0163,74.0163,289
2024-07-22,73.71,74.5652,74.5652,73.104,2079
2024-07-23,73.0701,72.088,73.0701,72.05,1799
2024-07-24,73.45,71.6892,73.45,71.6892,943
2024-07-25,69.2415,69.6024,70.04,69.2415,1022
2024-07-26,73.03,73.1488,73.1488,72.325,1504
2024-07-29,74.44,72.5453,74.44,72.0601,6219
2024-07-30,71.41,71.21,71.41,70.95,1234
2024-07-31,70.5607,68.626481,70.5607,70.5607,573
2024-08-01,67.8,66.3916,68.06,65.71,9152
2024-08-02,68.08,65.1954,68.08,65.1954,1838
2024-08-05,51.0,54.6492,56.4181,51.0,14557
2024-08-06,56.35,58.1522,58.1522,56.35,1669
2024-08-07,58.26,55.5803,58.29,55.5803,5064
2024-08-08,58.1,60.49,60.7518,58.1,2311
2024-08-09,61.76,61.5543,61.76,61.42,1253
2024-08-12,61.0,60.495,61.2301,60.495,1953
2024-08-13,61.09,62.2567,62.315,60.89,687
2024-08-14,60.71,60.47,60.71,60.47,791
2024-08-15,60.7693,58.34,60.909,58.0,9952
2024-08-16,59.459,60.9101,60.9101,59.3002,1881
2024-08-19,60.01,60.21,60.261,59.65,3190
2024-08-20,61.435,60.574,61.52,59.74,1838
2024-08-21,61.0,62.4694,62.4694,61.0,1459
2024-08-22,61.78,61.1234,61.78,61.1234,2245
2024-08-23,62.16,64.5634,64.65,62.16,2084
2024-08-26,64.93,63.8849,64.93,63.8849,1055
2024-08-27,62.6285,62.4,62.82,62.4,1355
2024-08-28,60.28,59.7268,60.28,58.901,3877
2024-08-29,61.549,59.8334,61.55,59.669,3093
2024-08-30,60.07,58.624534,60.1124,58.5,2899
2024-09-03,58.87,57.7181,58.87,57.5,2093
2024-09-04,56.22,57.85,58.1309,56.07,2486
2024-09-05,56.64,55.69,56.64,55.5742,8475
2024-09-06,55.8,53.0792,55.8,53.0,4314
2024-09-09,55.25,56.64,56.64,54.3903,2282
2024-09-10,56.1,57.4152,57.4152,56.1,836
2024-09-11,55.32,56.9712,57.2199,55.0,1115
2024-09-12,57.01,57.6087,57.6087,56.96,1146
2024-09-13,57.29,58.99,59.249,57.29,1561
