2012-07-12,0.0032,0.0032,0.0032,0.0032,306
2013-01-17,1.0E-4,1.0E-4,1.0E-4,1.0E-4,26668
2024-06-27,25.08,25.0196,25.08,25.01,415170
2024-06-28,25.0657,24.9889,25.12,24.98,46196
2024-07-01,24.9974,25.04,25.04,24.9974,627207
2024-07-02,25.0,25.1144,25.1144,25.0,2152
2024-07-03,25.28,25.3023,25.3023,25.2541,15528
2024-07-05,25.4,25.4198,25.4198,25.4,807257
2024-07-08,25.4389,25.4201,25.4389,25.39,2357
2024-07-09,25.3387,25.3352,25.3387,25.3345,501
2024-07-10,25.3697,25.5364,25.5364,25.3697,1009
2024-07-11,25.62,25.54,25.62,25.54,4125
2024-07-12,25.62,25.729,25.77,25.62,2542
2024-07-15,25.5941,25.6,25.6,25.59,1723
2024-07-16,25.7,25.7992,26.42,25.7,3167
2024-07-17,25.53,25.49,25.59,25.49,6372
2024-07-18,25.4,25.254,25.42,25.18,6768
2024-07-19,25.25,25.1427,25.25,25.1427,582
2024-07-22,25.25,25.3892,25.3892,25.25,896
2024-07-23,25.36,25.3682,25.42,25.36,8006
2024-07-24,25.13,24.94,25.13,24.94,4207
2024-07-25,25.0,24.8452,25.07,24.8452,37552
2024-07-26,25.0601,25.1771,25.28,25.0601,36193
2024-07-29,25.2,25.1356,25.2,25.1356,8772
2024-07-30,25.26,25.2168,25.26,25.16,864
2024-07-31,25.46,25.5373,25.61,25.46,34088
2024-08-01,25.4,25.1024,25.4,25.02,5632
2024-08-02,24.81,24.8105,24.8105,24.77,4137
2024-08-05,24.16,24.3045,24.69,24.16,9052
2024-08-06,24.49,24.5342,24.7,24.49,40825
2024-08-07,24.7401,24.4078,24.86,24.4078,2691
2024-08-08,24.7,24.8484,24.87,24.7,1245
2024-08-09,24.83,24.9774,24.9774,24.83,2713
2024-08-12,24.9698,24.8879,25.02,24.8879,19456
2024-08-13,25.09,25.2762,25.2762,25.07,38443
2024-08-14,25.25,25.3286,25.34,25.24,7037
2024-08-15,25.49,25.6136,25.63,25.49,17945
2024-08-16,25.63,25.6934,25.6934,25.63,3466
2024-08-19,25.75,25.87,25.9,25.75,7635
2024-08-20,25.89,25.8653,25.89,25.81,6141
2024-08-21,25.8713,25.9662,26.34,25.86,10395
2024-08-22,26.05,25.8189,26.12,25.8189,3691
2024-08-23,26.12,26.1559,26.1559,25.9847,1746
2024-08-26,26.15,26.0861,26.15,26.0861,1907
2024-08-27,26.09,26.1788,26.57,26.09,5458
2024-08-28,26.15,26.0667,26.49,26.0,1412
2024-08-29,26.13,26.1103,26.3,26.1103,37699
2024-08-30,26.19,26.27,26.27,26.1,998
2024-09-03,25.97,25.7411,25.97,25.7411,1966
2024-09-04,25.65,25.7211,25.75,25.65,6451
2024-09-05,25.65,25.5883,25.73,25.55,12747
2024-09-06,25.59,25.2083,25.59,25.2083,20448
2024-09-09,25.39,25.44,25.84,25.35,26694
2024-09-10,25.39,25.43,25.45,25.24,15246
2024-09-11,25.37,25.73,25.73,25.225,13985
2024-09-12,25.7,25.91,25.91,25.64,29313
2024-09-13,26.03,26.0301,26.06,25.98,13103
