2024-08-22,25.25,25.11,25.25,25.1,236197
2024-08-23,25.15,25.16,25.2999,25.11,87827
2024-08-26,25.23,25.42,25.4499,25.185,39758
2024-08-27,25.42,25.34,25.42,25.3,17374
2024-08-28,25.35,25.32,25.35,25.19,27675
2024-08-29,25.3,25.3,25.35,25.3,12204
2024-08-30,25.33,25.25,25.33,25.21,9864
2024-09-03,25.35,25.24,25.35,25.22,15278
2024-09-04,25.299,25.28,25.3,25.25,16260
2024-09-05,25.28,25.23,25.34,25.23,29656
2024-09-06,25.28,25.2999,25.3,25.26,10233
2024-09-09,25.41,25.79,26.25,25.41,72915
2024-09-10,25.855,25.84,25.98,25.8,48959
2024-09-11,25.82,25.88,25.94,25.642,26374
2024-09-12,25.95,25.91,26.04,25.8,12569
2024-09-13,25.91,25.91,26.03,25.86,8530
2024-09-16,26.03,25.992,26.03,25.96,13222
2024-09-17,25.99,25.95,26.03,25.82,8491
2024-09-18,25.94,25.95,25.95,25.9005,2984
2024-09-19,25.97,26.0,26.05,25.97,16695
2024-09-20,26.0,26.0,26.05,26.0,6439
2024-09-23,26.05,26.0,26.05,25.9999,5920
2024-09-24,26.04,26.0,26.05,25.952,12809
2024-09-25,26.04,26.0001,26.05,26.0,9138
2024-09-26,26.05,26.05,26.05,26.03,7285
2024-09-27,26.04,26.05,26.05,26.0,4725
2024-09-30,26.0,25.94,26.048,25.94,22735
2024-10-01,25.94,25.98,26.049,25.94,7768
2024-10-02,26.05,25.889,26.05,25.86,11366
2024-10-03,25.89,25.74,25.97,25.725,25065
2024-10-04,25.84,25.85,25.9599,25.6,18314
2024-10-07,25.9,25.75,25.92,25.58,13452
2024-10-08,25.99,25.83,25.99,25.8,2342
2024-10-09,25.798,25.75,25.8301,25.63,6395
2024-10-10,25.76,25.69,25.76,25.6,7075
2024-10-11,25.78,25.77,25.865,25.6801,7904
2024-10-14,25.83,25.53,25.83,25.5,45818
2024-10-15,25.58,25.64,25.72,25.58,15790
2024-10-16,25.65,25.748,25.84,25.65,7716
2024-10-17,25.67,25.6999,25.75,25.65,5969
2024-10-18,25.75,25.8,25.9,25.75,8515
2024-10-21,25.8,25.8,25.85,25.8,4830
2024-10-22,25.83,25.74,25.85,25.73,7942
2024-10-23,25.68,25.61,25.7,25.61,8459
2024-10-24,25.775,25.65,25.775,25.65,2713
2024-10-25,25.83,25.75,25.83,25.75,4140
2024-10-28,25.8199,25.8,25.8199,25.65,9599
2024-10-29,25.79,25.675,25.8047,25.66,4194
2024-10-30,25.68,25.72,25.81,25.68,9020
2024-10-31,25.65,25.187569,25.75,25.5,14086
2024-11-01,25.29,25.26,25.318,25.15,19291
2024-11-04,25.4,25.31,25.51,25.16,38693
2024-11-05,25.39,25.35,25.44,25.35,8207
2024-11-06,25.45,25.5,25.655,25.32,38112
2024-11-07,25.44,25.39,25.4999,25.35,12922
2024-11-08,25.41,25.44,25.57,25.4,8845
2024-11-11,25.47,25.47,25.59,25.44,5046
2024-11-12,25.47,25.44,25.47,25.4,2996
2024-11-13,25.495,25.31,25.495,25.31,21678
2024-11-14,25.355,25.3,25.3685,25.26,5567
2024-11-15,25.26,25.33,25.36,25.1898,32568
2024-11-18,25.33,25.24,25.34,25.2,23433
2024-11-19,25.33,25.27,25.39,25.22,15270
2024-11-20,25.23,25.1452,25.3,25.08,50918
2024-11-21,25.15,25.1,25.3,25.01,52833
2024-11-22,25.1,25.18,25.24,25.05,19665
2024-11-25,25.25,25.24,25.25,25.1312,10912
2024-11-26,25.25,25.12,25.35,25.1,21012
2024-11-27,25.21,25.12,25.3499,25.07,38896
2024-11-29,25.15,25.18,25.295,25.12,9594
2024-12-02,25.22,25.23,25.3,25.05,82884
2024-12-03,25.19,25.235,25.2999,25.08,22817
2024-12-04,25.16,25.14,25.2,25.03,38832
2024-12-05,25.15,25.14,25.1899,25.14,23799
2024-12-06,25.19,25.2499,25.25,25.16,16700
2024-12-09,25.25,25.25,25.3342,25.25,55688
2024-12-10,25.25,25.29,25.3,25.1614,36882
2024-12-11,25.3,25.38,25.4,25.265,12704
2024-12-12,25.37,25.36,25.37,25.32,2746
2024-12-13,25.36,25.36,25.39,25.33,6138
2024-12-16,25.39,25.3,25.39,25.3,46814
2024-12-17,25.34,25.31,25.3799,25.3,5750
2024-12-18,25.33,25.35,25.38,25.29,25404
2024-12-19,25.32,25.31,25.32,25.2401,3980
2024-12-20,25.41,25.2,25.41,25.18,26940
2024-12-23,25.25,25.2,25.37,25.2,25346
2024-12-24,25.2833,25.34,25.37,25.2833,1811
2024-12-26,25.29,25.17,25.29,25.11,48645
2024-12-27,25.25,25.15,25.25,25.14,17441
2024-12-30,25.2,25.2414,25.331,25.1857,10474
2024-12-31,25.37,25.15,25.37,25.15,32695
2025-01-02,25.21,25.2,25.28,25.15,42267
2025-01-03,25.23,25.49,25.49,25.23,13072
2025-01-06,25.45,25.5,25.5001,25.4,12989
2025-01-07,25.46,25.425,25.5,25.31,14073
2025-01-08,25.49,25.36,25.49,25.3441,27453
2025-01-10,25.32,25.4201,25.49,25.32,7457
2025-01-13,25.4501,25.43,25.515,25.422,6905
2025-01-14,25.45,25.43,25.49,25.43,7016
2025-01-15,25.49,25.5,25.53,25.49,7087
2025-01-17,25.52,25.4805,25.6,25.465,7043
2025-01-21,25.5,25.48,25.5,25.47,3611
2025-01-22,25.5,25.6601,25.85,25.47,15298
2025-01-23,25.65,25.6,25.6625,25.36,10398
2025-01-24,25.5999,25.62,25.63,25.482,3326
2025-01-27,25.62,25.6,25.6799,25.55,2116
2025-01-28,25.61,25.52,25.6101,25.49,25408
2025-01-29,25.502,25.53,25.6,25.48,10138
2025-01-30,25.5,25.051875,25.63,25.5,6303
2025-01-31,25.1,25.135,25.15,25.1,21912
2025-02-03,25.12,25.17,25.17,25.12,17211
2025-02-04,25.1684,25.15,25.185,25.12,40828
2025-02-05,25.16,25.16,25.17,25.15,9792
2025-02-06,25.155,25.17,25.18,25.1201,19722
2025-02-07,25.17,25.1499,25.17,25.13,3500
2025-02-10,25.15,25.1623,25.17,25.15,7979
2025-02-11,25.15,25.15,25.17,25.14,18099
2025-02-12,25.17,25.15,25.17,25.1367,10465
2025-02-13,25.16,25.1495,25.17,25.08,46288
2025-02-14,25.16,25.15,25.16,25.13,9945
2025-02-18,25.17,25.16,25.22,25.15,17357
2025-02-19,25.152,25.18,25.218,25.11,6342
2025-02-20,25.22,25.15,25.22,25.1,91073
2025-02-21,25.22,25.21,25.2567,25.18,3942
2025-02-24,25.21,25.15,25.25,25.05,27979
2025-02-25,25.12,25.15,25.1894,25.08,11334
2025-02-26,25.1899,25.22,25.22,25.08,21595
2025-02-27,25.2,25.1964,25.2001,25.1964,2088
2025-02-28,25.1727,25.19,25.2,25.1512,3552
2025-03-03,25.16,25.22,25.22,25.05,18289
2025-03-04,25.22,25.13,25.22,24.96,66552
2025-03-05,25.21,25.2,25.22,25.1601,10491
2025-03-06,25.22,25.175,25.23,25.15,15495
2025-03-07,25.22,25.08,25.2399,25.07,55117
2025-03-10,25.11,25.02,25.1644,25.02,21735
2025-03-11,25.04,25.05,25.09,25.04,10913
2025-03-12,25.13,25.11,25.13,25.07,1420
2025-03-13,25.11,25.11,25.13,25.11,5644
2025-03-14,25.14,25.1,25.15,25.048,8765
