2011-05-23,555.75,554.5,562.5,550.25,2409
2011-05-24,555.75,542.25,562.25,541.5,2011
2011-05-25,538.75,565.0,574.0,538.75,3598
2011-05-26,564.0,567.75,571.0,548.75,2701
2011-05-27,572.5,570.5,581.25,564.0,3363
2011-05-31,580.5,584.0,584.25,570.75,16802
2011-06-01,578.25,558.0,580.75,555.0,6311
2011-06-02,558.25,555.5,564.225,549.015,5033
2011-06-03,548.25,540.5,551.25,540.0,5549
2011-06-06,539.75,523.75,547.5,520.75,4502
2011-06-07,527.75,517.25,529.25,516.75,3632
2011-06-08,516.0,499.75,516.0,498.5,5398
2011-06-09,501.0,516.75,524.5,497.55,4211
2011-06-10,511.0,493.5,513.75,491.25,3705
2011-06-13,497.25,492.75,500.75,486.0,2947
2011-06-14,501.75,510.25,512.5,499.35,3002
2011-06-15,501.75,500.5,506.25,498.0,2508
2011-06-16,499.5,499.25,506.0,490.5,2957
2011-06-17,504.5,495.0,507.0,493.75,3003
2011-06-20,492.125,499.0,500.0,491.25,2674
2011-06-21,502.0,529.0,529.5,500.0,3400
2011-06-22,528.0,518.25,542.5,517.25,3257
2011-06-23,507.0,511.0,516.4625,498.5,4753
2011-06-24,510.5,508.75,516.75,504.0,9681
2011-06-27,510.5,509.75,517.0,502.5,2584
2011-06-28,510.5,535.5,536.0,508.25,3165
2011-06-29,538.75,515.25,541.0,514.25,3304
2011-06-30,516.25,516.5,527.25,510.0,5366
2011-07-01,518.25,517.75,527.75,511.25,4817
2011-07-05,516.5,502.5,518.5,497.75,7278
2011-07-06,499.0,505.5,507.25,498.75,2333
2011-07-07,514.25,520.0,522.225,505.75,4320
2011-07-08,511.0,520.0,521.25,510.0,2664
2011-07-11,508.25,504.0,510.75,501.5,4605
2011-07-12,499.25,499.0,512.0,496.5,3377
2011-07-13,504.5,486.5,507.25,482.75,4802
2011-07-14,486.75,467.5,493.75,466.75,6608
2011-07-15,470.0,451.5,472.75,448.25,7319
2011-07-18,447.5,438.5,453.25,433.25,5060
2011-07-19,448.5,444.0,451.25,440.5,6104
2011-07-20,445.0,431.75,445.0,428.25,12755
2011-07-21,434.75,440.0,442.75,431.25,7139
2011-07-22,440.75,432.0,441.0,428.75,6014
2011-07-25,426.5,425.0,431.5,422.75,5000
2011-07-26,423.75,417.0,424.5,413.75,4321
2011-07-27,441.5,454.75,464.75,428.0,26666
2011-07-28,452.5,441.75,458.0,438.75,15853
2011-07-29,434.5,438.75,446.9375,432.0,9363
2011-08-01,445.5,431.25,448.5,425.0,4390
2011-08-02,428.75,406.25,428.75,405.5,7618
2011-08-03,406.75,407.5,407.75,386.75,6869
2011-08-04,399.5,390.25,406.75,390.0,9592
2011-08-05,398.0,388.0,399.75,371.0,7603
2011-08-08,375.75,329.25,379.25,329.025,9326
2011-08-09,342.5,377.5,379.5,330.75,9475
2011-08-10,359.75,345.5,363.25,344.25,6711
2011-08-11,348.5,363.0,371.0,347.5,4641
2011-08-12,368.5,358.0,372.75,356.25,5171
2011-08-15,365.0,367.5,370.5,359.5,8777
2011-08-16,360.25,360.0,365.0,350.7525,4351
2011-08-17,363.0,367.75,375.0,360.0,12901
2011-08-18,349.5,339.25,350.75,331.75,7050
2011-08-19,324.75,315.0,340.75,309.5,5439
2011-08-22,327.75,318.0,329.5,314.75,6761
2011-08-23,319.25,325.75,326.25,315.75,8721
2011-08-24,324.0,329.5,330.75,319.25,4967
2011-08-25,334.75,336.5,341.5,327.75,7340
2011-08-26,333.0,347.25,348.5,324.75,3756
2011-08-29,353.75,384.75,385.25,353.75,5571
2011-08-30,382.0,380.25,388.75,372.0,6470
2011-08-31,382.75,378.25,390.25,372.75,5800
2011-09-01,378.5,350.5,378.5,349.5,3561
2011-09-02,338.75,324.5,343.0,323.0,2604
2011-09-06,310.75,331.25,333.75,310.75,4206
2011-09-07,339.75,350.25,351.25,333.75,3679
2011-09-08,345.5,346.0,357.5,341.5,5704
2011-09-09,340.0,328.5,345.75,323.75,3542
2011-09-12,321.0,325.5,328.25,315.5,2019
2011-09-13,328.5,340.0,342.75,328.5,2610
2011-09-14,344.25,349.5,360.75,334.5,3516
2011-09-15,355.25,350.5,357.0,338.5,2590
2011-09-16,352.75,351.5,358.5,345.0,4294
2011-09-19,339.25,334.5,344.5,325.25,3001
2011-09-20,336.75,307.75,338.0,307.5,4224
2011-09-21,307.0,288.75,308.0,287.75,6376
2011-09-22,287.75,283.25,287.75,273.5,8803
2011-09-23,283.5,282.5,286.0,275.0,4436
2011-09-26,289.25,289.0,295.0,279.25,4503
2011-09-27,301.0,288.0,301.0,284.75,7145
2011-09-28,285.5,280.75,286.75,277.25,7555
2011-09-29,291.5,305.0,305.0,287.25,4867
2011-09-30,297.5,293.0,305.25,291.75,3302
2011-10-03,288.0,271.25,296.75,267.5,7943
2011-10-04,266.25,299.25,303.75,266.0,4825
2011-10-05,299.75,300.75,308.25,292.25,3783
2011-10-06,298.0,314.25,314.5,295.375,2316
2011-10-07,316.0,300.75,316.3125,299.75,3275
2011-10-10,308.0,306.0,317.0,292.75,3712
2011-10-11,300.75,310.5,315.25,300.75,3532
2011-10-12,313.25,317.75,325.5625,313.25,4069
2011-10-13,312.75,318.75,319.7475,309.0025,2469
2011-10-14,320.75,327.0,328.5,320.75,3208
2011-10-17,325.5,315.25,331.75,314.5,3934
2011-10-18,317.75,320.75,321.75,308.0,5162
2011-10-19,319.5,321.25,330.0625,317.025,5737
2011-10-20,323.75,321.0,324.52,313.0,2872
2011-10-21,324.25,331.0,334.0,318.0,3073
2011-10-24,332.7475,352.0,357.5,331.75,3691
2011-10-25,345.75,350.75,354.375,337.75,3926
2011-10-26,361.0,362.5,374.0,346.25,10041
2011-10-27,374.5,391.0,393.0,372.55,12456
2011-10-28,390.75,415.25,420.25,390.75,9084
2011-10-31,403.0,390.25,404.75,385.25,5290
2011-11-01,368.75,364.0,387.5,359.25,5182
2011-11-02,373.25,387.5,387.5,363.75,3241
2011-11-03,395.0,399.75,406.05,376.75,2725
2011-11-04,392.25,392.25,395.75,385.5,2712
2011-11-07,392.5,395.75,398.0,380.5,1357
2011-11-08,399.5,389.5,399.75,377.25,4007
2011-11-09,372.75,360.75,378.75,359.5,3582
2011-11-10,371.5,356.75,371.5,352.065,3574
2011-11-11,362.25,365.25,369.5,358.25,2895
2011-11-14,362.5,367.25,370.25,360.75,1917
2011-11-15,367.25,375.5,379.0,360.25,1662
2011-11-16,368.25,368.25,381.5,366.0,1665
2011-11-17,366.75,366.0,381.5,363.5,3672
2011-11-18,369.25,372.5,377.5,363.75,2325
2011-11-21,362.0,370.25,375.5,348.125,3267
2011-11-22,370.5,368.0,373.75,353.25,4447
2011-11-23,364.0,349.0,364.0,344.0475,9077
2011-11-25,346.75,340.5,351.75,340.25,1102
2011-11-28,360.25,366.25,377.5,359.25,3759
2011-11-29,366.25,359.25,366.25,351.75,2870
2011-11-30,381.5,383.5,390.75,378.75,6667
2011-12-01,380.75,389.0,395.75,376.75,2595
2011-12-02,396.5,394.0,400.5,386.25,2936
2011-12-05,400.75,381.75,405.0,378.25,4310
2011-12-06,382.0,382.75,387.75,381.25,1798
2011-12-07,381.25,387.5,390.75,373.25,2693
2011-12-08,381.0,371.5,384.7475,370.0,3294
2011-12-09,373.75,385.75,393.5,372.78,4182
2011-12-12,375.75,385.0,385.75,374.0,2940
2011-12-13,391.0,371.0,395.78,369.25,1902
2011-12-14,367.0,369.75,371.75,360.0,2801
2011-12-15,377.25,373.25,377.75,366.3025,3675
2011-12-16,376.75,372.5,387.25,372.0,3882
2011-12-19,377.75,368.0,384.5,365.25,3833
2011-12-20,378.0,397.25,399.0,378.0,3428
2011-12-21,395.25,395.75,398.5,386.75,1922
2011-12-22,398.75,396.25,402.25,392.775,1753
2011-12-23,397.5,392.0,399.0,390.0,1867
2011-12-27,389.25,392.5,393.75,385.0,1353
2011-12-28,390.75,379.75,391.25,379.0,1017
2011-12-29,382.75,390.5,396.0,382.0,1343
2011-12-30,390.5,386.5,391.0,385.5,1253
2012-01-03,398.75,397.25,402.25,392.25,2423
2012-01-04,394.0,394.75,397.75,391.25,1105
2012-01-05,391.5,388.75,393.25,379.25,2466
2012-01-06,389.25,390.75,393.75,386.5,3428
2012-01-09,394.0,391.0,394.0,390.0,1513
2012-01-10,398.5,399.75,404.5,395.0,1824
2012-01-11,396.75,412.5,416.75,396.75,2834
2012-01-12,412.25,410.5,413.25,402.25,1073
2012-01-13,408.75,411.75,416.875,407.0,2889
2012-01-17,417.5,427.5,428.5,415.75,2312
2012-01-18,427.0,438.5,440.75,425.75,2325
2012-01-19,443.0,453.5,458.25,440.0,3677
2012-01-20,454.5,455.25,462.5,450.0,5512
2012-01-23,454.25,449.0,455.0,446.0,1069
2012-01-24,446.75,455.25,455.25,446.0,1578
2012-01-25,453.25,462.5,464.5,451.25,765
2012-01-26,466.25,461.0,466.25,458.5,967
2012-01-27,460.5,456.25,462.5,455.0,1232
2012-01-30,451.5,445.5,453.225,445.0,1352
2012-01-31,450.5,435.5,452.5,432.0,1587
2012-02-01,440.0,443.5,452.25,438.0,2403
2012-02-02,443.75,441.5,449.25,439.25,1343
2012-02-03,447.75,465.25,466.25,447.75,2598
2012-02-06,463.5,470.5,473.5,460.0,1998
2012-02-07,469.75,468.75,470.5,467.5,1635
2012-02-08,471.5,478.75,481.25,469.0,1778
2012-02-09,482.25,476.5,484.25,475.25,1748
2012-02-10,470.0,462.0,475.5,461.0,783
2012-02-13,467.25,479.5,481.25,467.25,1380
2012-02-14,475.5,478.25,478.75,468.15,1381
2012-02-15,483.5,475.75,483.5,472.5,2423
2012-02-16,477.5,492.25,494.25,476.0,2039
2012-02-17,494.5,483.5,494.5,482.75,1976
2012-02-21,487.0,490.25,496.0,486.25,1762
2012-02-22,490.0,494.0,515.625,489.75,9036
2012-02-23,495.0,512.0,512.0,493.25,4563
2012-02-24,513.5,508.5,513.5,503.5,3082
2012-02-27,506.5,510.0,512.0,500.25,1801
2012-02-28,510.0,508.25,512.25,500.75,3699
2012-02-29,509.25,503.75,516.25,494.25,8978
2012-03-01,506.5,502.0,508.25,496.0,5354
2012-03-02,499.75,486.5,504.75,484.5,2328
2012-03-05,483.75,480.0,484.5,475.0,5020
2012-03-06,475.75,461.5,477.7475,461.25,3253
2012-03-07,464.0,465.0,467.5,460.5,2842
2012-03-08,470.75,466.75,471.25,460.25,3591
2012-03-09,470.0,484.25,486.0,470.0,5624
2012-03-12,485.5,476.75,486.25,474.0,1663
2012-03-13,483.75,488.5,491.0,476.75,4219
2012-03-14,489.0,479.5,491.0,478.0,1385
2012-03-15,480.0,477.75,480.0,473.0,1406
2012-03-16,475.75,472.25,483.0,469.5,4211
2012-03-19,470.25,474.75,479.25,470.0,1482
2012-03-20,468.25,462.75,470.0,462.5,961
2012-03-21,464.75,469.5,473.5,462.475,3445
2012-03-22,464.5,467.0,469.75,459.5,2706
2012-03-23,467.5,473.5,477.0,464.75,2301
2012-03-26,483.25,478.0,483.25,473.5075,1072
2012-03-27,478.25,465.0,478.75,464.5,1625
2012-03-28,466.0,449.0,470.25,447.5,8186
2012-03-29,444.0,466.75,468.75,441.75,3255
2012-03-30,471.75,454.5,471.75,451.5,1757
2012-04-02,452.5,455.75,458.0,449.25,2147
2012-04-03,453.75,450.5,455.2525,448.25,2903
2012-04-04,442.0,450.5,452.0,439.0,2464
2012-04-05,447.5,450.25,450.25,445.0,1242
2012-04-09,437.5,447.0,447.25,435.5,3144
2012-04-10,444.5,431.25,447.5,425.25,4794
2012-04-11,434.25,439.25,439.75,433.0,1234
2012-04-12,438.75,449.0,452.0,438.75,1180
2012-04-13,447.0,449.0,451.0,442.5,2002
2012-04-16,453.0,438.5,453.0,436.25,4615
2012-04-17,443.25,444.25,449.25,442.75,1708
2012-04-18,442.25,445.25,445.5,437.75,1704
2012-04-19,446.0,450.25,455.9975,443.75,2129
2012-04-20,455.75,456.25,464.0,449.75,2893
2012-04-23,445.25,449.5,454.5,442.5,3120
2012-04-24,451.75,458.0,458.5,451.0,1329
2012-04-25,464.0,457.5,464.0,454.125,1393
2012-04-26,457.5,463.5,465.25,456.5,1793
2012-04-27,469.75,514.0,515.75,466.75,15035
2012-04-30,514.0,516.5,528.335,509.0,3108
2012-05-01,515.75,519.5,537.25,513.0,2423
2012-05-02,515.5,509.75,517.5,506.25,1827
2012-05-03,511.0,529.0,541.75,508.75,5397
2012-05-04,523.5,520.0,532.5,516.25,4474
2012-05-07,520.0,525.0,527.75,515.0,2440
2012-05-08,520.25,528.5,530.0,516.25,2915
2012-05-09,522.5,530.0,538.4975,519.25,4684
2012-05-10,536.0,543.75,545.0,530.875,2969
2012-05-11,538.0,543.0,547.5,538.0,3104
2012-05-14,535.5,520.25,538.0,520.25,3998
2012-05-15,519.25,513.75,528.0,513.75,1102
2012-05-16,517.0,494.75,524.995,493.5,3376
2012-05-17,494.75,478.75,497.5,475.0,2279
2012-05-18,478.0,464.25,481.0,461.25,2946
2012-05-21,465.75,469.75,470.25,462.0,1796
2012-05-22,469.25,464.5,472.75,458.75,1769
2012-05-23,458.5,477.25,478.0,458.5,2229
2012-05-24,476.5,471.0,476.5,460.0,885
2012-05-25,472.0,470.5,479.25,466.02,986
2012-05-29,473.25,472.75,478.0,465.25,1476
2012-05-30,466.75,466.5,470.5,459.0,1590
2012-05-31,467.0,463.5,467.0,454.25,2507
2012-06-01,454.75,449.5,461.75,447.25,2068
2012-06-04,452.25,431.75,455.75,429.0,3014
2012-06-05,428.25,436.5,440.0,428.25,2800
2012-06-06,441.25,457.0,457.75,439.0,1581
2012-06-07,464.25,457.75,465.75,454.75,1044
2012-06-08,455.75,466.5,469.25,452.5,1189
2012-06-11,473.5,441.5,473.5,441.0,1416
2012-06-12,444.75,444.25,445.75,435.0,1469
2012-06-13,442.0,430.75,442.0,427.5,1540
2012-06-14,437.75,438.5,444.25,430.5,1130
2012-06-15,439.25,443.75,446.875,434.5,1868
2012-06-18,439.5,440.0,446.25,433.25,1909
2012-06-19,441.5,464.25,467.5,440.0,1695
2012-06-20,465.5,470.5,473.25,459.0,1066
2012-06-21,468.5,462.0,470.25,458.735,3529
2012-06-22,470.0,471.25,475.5,464.25,12296
2012-06-25,461.75,467.0,470.2275,457.5,1580
2012-06-26,469.25,468.75,472.95,464.5,1404
2012-06-27,469.5,475.75,477.5,469.5,988
2012-06-28,470.75,473.5,474.25,464.75,953
2012-06-29,484.75,497.0,498.45,478.25,1298
2012-07-02,498.5,510.0,510.0,483.0,1911
2012-07-03,508.5,535.5,538.0,506.25,1390
2012-07-05,536.5,530.5,549.75,525.25,1887
2012-07-06,523.0,521.25,531.5,510.0,1574
2012-07-09,520.25,516.5,520.25,507.5,1923
2012-07-10,521.75,489.75,525.75,489.75,1865
2012-07-11,492.75,484.25,492.75,476.25,4517
2012-07-12,478.5,497.5,498.5,474.0,1817
2012-07-13,498.75,512.5,519.5,498.75,1460
2012-07-16,509.5,504.5,511.25,502.25,409
2012-07-17,507.0,496.25,507.0,494.7525,881
2012-07-18,496.25,514.75,517.75,492.75,1626
2012-07-19,518.5,503.5,518.5,502.5,586
2012-07-20,499.0,493.75,499.0,487.75,1916
2012-07-23,485.25,482.0,485.75,477.0,1700
2012-07-24,487.5,516.25,521.25,476.5,3688
2012-07-25,520.25,512.75,524.75,506.5,3004
2012-07-26,523.25,510.5,526.75,506.0,3166
2012-07-27,511.5,522.0,527.0,506.25,3131
2012-07-30,520.25,522.5,527.0,503.25,1419
2012-07-31,522.5,517.0,522.5,512.25,1050
2012-08-01,519.25,503.5,520.75,501.75,1693
2012-08-02,498.25,505.0,511.75,498.25,872
2012-08-03,514.5,532.25,534.5,512.45,1544
2012-08-06,534.25,527.75,534.25,526.75,826
2012-08-07,533.25,525.0,533.25,522.5,1224
2012-08-08,522.5,509.25,522.5,506.5,1574
2012-08-09,514.5,502.0,514.5,501.75,1240
2012-08-10,501.75,499.0,501.75,491.25,2371
2012-08-13,496.25,496.75,497.5,488.0,1022
2012-08-14,501.25,494.0,501.5,490.0,605
2012-08-15,490.5,497.5,498.75,490.25,1062
2012-08-16,498.25,511.25,512.0,492.75,932
2012-08-17,509.75,518.75,522.25,502.5,1117
2012-08-20,518.0,519.75,523.75,514.8575,657
2012-08-21,522.25,504.75,524.25,504.5,976
2012-08-22,504.25,516.25,519.2475,503.0,1290
2012-08-23,516.25,515.25,516.5,507.0,977
2012-08-24,515.5,515.5,528.0,509.75,624
2012-08-27,516.5,513.5,518.5,510.0,406
2012-08-28,515.0,505.25,515.0,503.5,1025
2012-08-29,506.25,507.25,509.0,502.4975,783
2012-08-30,504.0,497.0,504.0,496.75,710
2012-08-31,501.75,496.75,501.75,495.25,1081
2012-09-04,495.5,502.75,509.5,484.75,1739
2012-09-05,506.25,492.25,506.25,491.0,2190
2012-09-06,497.75,501.0,504.75,497.25,2221
2012-09-07,505.5,509.5,511.25,503.5,886
2012-09-10,511.5,515.75,518.75,510.5,881
2012-09-11,514.5,533.5,535.75,514.5,1118
2012-09-12,534.75,527.5,534.75,519.2525,936
2012-09-13,528.5,542.0,547.25,523.0,2467
2012-09-14,546.0,532.5,549.5,531.5,1578
2012-09-17,531.0,528.0,534.25,518.75,1327
2012-09-18,528.25,525.5,539.0,523.25,2629
2012-09-19,529.75,527.75,534.0,524.0,1355
2012-09-20,526.0,523.0,528.5,516.25,1854
2012-09-21,525.0,523.75,527.25,520.0,1893
2012-09-24,523.0,526.0,534.0,512.625,1225
2012-09-25,529.5,516.5,534.1375,514.2525,1658
2012-09-26,518.25,509.25,518.25,507.0,501
2012-09-27,516.25,511.75,516.25,503.75,2510
2012-09-28,508.0,513.0,516.5,506.25,924
2012-10-01,515.0,526.0,528.0,513.75,2436
2012-10-02,530.5,536.75,537.0,527.5,2432
2012-10-03,537.25,546.0,549.7475,533.25,1796
2012-10-04,548.25,563.25,564.9975,545.0,2535
2012-10-05,565.0,557.5,569.25,557.5,1674
2012-10-08,556.0,551.75,562.0,551.5,638
2012-10-09,550.5,533.25,556.0,531.5,1096
2012-10-10,535.5,535.0,537.0,529.75,1407
2012-10-11,540.5,541.5,550.46,540.0,585
2012-10-12,545.25,535.25,547.375,533.0,997
2012-10-15,535.5,546.0,550.75,526.0,809
2012-10-16,547.0,546.25,550.0,538.25,1309
2012-10-17,546.25,545.75,549.7475,536.5,923
2012-10-18,544.75,538.0,547.5,537.75,635
2012-10-19,534.75,518.25,543.5,512.25,1644
2012-10-22,526.0,544.25,550.0,522.0,1860
2012-10-23,535.0,551.0,551.75,529.0025,1834
2012-10-24,550.75,562.5,567.5,549.0525,1459
2012-10-25,567.25,549.25,567.25,545.0,2327
2012-10-26,550.5,547.5,552.25,542.75,4421
2012-10-31,549.25,554.0,555.25,547.5,3894
2012-11-01,556.75,559.0,562.9,549.75,2732
2012-11-02,562.0,562.25,567.0,556.25,3133
2012-11-05,563.5,562.75,570.0,558.25,1672
2012-11-06,564.5,578.0,579.5,564.5,2713
2012-11-07,569.25,564.0,569.25,562.5,2099
2012-11-08,563.0,553.25,569.5,553.25,1676
2012-11-09,551.75,544.5,560.1675,542.3675,1287
2012-11-12,548.25,547.5,552.0,542.2525,1497
2012-11-13,547.75,543.25,547.75,538.7525,868
2012-11-14,543.5,525.0,545.9325,525.0,2024
2012-11-15,525.75,523.75,529.75,519.5,3309
2012-11-16,522.25,518.25,526.75,509.5025,2026
2012-11-19,525.0,540.0,543.25,525.0,1428
2012-11-20,540.25,548.25,550.75,540.0,1217
2012-11-21,548.75,549.0,550.0,542.89,337
2012-11-23,552.25,550.0,552.25,548.75,463
2012-11-26,549.5,573.0,575.5,547.5,3230
2012-11-27,574.0,582.25,588.75,572.0,3128
2012-11-28,547.25,517.5,548.5,513.25,26040
2012-11-29,502.75,497.5,508.5,486.5,135149
2012-11-30,499.0,500.0,501.75,492.75,18031
2012-12-03,505.25,499.5,505.25,494.5,8528
2012-12-04,499.0,498.5,500.75,494.0,5425
2012-12-05,501.0,491.25,501.5,489.75,7563
2012-12-06,491.25,491.25,494.75,489.25,5475
2012-12-07,493.5,488.75,493.5,481.25,6450
2012-12-10,487.5,481.25,487.5,473.25,10739
2012-12-11,475.0,483.75,486.75,472.5,16917
2012-12-12,484.5,489.75,496.0,482.5,10400
2012-12-13,489.5,491.25,496.0,485.87,5183
2012-12-14,488.25,493.0,495.25,488.25,5897
2012-12-17,492.75,496.0,497.0,492.5,11924
2012-12-18,497.0,503.5,504.25,493.75,9827
2012-12-19,504.75,532.5,533.75,502.0,41696
2012-12-20,532.0,538.5,539.25,528.55,5225
2012-12-21,530.0,537.25,539.5,526.0,10987
2012-12-24,535.75,529.5,538.7475,527.75,1915
2012-12-26,528.5,528.5,533.25,525.0,3113
2012-12-27,529.0,531.75,535.75,523.0,4128
2012-12-28,529.25,533.0,537.5,529.25,4425
2012-12-31,532.5,548.75,550.0,531.7425,4081
2013-01-02,561.5,562.5,571.25,558.25,8147
2013-01-03,562.0,556.25,564.75,554.5,4976
2013-01-04,559.5,556.25,561.0,555.25,2373
2013-01-07,558.75,552.0,559.75,547.0,4202
2013-01-08,575.0,577.75,577.75,560.75,12502
2013-01-09,577.75,583.75,585.0,573.7525,7146
2013-01-10,587.25,582.5,590.0,575.5,4680
2013-01-11,583.75,580.0,586.25,579.0,7655
2013-01-14,578.75,574.75,581.22,572.5,2324
2013-01-15,570.75,572.5,576.25,566.25,2749
2013-01-16,572.25,572.75,576.75,561.0,5567
2013-01-17,576.5,597.5,599.25,575.5,5087
2013-01-18,597.5,597.5,598.5,591.5,2574
2013-01-22,599.25,612.5,612.5,595.75,12816
2013-01-23,615.0,613.75,617.0,605.0,8938
2013-01-24,613.5,612.25,627.5,607.75,8024
2013-01-25,614.5,613.5,616.25,610.0,6037
2013-01-28,614.0,604.25,615.0,603.0,4357
2013-01-29,603.0,602.75,608.5,594.0,5296
2013-01-30,602.75,599.0,602.75,588.25,6840
2013-01-31,601.25,627.0,627.75,601.25,7939
2013-02-01,630.75,637.5,639.75,624.25,4281
2013-02-04,637.0,628.5,637.0,622.25,4584
2013-02-05,630.5,616.0,630.5,615.25,5294
2013-02-06,611.5,621.25,621.5,607.25,4264
2013-02-07,621.25,631.25,631.5,600.75,7238
2013-02-08,638.0,634.25,645.75,627.75,5086
2013-02-11,636.75,641.25,642.0,633.285,3448
2013-02-12,645.25,630.5,646.82,622.75,7941
2013-02-13,635.0,625.0,635.25,622.5,6888
2013-02-14,631.25,668.5,674.75,618.0075,22016
2013-02-15,670.0,668.75,676.75,667.25,6508
2013-02-19,671.5,673.5,677.5,669.0,7745
2013-02-20,675.0,665.5,677.0,662.75,5759
2013-02-21,662.5,653.0,662.5,651.5,6554
2013-02-22,657.5,665.25,665.25,655.75,4717
2013-02-25,670.25,666.5,687.5,666.5,12117
2013-02-26,668.0,662.5,668.0,645.25,8245
2013-02-27,661.75,677.25,682.5,657.875,9840
2013-02-28,678.75,690.0,705.0,675.47,7892
2013-03-01,684.75,693.0,696.25,684.25,3997
2013-03-04,693.25,698.0,700.0,684.5,4820
2013-03-05,703.5,702.5,703.75,697.75,3197
2013-03-06,706.5,703.75,706.75,696.25,2441
2013-03-07,705.75,711.0,716.75,700.0,4062
2013-03-08,720.75,717.25,720.75,712.75,2878
2013-03-11,722.5,733.5,738.4625,720.75,7441
2013-03-12,733.75,731.5,734.75,727.0,3394
2013-03-13,734.0,736.75,738.0,729.5,4488
2013-03-14,740.0,738.5,744.7475,733.5,2786
2013-03-15,740.25,739.0,745.0,734.5,6619
2013-03-18,732.25,743.5,749.725,731.55,2587
2013-03-19,750.25,740.0,750.75,718.0,5596
2013-03-20,744.0,736.75,745.2475,732.25,1720
2013-03-21,733.75,730.5,740.75,723.25,7342
2013-03-22,733.0,732.0,734.75,725.8125,2718
2013-03-25,737.0,724.25,748.25,715.0,3389
2013-03-26,727.5,727.5,732.2475,720.75,2037
2013-03-27,721.25,728.0,733.5,719.0,2991
2013-03-28,730.0,720.5,730.0,715.5,3060
2013-04-01,722.75,705.25,725.5,692.5,4102
2013-04-02,710.75,723.75,724.5,705.75,5957
2013-04-03,724.0,688.0,724.0,676.5,4116
2013-04-04,686.5,700.0,701.125,682.7525,3114
2013-04-05,690.75,690.25,697.25,687.25,3279
2013-04-08,693.0,699.75,705.475,688.5,2222
2013-04-09,702.5,715.5,723.25,700.0,7232
2013-04-10,717.25,734.75,736.25,711.5,8006
2013-04-11,744.0,744.75,754.5,736.5,9558
2013-04-12,744.25,742.5,757.0,734.75,5337
2013-04-15,736.25,718.75,742.5625,710.7,10016
2013-04-16,724.0,720.75,726.25,716.5,6517
2013-04-17,712.25,699.0,716.0,689.5,6046
2013-04-18,701.75,698.75,706.0,691.0,4702
2013-04-19,699.5,700.5,705.0,691.5,2625
2013-04-22,699.75,706.75,714.75,694.25,5734
2013-04-23,710.0,718.5,719.0,707.5,2316
2013-04-24,720.0,736.0,737.5,719.25,3387
2013-04-25,730.25,662.5,730.25,630.0025,45390
2013-04-26,642.25,658.5,668.1075,635.0,13234
2013-04-29,656.75,643.75,658.75,641.75,6035
2013-04-30,640.0,637.25,650.0,629.0,7368
2013-05-01,633.0,610.75,633.25,607.5,13585
2013-05-02,610.75,627.0,632.25,610.75,4442
2013-05-03,631.25,652.75,657.75,631.25,5334
2013-05-06,652.75,648.0,660.75,646.5,3486
2013-05-07,647.75,656.25,661.25,647.5,4716
2013-05-08,656.75,666.25,670.25,653.0,5187
2013-05-09,664.5,677.75,681.5,664.5,4635
2013-05-10,678.0,673.75,680.0,672.25,2835
2013-05-13,670.75,648.25,671.05,645.5,3686
2013-05-14,647.5,662.25,662.5,647.5,6629
2013-05-15,663.25,669.0,674.0,661.25,4621
2013-05-16,669.0,653.75,669.5925,650.0,2728
2013-05-17,650.75,660.0,661.25,650.75,5227
2013-05-20,659.5,668.5,674.5,659.0,3593
2013-05-21,670.0,669.75,677.5,666.25,7844
2013-05-22,668.75,651.75,675.0,646.525,5251
2013-05-23,638.25,641.5,648.5,626.75,3714
2013-05-24,637.25,638.5,644.5,633.75,1841
2013-05-28,648.0,644.0,655.0,640.6425,2935
2013-05-29,638.25,624.5,641.75,620.25,8112
2013-05-30,623.75,645.25,648.25,622.5,7216
2013-05-31,641.0,639.5,646.75,639.25,3535
2013-06-03,642.0,645.0,647.75,633.625,4467
2013-06-04,647.5,646.5,653.0,641.5,5974
2013-06-05,645.75,639.75,650.0,632.75,5144
2013-06-06,638.5,644.25,649.75,633.75,4636
2013-06-07,647.5,655.5,658.0,647.15,3008
2013-06-10,657.75,662.5,672.5,653.0,1903
2013-06-11,651.0,655.25,667.0,648.75,2051
2013-06-12,657.0,660.25,663.25,656.9625,3410
2013-06-13,658.5,667.25,672.0,657.0,3076
2013-06-14,668.0,660.25,671.25,659.0,1788
2013-06-17,668.75,665.0,670.0,661.125,2914
2013-06-18,667.5,669.75,674.0,663.0,4582
2013-06-19,667.5,657.75,670.25,656.5,3435
2013-06-20,648.0,629.5,649.25,626.0,3083
2013-06-21,628.0,611.5,628.0,606.25,7407
2013-06-24,602.75,608.0,613.75,584.5,5482
2013-06-25,613.25,611.5,613.25,601.2,3358
2013-06-26,615.0,607.0,616.75,602.25,3215
2013-06-27,603.75,595.5,606.0,590.5,15471
2013-06-28,593.75,589.25,600.5,585.25,14374
2013-07-01,590.25,592.25,594.25,586.8,5542
2013-07-02,590.0,585.0,593.25,580.025,4455
2013-07-03,580.25,584.25,586.75,579.6,2025
2013-07-05,591.5,586.0,591.5,580.0,1930
2013-07-08,584.0,551.0,585.75,540.425,18988
2013-07-09,552.0,561.25,569.5,549.75,10537
2013-07-10,572.5,576.25,582.5,570.0,12391
2013-07-11,577.5,586.0,588.75,575.0,10318
2013-07-12,587.5,592.5,595.25,581.0,4080
2013-07-15,597.5,579.0,606.0,575.0,11482
2013-07-16,580.25,572.25,580.5,572.25,6671
2013-07-17,574.25,577.75,580.5,574.0,9504
2013-07-18,579.75,592.25,596.0,577.25,6920
2013-07-19,591.0,591.25,595.0,588.25,5044
2013-07-22,593.25,594.5,601.0,589.525,5731
2013-07-23,596.5,581.5,596.5,579.5,3231
2013-07-24,584.5,572.5,584.5,571.5,5221
2013-07-25,570.75,559.0,573.0,556.25,10186
2013-07-26,555.0,541.75,557.15,534.0,8248
2013-07-29,539.25,531.5,543.75,522.875,8843
2013-07-30,531.75,532.0,539.25,527.25,7545
2013-07-31,525.5,524.75,549.75,524.0,20070
2013-08-01,526.5,531.5,535.25,523.0,13284
2013-08-02,528.25,532.0,535.5,526.5,12426
2013-08-05,530.75,528.25,537.25,527.5,6681
2013-08-06,527.75,516.25,529.25,513.5,2907
2013-08-07,516.0,512.25,521.0,511.0,5948
2013-08-08,513.5,511.75,518.0,504.0,8291
2013-08-09,512.0,502.5,514.0,501.0,5728
2013-08-12,501.5,516.25,517.42,500.0,5678
2013-08-13,515.75,529.0,530.125,512.75,8020
2013-08-14,527.5,528.25,532.5,526.0,7574
2013-08-15,523.5,524.75,526.25,516.2475,7287
2013-08-16,522.75,525.0,526.5,521.25,8510
2013-08-19,523.75,523.25,525.0,518.75,7719
2013-08-20,523.0,534.0,535.75,521.5,5050
2013-08-21,533.25,546.25,548.875,532.0,10438
2013-08-22,548.25,555.5,559.225,548.25,4664
2013-08-23,557.5,555.75,559.25,551.25,4382
2013-08-26,555.25,560.5,561.5,553.75,3913
2013-08-27,554.25,549.25,554.25,544.25,6269
2013-08-28,547.75,548.0,549.0,543.25,4433
2013-08-29,548.0,550.75,555.25,545.0,8751
2013-08-30,550.25,548.0,550.75,544.0,5151
2013-09-03,552.75,546.75,553.75,543.25,6809
2013-09-04,546.0,548.75,551.0,545.5,4807
2013-09-05,549.5,550.5,551.0,545.75,3804
2013-09-06,552.75,554.0,557.75,541.2875,5303
2013-09-09,554.0,571.5,573.25,551.5,7178
2013-09-10,571.5,572.75,574.75,567.5025,5190
2013-09-11,573.0,570.25,573.75,564.75,5657
2013-09-12,571.0,570.75,571.25,564.5,5233
2013-09-13,571.75,571.75,572.0,567.75,5832
2013-09-16,576.75,582.5,586.25,573.25,11936
2013-09-17,581.5,576.75,583.0,571.5,7971
2013-09-18,576.0,587.0,591.0,571.5,4911
2013-09-19,588.5,589.25,594.75,586.75,3043
2013-09-20,591.5,587.5,593.5,587.5,6446
2013-09-23,586.75,582.0,588.25,581.5025,2987
2013-09-24,581.25,581.75,587.5,581.0,5734
2013-09-25,582.75,573.75,587.0,572.75,8072
2013-09-26,573.25,579.25,580.0,570.25,3253
2013-09-27,575.0,579.0,581.25,573.5,2528
2013-09-30,575.0,581.75,581.75,572.43,3679
2013-10-01,581.0,584.5,586.75,577.0,3434
2013-10-02,581.75,582.25,587.0,578.0,3419
2013-10-03,578.25,578.75,581.75,577.1475,5363
2013-10-04,577.25,589.0,589.75,576.0775,4160
2013-10-07,584.0,581.75,584.5,578.75,1989
2013-10-08,581.5,578.75,584.0,576.25,6138
2013-10-09,579.25,581.25,588.25,579.25,5680
2013-10-10,588.5,594.5,600.0,588.5,2640
2013-10-11,591.5,607.0,608.5,588.505,2192
2013-10-14,602.25,611.5,614.5,602.25,1907
2013-10-15,610.75,602.25,612.99,600.5,1723
2013-10-16,606.25,611.75,612.5,606.0,1338
2013-10-17,609.25,614.5,616.0,608.5,1770
2013-10-18,619.0,620.5,624.0,616.725,2995
2013-10-21,619.75,617.75,624.25,615.75,1557
2013-10-22,621.5,612.75,621.5,612.25,2390
2013-10-23,611.0,608.5,616.5,606.7525,2990
2013-10-24,608.5,590.0,613.3125,589.0,4623
2013-10-25,589.75,590.25,593.5,584.25,3678
2013-10-28,587.75,585.75,588.75,580.0,3859
2013-10-29,575.0,586.25,586.25,575.0,10661
2013-10-30,567.75,549.5,567.75,530.0,18752
2013-10-31,547.75,547.25,550.0,540.25,11566
2013-11-01,546.0,552.0,556.5,542.5,9192
2013-11-04,553.25,553.75,554.5,546.25,3053
2013-11-05,552.0,549.25,553.5,542.75,5402
2013-11-06,551.25,550.0,551.75,539.75,4907
2013-11-07,551.0,552.75,554.25,550.0,3685
2013-11-08,552.5,566.75,566.75,552.5,3430
2013-11-11,567.25,574.5,577.25,565.0,1520
2013-11-12,572.0,580.75,582.25,572.0,3782
2013-11-13,576.25,582.5,584.4975,576.225,4299
2013-11-14,580.75,582.25,583.0,578.0,1741
2013-11-15,581.25,582.0,583.5,578.75,2675
2013-11-18,581.25,582.0,589.25,580.0,2122
2013-11-19,581.0,574.25,583.75,570.5,3061
2013-11-20,576.5,550.0,580.0,542.5075,7842
2013-11-21,550.75,573.25,574.25,550.75,6528
2013-11-22,573.25,567.25,573.25,563.0,4150
2013-11-25,569.0,570.5,570.5,565.0,3244
2013-11-26,569.75,570.0,572.25,568.5,3658
2013-11-27,570.0,572.0,576.25,566.625,4318
2013-11-29,573.25,575.0,576.25,571.0,1195
2013-12-02,575.25,567.0,579.275,563.75,3646
2013-12-03,564.5,565.0,572.25,553.75,2339
2013-12-04,564.5,564.75,570.25,562.5,2047
2013-12-05,563.0,564.5,565.5,562.25,1685
2013-12-06,566.25,560.25,568.5,556.25,4651
2013-12-09,560.0,559.5,565.0,557.125,4345
2013-12-10,560.25,557.75,565.0,553.5,5296
2013-12-11,561.25,545.75,562.25,543.75,4151
2013-12-12,545.5,537.5,546.25,536.25,3014
2013-12-13,537.25,538.25,545.75,536.75,4280
2013-12-16,542.5,537.25,543.75,537.25,4492
2013-12-17,536.5,556.5,557.5,534.5,5312
2013-12-18,557.0,562.75,570.0,555.75,4037
2013-12-19,561.75,553.75,562.75,553.2775,2279
2013-12-20,556.0,565.0,567.5,554.5,5276
2013-12-23,566.5,579.25,584.125,566.5,5280
2013-12-24,579.25,575.5,584.75,573.25,2452
2013-12-26,578.75,579.0,581.25,573.5,3457
2013-12-27,581.25,580.75,582.0,576.0,1693
2013-12-30,581.0,583.75,584.25,580.0,1899
2013-12-31,583.75,589.25,592.0,583.75,4599
2014-01-02,589.25,580.25,589.75,574.25,4281
2014-01-03,580.0,576.0,583.0,575.5,1921
2014-01-06,580.0,567.25,580.0,564.5,1752
2014-01-07,570.25,566.5,571.9975,559.75,2916
2014-01-08,569.5,569.0,570.0,560.75,7579
2014-01-09,570.5,557.0,570.5,553.75,6607
2014-01-10,558.25,554.75,561.25,550.0,3084
2014-01-13,551.0,548.0,555.5,544.25,2553
2014-01-14,550.5,549.5,555.0,547.5,3289
2014-01-15,551.25,543.5,551.25,541.25,3315
2014-01-16,543.5,544.25,545.0,534.5,1962
2014-01-17,542.25,539.75,546.0,535.0,2872
2014-01-21,543.0,539.25,543.0,534.5,3963
2014-01-22,541.0,538.0,541.475,535.25,3232
2014-01-23,536.5,542.5,543.5,536.25,2369
2014-01-24,538.0,537.5,543.75,534.2,3313
2014-01-27,536.5,530.75,537.75,528.75,3672
2014-01-28,529.5,529.5,531.25,524.775,2582
2014-01-29,526.0,515.0,530.25,508.75,2800
2014-01-30,518.75,522.75,531.75,516.25,3575
2014-01-31,516.75,517.25,520.0,516.0,2829
2014-02-03,517.5,497.25,517.5,492.75,7013
2014-02-04,500.25,497.25,501.0,493.7525,7319
2014-02-05,494.25,488.75,502.0,486.125,3360
2014-02-06,489.5,494.75,496.75,488.75,1877
2014-02-07,497.0,490.5,499.75,489.75,3264
2014-02-10,487.75,492.25,500.0,483.0,6407
2014-02-11,501.25,564.5,569.0,500.25,25376
2014-02-12,562.25,536.5,566.5,533.75,6909
2014-02-13,533.25,547.0,547.0,532.75,6475
2014-02-14,547.25,546.75,551.5,541.5,10300
2014-02-18,549.25,547.0,550.5,541.775,4480
2014-02-19,544.75,546.25,550.75,543.0,3815
2014-02-20,546.25,546.25,548.75,544.0,3982
2014-02-21,545.75,549.25,550.25,544.5,5070
2014-02-24,549.75,571.75,573.0,549.75,4285
2014-02-25,573.75,568.0,574.25,564.5,4269
2014-02-26,570.25,571.75,573.25,569.0,3450
2014-02-27,573.25,598.75,599.25,573.25,5368
2014-02-28,600.0,608.5,614.0,598.5,6259
2014-03-03,603.75,605.25,607.9,592.5,4266
2014-03-04,611.0,623.0,628.7475,611.0,5967
2014-03-05,621.75,604.25,622.0,600.0,4708
2014-03-06,603.75,611.75,612.25,600.25,2518
2014-03-07,616.0,622.5,622.5,604.0,8993
2014-03-10,625.25,630.5,630.5,613.5,6671
2014-03-11,630.7,608.75,632.475,607.5,3537
2014-03-12,603.5,601.5,605.75,595.25,3501
2014-03-13,601.75,589.5,603.95,581.75,3176
2014-03-14,587.25,591.0,595.75,586.25,1780
2014-03-17,594.25,592.5,600.0,591.75,1636
2014-03-18,592.0,604.25,604.5,592.0,1583
2014-03-19,602.5,599.5,604.2525,596.75,1218
2014-03-20,597.25,593.75,600.5,587.0,3185
2014-03-21,593.75,609.25,612.25,592.75,3819
2014-03-24,610.5,598.5,611.25,593.5,1911
2014-03-25,602.5,594.75,604.75,590.9975,3402
2014-03-26,598.75,579.25,598.75,578.5,2127
2014-03-27,579.25,597.25,597.5,579.25,2981
2014-03-28,596.75,598.5,607.25,592.25,2996
2014-03-31,599.5,616.75,618.25,597.0,4095
2014-04-01,617.25,618.0,620.9975,614.25,2047
2014-04-02,617.5,624.25,624.75,617.0,2119
2014-04-03,623.0,618.25,625.75,613.5,1973
2014-04-04,620.25,608.0,620.25,602.75,3081
2014-04-07,605.5,585.25,606.75,584.25,6285
2014-04-08,584.0,577.25,593.5,576.25,6998
2014-04-09,581.0,591.5,593.75,566.95,2963
2014-04-10,591.0,584.75,595.25,579.5,2557
2014-04-11,578.5,595.5,600.0,578.5,2578
2014-04-14,600.0,593.0,600.0,585.5,3372
2014-04-15,593.0,584.75,593.0,575.5,3177
2014-04-16,588.75,577.0,588.75,574.5,3380
2014-04-17,575.0,585.0,588.75,575.0,4539
2014-04-21,583.5,577.5,584.55,571.5,4408
2014-04-22,576.5,588.5,594.0,574.75,3490
2014-04-23,588.5,588.0,589.75,584.95,5655
2014-04-24,589.75,583.5,591.5,580.75,2318
2014-04-25,579.75,560.25,579.75,558.0,2828
2014-04-28,564.5,568.75,574.5,552.0,5359
2014-04-29,571.75,567.0,572.0,562.0,3740
2014-04-30,559.25,543.75,559.25,531.25,11765
2014-05-01,539.75,548.75,549.0,533.25,6730
2014-05-02,548.5,553.75,564.5,548.5,3550
2014-05-05,550.0,545.5,552.25,542.25,3954
2014-05-06,544.0,544.25,550.75,537.75,3733
2014-05-07,543.5,548.25,550.0,534.25,4958
2014-05-08,549.0,550.0,560.25,547.75,4149
2014-05-09,548.0,560.0,560.75,548.0,2221
2014-05-12,561.75,572.25,578.26,560.75,4109
2014-05-13,572.25,568.25,578.0,564.75,3959
2014-05-14,568.75,559.0,570.5,557.5,3209
2014-05-15,555.5,549.0,556.25,542.75,2996
2014-05-16,547.25,552.75,553.0,545.0,2395
2014-05-19,549.5,554.25,556.25,546.25,3458
2014-05-20,552.75,543.25,552.75,539.75,4205
2014-05-21,544.25,544.75,549.0,540.5,4304
2014-05-22,547.0,549.5,552.75,542.045,2767
2014-05-23,549.75,558.0,558.0,549.375,1860
2014-05-27,558.0,556.5,558.5075,555.25,3736
2014-05-28,554.5,554.75,557.4575,552.25,1732
2014-05-29,557.0,557.25,558.0,553.0,2146
2014-05-30,557.5,555.75,557.5,554.0,2840
2014-06-02,556.5,559.25,564.25,555.825,4213
2014-06-03,557.75,553.25,561.25,551.75,4054
2014-06-04,552.25,554.75,556.75,547.5,4146
2014-06-05,557.0,566.75,570.75,549.75,3269
2014-06-06,569.0,569.75,577.75,569.0,2894
2014-06-09,567.25,576.0,580.0,567.25,2918
2014-06-10,573.0,569.75,574.75,568.75,1657
2014-06-11,565.5,556.75,567.75,554.25,2184
2014-06-12,553.75,552.25,553.75,546.25,2819
2014-06-13,554.0,549.0,554.0,547.75,1674
2014-06-16,547.5,537.5,548.9975,536.5,4109
2014-06-17,536.5,535.75,542.0,533.25,4719
2014-06-18,537.75,545.5,547.0,535.5,4516
2014-06-19,547.0,541.5,547.75,541.0,4119
2014-06-20,540.75,537.75,543.5,537.0,5372
2014-06-23,540.0,533.0,541.0,532.0,6799
2014-06-24,534.0,533.75,546.5,532.75,3381
2014-06-25,532.25,534.75,537.25,531.75,3527
2014-06-26,536.0,537.0,539.75,531.5,1951
2014-06-27,533.25,542.75,544.0,533.0,7064
2014-06-30,540.25,550.25,553.2525,537.5,5153
2014-07-01,553.0,558.5,566.25,552.5,3854
2014-07-02,557.25,555.5,563.5,555.25,1359
2014-07-03,556.5,557.5,562.0,556.0,1016
2014-07-07,554.5,546.25,554.5,543.5,3635
2014-07-08,544.0,544.5,546.5,536.25,3194
2014-07-09,546.25,543.75,547.75,541.5,1994
2014-07-10,540.75,531.75,540.75,525.0,5752
2014-07-11,529.5,531.25,534.0,527.0,3278
2014-07-14,535.25,534.0,540.75,532.5,1871
2014-07-15,535.25,535.75,539.0,530.0,1968
2014-07-16,539.25,538.25,541.75,534.0,2185
2014-07-17,535.0,532.25,539.0,530.5,3058
2014-07-18,531.5,534.0,536.25,528.0,2754
2014-07-21,533.0,536.5,538.0,533.0,3479
2014-07-22,538.0,545.25,547.25,537.5,2470
2014-07-23,545.0,546.5,548.0,541.0,1904
2014-07-24,546.0,536.5,546.0,535.25,5171
2014-07-25,531.75,523.25,535.25,518.5,6309
2014-07-28,523.25,517.0,524.8825,515.0,4106
2014-07-29,518.0,513.75,519.25,513.25,3977
2014-07-30,502.5,486.0,502.5,483.5,9671
2014-07-31,481.25,477.25,481.25,466.75,8323
2014-08-01,477.75,478.5,478.75,472.5,5384
2014-08-04,481.25,474.5,481.25,469.625,4219
2014-08-05,472.5,470.25,478.75,465.25,4389
2014-08-06,469.5,474.25,476.5,468.0,3644
2014-08-07,475.0,463.25,475.875,459.25,5962
2014-08-08,462.5,479.25,479.75,462.5,4649
2014-08-11,480.5,486.0,490.5,479.25,4208
2014-08-12,487.5,486.5,489.7475,484.0,3786
2014-08-13,487.5,489.0,492.0,486.5,3489
2014-08-14,489.5,489.0,494.875,488.25,4184
2014-08-15,492.5,482.0,492.5,470.5,10326
2014-08-18,486.0,490.5,492.0,483.75,2421
2014-08-19,490.25,494.75,496.25,489.75,3525
2014-08-20,490.5,486.5,491.25,480.25,3312
2014-08-21,487.5,491.0,495.0,478.75,2680
2014-08-22,490.25,489.5,490.5,486.75,2851
2014-08-25,492.0,492.75,494.5,489.55,1821
2014-08-26,493.5,491.25,494.0,489.5,2745
2014-08-27,491.25,487.25,494.5,483.625,3648
2014-08-28,485.25,487.0,488.5,483.25,3657
2014-08-29,486.75,484.75,486.75,478.75,5600
2014-09-02,486.0,493.0,494.0,486.0,3024
2014-09-03,494.0,487.5,495.0,485.75,3151
2014-09-04,487.5,485.5,492.25,483.75,2034
2014-09-05,483.75,483.5,487.0,482.5,4457
2014-09-08,483.0,485.25,488.75,482.75,2548
2014-09-09,485.0,483.0,487.75,476.75,4921
2014-09-10,481.5,481.5,485.5,477.25,4692
2014-09-11,480.25,487.75,489.0,478.425,2874
2014-09-12,486.5,482.0,488.4975,477.75,5181
2014-09-15,485.0,490.0,490.5,482.75,8176
2014-09-16,489.25,498.0,500.5,486.75,7799
2014-09-17,499.75,508.75,513.25,498.75,7351
2014-09-18,509.25,530.0,531.75,508.75,10784
2014-09-19,530.0,514.5,531.0,513.0,9169
2014-09-22,514.0,507.75,514.75,504.715,4244
2014-09-23,508.25,495.75,508.75,495.75,3926
2014-09-24,495.5,492.25,503.2475,489.75,3109
2014-09-25,490.75,487.5,492.5,482.25,2821
2014-09-26,487.75,487.75,488.75,485.75,3398
2014-09-29,482.25,484.0,487.0,478.0,3421
2014-09-30,484.25,483.75,491.25,481.75,5767
2014-10-01,481.0,471.75,482.75,469.0,5828
2014-10-02,471.5,484.25,484.75,471.5,3098
2014-10-03,489.0,482.75,492.25,482.25,1509
2014-10-06,483.75,475.25,484.25,474.625,5011
2014-10-07,473.0,472.75,479.0,471.875,1951
2014-10-08,470.5,482.0,483.0,470.5,5597
2014-10-09,481.75,472.5,481.75,470.75,4468
2014-10-10,470.0,477.5,483.75,467.0,5478
2014-10-13,479.25,480.5,485.25,478.5,3940
2014-10-14,484.25,498.25,502.5,484.25,5466
2014-10-15,490.25,497.75,500.25,483.5,5285
2014-10-16,487.5,484.25,498.75,484.0,7485
2014-10-17,490.75,482.75,491.25,481.25,3688
2014-10-20,479.75,480.75,484.75,475.7525,3661
2014-10-21,481.75,499.5,500.75,481.75,4205
2014-10-22,501.25,491.75,502.75,491.0,2459
2014-10-23,496.0,501.75,504.5,491.7,2450
2014-10-24,500.25,494.75,502.75,491.25,5047
2014-10-27,491.5,496.25,497.5,487.5,1625
2014-10-28,496.75,503.75,506.75,496.75,7092
2014-10-29,510.0,521.75,523.675,509.25,12525
2014-10-30,520.5,519.5,524.5,518.25,7340
2014-10-31,525.0,526.25,529.25,520.5,8502
2014-11-03,525.5,543.25,545.0,525.5,7616
2014-11-04,544.5,547.75,552.25,539.0025,7974
2014-11-05,553.0,559.5,561.25,549.5,3944
2014-11-06,562.0,569.0,574.25,560.375,6932
2014-11-07,569.0,568.75,573.25,563.25,4095
2014-11-10,568.75,567.25,570.75,564.0,2715
2014-11-11,568.0,566.0,568.0,565.0,2204
2014-11-12,564.25,567.5,568.0,555.35,2094
2014-11-13,567.0,567.75,572.5,566.75,206
2014-11-14,560.0,556.25,561.25,554.0975,1359
2014-11-17,559.5,551.0,559.5,550.0,1291
2014-11-18,553.0,550.75,559.0,550.0,1460
2014-11-19,549.75,537.5,549.75,533.25,3536
2014-11-20,534.25,544.25,545.0,532.75,2985
2014-11-21,550.0,542.0,550.0,540.25,2431
2014-11-24,543.25,548.5,548.75,543.0,1533
2014-11-25,553.5,548.75,557.0,547.75,1102
2014-11-26,547.0,549.75,552.0,544.5,1816
2014-11-28,550.0,532.75,550.0,531.5,1673
2014-12-01,531.0,522.5,533.0,520.5,3064
2014-12-02,524.75,529.5,534.375,522.5,2229
2014-12-03,531.25,544.5,547.5,531.25,2253
2014-12-04,541.5,545.75,549.25,537.0,2693
2014-12-05,545.5,554.0,557.5,545.5,2370
2014-12-08,551.25,537.25,556.5,535.25,3980
2014-12-09,530.0,558.5,558.75,530.0,2386
2014-12-10,553.5,547.5,559.0,545.75,2886
2014-12-11,547.5,552.0,559.75,547.5,2808
2014-12-12,545.25,541.0,550.75,540.5,2493
2014-12-15,546.5,529.5,548.0,529.0,5203
2014-12-16,525.5,523.5,531.75,523.0,4365
2014-12-17,523.25,533.75,542.9125,521.625,6578
2014-12-18,542.5,545.75,549.25,534.75,3551
2014-12-19,546.25,564.25,567.75,546.25,4233
2014-12-22,563.5,570.75,573.25,562.25,2185
2014-12-23,574.25,569.75,578.0,564.0,2123
2014-12-24,568.75,571.0,576.75,566.75,427
2014-12-26,573.5,581.75,582.75,571.75,1850
2014-12-29,580.25,586.5,590.25,580.25,1955
2014-12-30,586.5,585.0,588.25,580.75,1151
2014-12-31,586.0,580.0,589.5,579.75,1228
2015-01-02,583.75,566.5,587.25,560.5,2238
2015-01-05,561.0,554.5,561.75,547.75,1360
2015-01-06,543.5,542.75,547.0,525.0,5963
2015-01-07,545.5,544.25,545.5,532.5,2500
2015-01-08,550.75,545.0,552.75,537.0,3250
2015-01-09,545.25,527.25,545.75,522.25,4032
2015-01-12,526.75,525.25,528.5,518.25,3836
2015-01-13,530.75,536.25,540.25,521.875,3965
2015-01-14,527.0,531.5,535.25,521.75,1767
2015-01-15,535.25,528.25,535.25,521.25,3137
2015-01-16,525.25,542.0,543.5,525.25,2348
2015-01-20,544.0,540.75,547.0,533.75,2729
2015-01-21,538.75,550.0,552.5,538.75,3924
2015-01-22,554.75,564.0,566.5,554.75,4281
2015-01-23,564.75,553.5,564.75,549.5,1172
2015-01-26,551.25,555.0,559.5,547.5,1873
2015-01-27,549.25,554.75,556.5,546.0,2564
2015-01-28,555.5,536.0,561.25,533.0,2690
2015-01-29,535.75,537.5,540.0,530.25,3816
2015-01-30,534.75,524.25,536.25,520.5,4036
2015-02-02,525.0,521.5,526.125,516.75,19999
2015-02-03,523.75,535.5,541.5,521.5,4577
2015-02-04,527.75,533.25,538.25,512.5,4803
2015-02-05,536.5,541.75,544.25,535.5,2164
2015-02-06,543.5,550.75,552.75,542.5,2414
2015-02-09,547.25,556.0,558.75,546.25,2957
2015-02-10,562.0,553.5,562.0,553.25,5848
2015-02-11,506.25,625.25,626.0,506.25,10665
2015-02-12,625.0,633.25,642.5,622.75,7634
2015-02-13,631.25,618.0,631.75,611.5,5327
2015-02-17,623.25,611.5,626.5,608.25,6897
2015-02-18,612.5,592.25,612.5,590.25,23152
2015-02-19,592.5,593.25,599.5,591.0,5485
2015-02-20,594.25,594.75,597.25,586.75,5069
2015-02-23,596.0,597.0,600.125,589.25,3452
2015-02-24,596.5,610.75,611.025,596.5,4440
2015-02-25,610.75,611.0,618.5,608.0,3628
2015-02-26,612.5,613.5,620.25,609.25,2756
2015-02-27,614.25,607.0,614.25,601.25,2949
2015-03-02,606.5,620.25,625.0,603.0,12105
2015-03-03,616.75,624.25,634.0,616.75,8964
2015-03-04,620.75,615.75,622.0,612.25,3154
2015-03-05,614.75,602.0,614.75,601.0,1555
2015-03-06,598.75,599.75,606.0,596.25,3366
2015-03-09,603.0,598.25,604.25,593.5,3199
2015-03-10,593.0,584.25,593.75,583.25,1823
2015-03-11,589.5,587.75,592.0,578.5,3845
2015-03-12,592.25,595.5,599.975,587.75,2198
2015-03-13,595.5,594.25,599.25,590.25,6767
2015-03-16,595.0,584.5,598.75,581.25,2695
2015-03-17,582.25,595.75,602.25,577.5,8191
2015-03-18,594.25,594.5,596.5,583.5,6146
2015-03-19,593.0,592.5,598.75,591.25,5240
2015-03-20,598.25,611.75,613.75,598.25,4519
2015-03-23,609.25,620.0,621.5,609.25,5026
2015-03-24,619.75,630.5,634.0,619.25,2485
2015-03-25,634.5,616.25,635.75,614.5,3419
2015-03-26,617.5,616.75,622.25,615.75,2375
2015-03-27,615.0,613.0,615.0,606.5,2983
2015-03-30,614.75,606.75,622.25,605.75,2292
2015-03-31,603.25,614.25,615.25,603.25,2089
2015-04-01,608.5,621.5,621.75,604.75,3798
2015-04-02,622.75,617.75,633.375,617.0,4019
2015-04-06,617.25,617.5,619.75,610.75,2275
2015-04-07,617.75,625.5,630.25,610.0,2345
2015-04-08,629.75,628.75,629.75,621.5,2012
2015-04-09,629.75,626.75,638.5,622.75,1476
2015-04-10,631.75,630.5,637.1575,629.0,1557
2015-04-13,632.25,628.0,632.25,625.5,1806
2015-04-14,629.75,625.0,630.5,621.25,2059
2015-04-15,629.5,632.75,638.0,627.75,3168
2015-04-16,629.5,625.75,632.0,624.5,1989
2015-04-17,621.75,611.0,623.0,607.5,2698
2015-04-20,611.5,618.75,623.25,609.75,2421
2015-04-21,618.15,619.0,622.75,612.75,1253
2015-04-22,616.5,613.5,622.25,604.8,1533
2015-04-23,609.75,621.25,623.0,609.75,1766
2015-04-24,619.25,622.0,623.5,618.25,1568
2015-04-27,624.0,613.25,630.5,612.0,1635
2015-04-28,614.75,625.25,626.75,612.75,1490
2015-04-29,622.5,607.75,626.75,606.5,3513
2015-04-30,603.0,595.5,604.25,583.0,3757
2015-05-01,576.0,565.0,587.75,527.5,8113
2015-05-04,564.75,561.25,566.25,556.0,2018
2015-05-05,557.75,560.25,565.0,550.25,3473
2015-05-06,560.5,561.5,562.75,550.5,2386
2015-05-07,558.5,564.25,567.25,558.0625,2799
2015-05-08,571.75,568.75,574.25,564.0,2085
2015-05-11,567.5,559.0,570.5,556.75,2215
2015-05-12,558.25,553.5,559.0,545.0,1911
2015-05-13,555.75,552.5,555.75,547.25,991
2015-05-14,554.75,561.0,561.75,551.0,1206
2015-05-15,560.25,563.75,566.5,553.75,1982
2015-05-18,561.5,567.5,570.5,557.0,2354
2015-05-19,567.0,563.75,567.0,561.0,1510
2015-05-20,566.5,561.75,566.5,557.3825,983
2015-05-21,561.75,555.0,565.25,554.75,1342
2015-05-22,554.75,555.75,559.375,551.75,2074
2015-05-26,552.5,540.5,553.5,538.0,1996
2015-05-27,544.5,549.0,549.75,536.5,879
2015-05-28,540.5,546.25,547.25,539.75,822
2015-05-29,546.0,540.5,546.5,534.75,1732
2015-06-01,542.25,545.75,552.25,534.75,2724
2015-06-02,546.25,543.0,557.25,541.25,1257
2015-06-03,545.75,553.0,553.25,538.25,1139
2015-06-04,552.25,538.5,554.25,537.75,1143
2015-06-05,540.5,547.25,549.25,538.5,1127
2015-06-08,548.25,541.75,548.25,541.25,1100
2015-06-09,541.0,538.0,544.5,537.0025,923
2015-06-10,543.25,540.75,550.5,539.5,1351
2015-06-11,538.75,540.25,548.25,535.0,1300
2015-06-12,540.25,539.0,542.0,536.25,1195
2015-06-15,537.75,540.75,544.25,533.75,1595
2015-06-16,538.5,543.75,545.75,535.25,1996
2015-06-17,547.0,537.0,549.75,536.25,1723
2015-06-18,541.5,545.25,547.0,539.75,3849
2015-06-19,548.0,550.5,556.25,545.0,3403
2015-06-22,554.5,549.25,555.025,548.25,1156
2015-06-23,547.25,556.25,556.25,547.25,1131
2015-06-24,557.5,553.75,558.5,548.75,1134
2015-06-25,557.5,549.5,557.5,544.0,996
2015-06-26,552.75,546.5,555.25,543.5,3066
2015-06-29,543.0,527.0,545.5,525.25,1848
2015-06-30,530.25,514.75,534.0,510.0,2483
2015-07-01,521.75,489.25,521.75,488.25,4682
2015-07-02,490.5,483.75,494.0,481.5,3859
2015-07-06,478.75,468.5,483.5,467.25,5551
2015-07-07,467.5,462.25,468.5,440.0,8744
2015-07-08,456.5,445.75,463.25,432.5,7488
2015-07-09,450.0,450.0,458.0,446.0,4531
2015-07-10,453.5,456.25,466.25,450.75,3558
2015-07-13,457.5,472.75,474.75,456.25,3274
2015-07-14,471.0,472.75,476.25,469.5,1894
2015-07-15,472.25,477.75,478.25,459.0,4014
2015-07-16,481.5,489.75,492.25,476.0,2879
2015-07-17,491.25,486.75,493.625,483.5,2433
2015-07-20,487.5,466.25,487.75,462.5,2488
2015-07-21,465.0,462.0,471.0,457.25,2213
2015-07-22,457.0,459.75,462.5,456.75,4495
2015-07-23,457.75,445.25,459.5,442.7525,2452
2015-07-24,443.25,427.25,443.9975,425.0,2942
2015-07-27,425.0,418.25,427.25,416.75,2241
2015-07-28,422.25,414.0,423.0,412.0,5665
2015-07-29,414.5,400.25,422.0,387.5,17833
2015-07-30,398.0,375.25,398.0,370.75,10148
2015-07-31,378.25,351.5,380.75,350.75,10884
2015-08-03,353.0,352.25,356.25,345.5,9520
2015-08-04,351.75,329.5,360.25,325.25,6360
2015-08-05,331.25,323.25,333.6875,318.75,10977
2015-08-06,325.5,327.5,336.0,320.75,13146
2015-08-07,328.5,342.75,354.0,328.5,21654
2015-08-10,345.25,352.75,353.0,344.05,6993
2015-08-11,351.75,337.25,352.25,335.0,7926
2015-08-12,334.75,330.0,336.0,327.25,6883
2015-08-13,330.0,324.75,332.75,323.5,4864
2021-01-22,259.5,254.5,259.5,253.0,3502
2021-01-25,257.25,255.5,257.25,250.0,8531
2021-01-26,253.75,254.0,256.0,253.0,6387
2021-01-27,250.5,251.0,253.75,249.0,5268
2021-01-28,255.5,252.25,255.5,250.25,1763
2021-01-29,252.75,251.0,253.1,251.0,1414
2021-02-01,251.75,253.0,256.25,251.25,2959
2021-02-02,256.25,256.0,256.25,253.25,3165
2021-02-03,258.75,255.25,258.75,255.0,673
2021-02-04,255.26,255.75,257.25,255.25,1220
2021-02-05,255.0,255.5,258.5,255.0,2821
2021-02-08,257.5,255.0,261.75,255.0,8320
2021-02-09,257.25,256.5,257.5,255.75,11250
2021-02-10,256.75,257.5,262.25,253.0,11729
2021-02-11,258.75,259.5,262.25,257.5,21390
2021-02-12,258.5,262.5,262.5,258.5,5839
2021-02-16,260.25,259.25,262.5,258.0,1404
2021-02-17,259.0,260.0,261.25,254.25,1689
2021-02-18,259.0,261.5,262.7475,259.0,26867
2021-02-19,262.5,265.25,265.25,260.5,10256
2021-02-22,264.25,262.5,264.25,260.25,8110
2021-02-23,258.5,260.0,260.5,254.0,4463
2021-02-24,258.25,260.0,262.0,257.75,2694
2021-02-25,260.0,256.0,261.0,255.25,6528
2021-02-26,255.0,255.25,256.0,255.0,2740
2021-03-01,256.0,254.75,257.75,253.75,3482
2021-03-02,256.0,249.25,256.0,248.75,62218
2021-03-03,259.25,253.0,263.7475,251.0,364447
2021-03-04,253.0,248.75,255.25,245.0,110014
2021-03-05,251.25,252.5,255.25,250.0,77540
2021-03-08,256.25,252.75,258.25,252.5,23224
2021-03-09,257.25,252.5,257.25,251.5,20021
2021-03-10,252.5,253.25,257.5,251.5,33936
2021-03-11,254.25,253.5,255.0,251.25,35371
2021-03-12,252.5,254.5,254.875,251.25,27984
2021-03-15,254.0,251.25,254.0,249.25,34886
2021-03-16,251.0,253.0,253.25,250.5,25409
2021-03-17,252.5,255.0,255.125,251.25,36363
2021-03-18,254.5,251.75,255.0,251.25,20962
2021-03-19,251.5,251.5,252.0,250.75,5142
2021-03-22,255.0,250.0,255.0,249.5,24792
2021-03-23,250.0,249.25,250.5,246.75,17500
2021-03-24,248.0025,246.25,250.0,246.25,13206
2021-03-25,246.25,246.0,248.0,244.0,9316
2021-03-26,246.25,249.0,252.25,246.25,11579
2021-03-29,251.25,249.25,251.25,249.25,7430
2021-03-30,249.0,255.25,255.75,249.0,44363
2021-03-31,254.5,252.5,254.5,248.5,12855
2021-04-01,251.25,251.75,252.75,251.0,13321
2021-04-05,251.75,250.5,252.505,250.0,18897
2021-04-06,250.5,250.0,251.5,250.0,12526
2021-04-07,250.5,249.0,250.75,248.25,11548
2021-04-08,249.21,249.0,249.75,248.75,3037
2021-04-09,249.0,249.5,250.0,249.0,3018
2021-04-12,249.75,247.5,249.75,247.25,8569
2021-04-13,248.0,248.0,248.75,247.5,4045
2021-04-14,250.0,249.5,250.0,248.25,2632
2021-04-15,248.25,247.5,249.25,246.5,7503
2021-04-16,247.5,247.75,248.2475,247.5,2659
2021-04-19,248.25,247.25,248.25,246.5,5195
2021-04-20,247.0,247.0,247.5,246.75,8172
2021-04-21,246.75,246.75,247.0,246.25,7474
2021-04-22,246.75,247.0,247.625,246.75,5383
2021-04-23,246.75,248.0,248.25,246.75,6549
2021-04-26,247.0,249.0,249.25,247.0,11660
2021-04-27,248.0,250.0,250.5,248.0,7523
2021-04-28,249.5,249.5,250.0,248.5,5717
2021-04-29,249.25,249.5,250.75,248.0,5476
2021-04-30,249.75,249.25,250.5,248.5,5998
2021-05-03,249.25,248.0,249.25,247.75,16803
2021-05-04,248.0,248.25,248.75,247.75,6830
2021-05-05,248.5,248.5,248.75,247.5,4752
2021-05-06,248.0,248.25,248.75,247.75,3326
2021-05-07,247.75,250.0,250.375,247.75,19119
2021-05-10,249.75,249.75,250.0,249.25,5245
2021-05-11,249.0,247.5,249.525,247.0,17076
2021-05-12,247.75,247.75,248.4925,247.5,27392
2021-05-13,246.75,247.75,248.175,246.75,1083
2021-05-14,248.5,247.75,248.5,247.75,904
2021-05-17,247.75,247.5,248.125,247.5,2132
2021-05-18,247.0,247.5,248.75,247.0,1012
2021-05-19,247.4975,247.25,248.75,247.25,462
2021-05-20,249.0,247.5,249.0,247.5,2331
2021-05-21,247.5,247.5,248.4975,246.25,47500
2021-05-24,248.25,247.0,248.25,246.5,3096
2021-05-25,247.0,247.25,247.9575,247.0,311
2021-05-26,247.5,247.5,248.25,247.5,768
2021-05-27,247.75,247.5,248.0,247.5,22113
2021-05-28,247.25,248.25,248.25,247.25,1541
2021-06-01,248.0,248.0,248.5,248.0,3336
2021-06-02,248.25,248.25,248.625,248.0,1061
2021-06-03,248.75,247.75,248.75,247.75,1094
2021-06-04,248.0,247.25,248.5,247.25,39691
2021-06-07,247.5,247.5,248.0,247.5,1046
2021-06-08,247.5,247.5,248.0,247.5,1505
2021-06-09,248.0,247.75,248.25,247.75,10007
2021-06-10,247.75,248.0,248.25,247.75,9504
2021-06-11,247.75,248.0,248.5,247.75,17427
2021-06-14,248.0,248.0,248.25,247.5,5153
2021-06-15,247.5,248.0,248.25,247.25,3877
2021-06-16,248.0,248.0,248.35,247.7725,16821
2021-06-17,248.25,248.125,248.25,248.0,204
2021-06-18,248.25,248.25,248.5,247.875,7733
2021-06-21,248.25,248.25,248.75,248.125,17157
2021-06-22,248.25,249.25,249.5,247.75,32213
2021-06-23,248.75,249.25,249.5,248.25,78130
2021-06-24,249.25,248.5,250.0,248.0,14872
2021-06-25,248.75,248.75,249.0,248.5,726
2021-06-28,248.0,249.25,249.5,248.0,1764
2021-06-29,249.5,249.0,249.5,248.5,2336
2021-06-30,249.0,249.25,249.5,248.0,18020
2021-07-01,249.5,249.25,249.5,248.625,5382
2021-07-02,249.5,249.25,249.5,248.75,811
2021-07-06,249.5,249.25,249.5,249.0,2066
2021-07-07,249.5,249.25,249.5,249.25,1064
2021-07-08,249.5,249.25,249.5,249.0,5393
2021-07-09,249.0,249.25,249.5,249.0,4391
2021-07-12,249.5,249.25,249.5,249.0,6806
2021-07-13,249.5,249.25,249.5,249.25,5150
2021-07-14,249.5,249.25,249.5,249.25,6152
2021-07-15,249.5,249.0,249.5,249.0,41760
2021-07-16,249.25,249.25,249.5,249.25,11221
2021-07-19,249.5,249.25,249.5,249.0,41632
2021-07-20,249.0,249.25,249.75,249.0,13067
2021-07-21,249.5,249.0,249.5,249.0,136915
2021-07-22,242.75,248.0,249.5,238.25,8694
2021-07-23,247.75,241.25,250.0,240.5,6338
2021-07-26,241.5,240.5,243.5,239.7525,4770
2021-07-27,239.75,222.25,240.0,221.75,7452
2021-07-28,221.25,198.75,225.0,195.75,22269
2021-07-29,205.0,174.75,220.0,170.25,36922
2021-07-30,174.5,171.0,180.5,160.54,24485
2021-08-02,170.25,183.5,192.0,170.0,20939
2021-08-03,185.0,180.25,185.0,177.5,12915
2021-08-04,184.25,175.0,184.25,167.5,14690
2021-08-05,178.5,195.5,195.5,177.25,20349
2021-08-06,197.75,187.75,198.5,180.0,21859
2021-08-09,187.75,186.5,190.0,175.0,14431
2021-08-10,184.5,196.25,199.0,182.75,21328
2021-08-11,196.5,197.25,211.0,192.0,20775
2021-08-12,197.5,207.75,207.75,195.0,15873
2021-08-13,207.75,211.5,232.25,207.75,24956
2021-08-16,211.75,194.75,215.0,190.0,18152
2021-08-17,193.0,192.5,194.25,187.75,17981
2021-08-18,193.25,195.75,197.5,191.0,11402
2021-08-19,194.5,189.0,199.75,188.0,12505
2021-08-20,190.0,181.5,194.5,169.25,26705
2021-08-23,186.75,193.5,202.75,182.25,22270
2021-08-24,189.75,202.5,206.25,189.75,21627
2021-08-25,196.75,200.75,208.0,196.75,23073
2021-08-26,199.0,203.0,207.25,195.0,17343
2021-08-27,198.5,206.0,207.75,197.75,24883
2021-08-30,201.75,214.5,217.5,198.5,24936
2021-08-31,218.5,213.0,221.5,208.75,47307
2021-09-01,209.25,212.5,218.0,204.0,16664
2021-09-02,213.75,216.75,224.75,211.0,24893
2021-09-03,218.5,224.0,226.0,212.5,37197
2021-09-07,225.0,197.75,227.5,193.75,83660
2021-09-08,196.5,186.75,207.5,178.75,52599
2021-09-09,178.75,187.25,202.25,173.75,240103
2021-09-10,190.25,176.25,198.5,175.0,95738
2021-09-13,178.25,179.75,188.565,171.25,80266
2021-09-14,179.25,189.75,193.75,177.75,40963
2021-09-15,191.0,188.0,199.0,185.25,53118
2021-09-16,190.25,196.0,207.5,178.75,84075
2021-09-17,204.5,216.0,227.5,190.5,519641
2021-09-20,203.0,195.25,203.0,186.25,74774
2021-09-21,197.25,202.0,207.0,184.0,46300
2021-09-22,200.0,200.5,211.5,195.75,29994
2021-09-23,201.25,199.5,207.5,198.5,20160
2021-09-24,198.0,199.75,202.75,191.0,11245
2021-09-27,200.5,187.5,201.685,187.25,12798
2021-09-28,186.25,185.75,189.7025,178.5,18754
2021-09-29,186.0,184.75,192.25,184.25,6984
2021-09-30,186.25,185.0,190.75,181.75,5961
2021-10-01,185.75,179.75,186.0,179.25,16553
2021-10-04,178.75,178.25,185.185,177.75,6175
2021-10-05,177.0,171.5,179.0,164.5,21046
2021-10-06,171.5,168.75,172.5,165.25,8557
2021-10-07,170.5,165.75,173.125,165.0,9782
2021-10-08,164.25,164.25,167.5,164.0,7084
2021-10-11,165.5,162.75,169.75,162.25,5956
2021-10-12,162.75,165.5,166.75,158.5,8171
2021-10-13,166.5,171.5,174.75,165.5,18908
2021-10-14,173.25,169.25,174.625,167.5,10967
2021-10-15,168.25,155.0,169.25,153.5,23079
2021-10-18,156.5,151.75,157.0,147.5,16360
2021-10-19,150.0,148.25,153.25,145.0,30571
2021-10-20,149.5,150.0,155.25,145.5,46415
2021-10-21,149.75,148.25,152.875,145.0,20485
2021-10-22,148.75,148.5,152.0,144.5,12506
2021-10-25,171.25,163.75,183.0,161.5,90547
2021-10-26,167.0,160.0,167.875,158.75,37184
2021-10-27,160.75,156.25,162.5,153.5,28130
2021-10-28,156.0,158.75,163.0,155.0,24584
2021-10-29,160.75,163.25,165.5,158.0,16368
2021-11-01,167.5,167.75,173.75,164.5,23366
2021-11-02,168.75,163.25,170.0,160.25,19198
2021-11-03,164.75,167.25,171.875,160.75,22736
2021-11-04,167.75,163.5,169.75,159.0,24889
2021-11-05,163.5,164.75,167.625,160.5,15365
2021-11-08,165.25,168.0,171.0,165.0,14399
2021-11-09,169.25,161.5,169.25,160.5,20732
2021-11-10,161.5,163.0,169.0,156.75,28938
2021-11-11,163.5,188.25,196.75,163.0,77129
2021-11-12,185.0,194.75,197.0,185.0,48832
2021-11-15,201.0,188.75,201.0,187.0,41512
2021-11-16,192.5,187.75,199.395,187.25,50090
2021-11-17,185.75,186.5,192.5,181.5,22672
2021-11-18,185.75,181.25,187.5,178.75,20875
2021-11-19,179.5,171.25,182.5,170.75,24397
2021-11-22,171.5,168.0,177.2475,166.5,42812
2021-11-23,168.0,154.0,171.25,152.25,42173
2021-11-24,154.5,154.5,156.5,149.4775,22522
2021-11-26,150.0,154.5,155.0,148.25,10877
2021-11-29,157.75,154.5,158.75,152.33,19927
2021-11-30,152.5,157.75,158.5,146.25,108641
2021-12-01,157.5,145.25,165.5,143.0,52208
2021-12-02,147.0,139.5,149.25,137.0,28972
2021-12-03,150.0,139.25,150.0,131.75,36965
2021-12-06,139.5,137.25,140.0,133.5,30815
2021-12-07,140.25,143.75,151.75,140.0,61880
2021-12-08,144.75,142.75,148.0,141.5,37638
2021-12-09,143.0,138.5,144.25,137.25,19024
2021-12-10,138.0,133.75,140.5,133.0,35384
2021-12-13,132.5,127.25,135.0,125.75,29423
2021-12-14,123.25,126.75,127.5,121.5,23589
2021-12-15,127.25,123.25,127.25,120.25,47237
2021-12-16,135.75,135.75,142.25,132.75,60506
2021-12-17,137.0,137.5,141.0,130.75,40274
2021-12-20,134.5,131.0,136.25,128.875,29597
2021-12-21,132.0,128.0,134.0,126.75,31018
2021-12-22,128.0,130.25,130.75,123.75,32962
2021-12-23,130.75,131.25,134.75,127.25,26669
2021-12-27,132.25,131.75,137.375,130.5,24194
2021-12-28,130.25,130.0,132.75,128.75,13460
2021-12-29,128.0,126.0,129.4525,125.75,19449
2021-12-30,125.5,130.0,132.375,125.5,28169
2021-12-31,130.0,127.0,132.75,127.0,28070
2022-01-03,128.25,128.75,135.0,127.5,57008
2022-01-04,128.5,121.25,130.0,120.375,40549
2022-01-05,122.0,116.0,124.0,115.0,33424
2022-01-06,118.0,108.25,118.0,107.75,75386
2022-01-07,107.75,107.75,112.0,106.25,132186
2022-01-10,106.25,107.5,112.0,106.0,50180
2022-01-11,107.25,113.5,114.875,105.5,31646
2022-01-12,114.5,109.75,117.0,109.125,16119
2022-01-13,112.0,104.75,112.0,104.25,55235
2022-01-14,107.0,103.75,107.0,99.25,36051
2022-01-18,103.5,98.75,103.5,95.75,68328
2022-01-19,100.0,99.5,104.875,99.0,49059
2022-01-20,101.0,96.5,102.05,95.75,33890
2022-01-21,96.5,90.5,96.75,90.25,36554
2022-01-24,88.25,89.5,90.5,82.75,60243
2022-01-25,89.5,88.5,91.5,85.5,44251
2022-01-26,95.75,94.5,99.5,91.75,87210
2022-01-27,94.0,92.0,98.875,91.5,50902
2022-01-28,91.25,94.5,95.25,87.75,39918
2022-01-31,95.0,100.0,103.0,94.75,65472
2022-02-01,101.25,100.0,103.25,96.125,39926
2022-02-02,101.5,94.25,101.5,93.25,42805
2022-02-03,92.5,94.0,97.25,92.25,36245
2022-02-04,93.75,90.0,95.25,88.25,35182
2022-02-07,89.25,90.0,93.25,89.25,23514
2022-02-08,89.75,89.0,90.0,85.25,30097
2022-02-09,89.5,93.75,95.5,89.25,41503
2022-02-10,91.25,87.75,95.0,87.0,58894
2022-02-11,88.5,84.5,88.875,82.125,48226
2022-02-14,83.75,83.0,85.75,82.375,27267
2022-02-15,84.75,86.75,87.375,83.0,37568
2022-02-16,86.75,84.5,87.5,84.25,26289
2022-02-17,83.0,84.25,85.75,82.75,44026
2022-02-18,66.0,59.0,66.25,55.0,346497
2022-02-22,57.5,60.0,63.25,55.25,156879
2022-02-23,59.75,58.0,61.71,56.5,70194
2022-02-24,56.0,62.5,62.5,53.0,101752
2022-02-25,66.0,61.75,67.4975,61.5,51303
2022-02-28,61.25,66.5,66.75,61.0,72989
2022-03-01,66.5,64.25,68.75,64.0,48575
2022-03-02,64.0,64.5,67.0,63.625,23122
2022-03-03,66.0,65.25,68.5,65.0,28634
2022-03-04,65.75,60.75,66.5,60.5,38906
2022-03-07,62.0,63.0,66.875,61.75,78894
2022-03-08,62.75,64.5,65.75,60.75,52796
2022-03-09,65.75,64.75,66.625,63.75,60004
2022-03-10,63.5,65.25,65.5,61.75,27696
2022-03-11,65.0,61.5,66.5175,59.875,99001
2022-03-14,61.5,57.0,62.5,55.5,83268
2022-03-15,53.75,51.0,54.0,50.625,140321
2022-03-16,51.75,51.5,53.25,47.75,156215
2022-03-17,51.75,52.5,53.5,48.0025,153329
2022-03-18,51.0,53.75,54.0,50.0,109061
2022-03-21,54.75,58.0,58.75,53.75,181248
2022-03-22,58.25,61.25,64.26,58.2025,147603
2022-03-23,61.0,61.75,63.5,59.25,83918
2022-03-24,63.25,63.0,63.5,59.625,100250
2022-03-25,60.75,65.0,65.0,60.25,77546
2022-03-28,64.75,58.75,66.5,58.5,70958
2022-03-29,59.5,60.0,60.75,58.875,53286
2022-03-30,60.0,58.5,60.75,57.75,45436
2022-03-31,58.75,54.25,60.0,54.0,58570
2022-04-01,54.75,53.5,55.25,52.75,62918
2022-04-04,55.0,55.5,56.25,53.75,68902
2022-04-05,56.0,53.25,56.0,52.75,59089
2022-04-06,52.0,49.25,53.25,48.25,79416
2022-04-07,49.0,48.75,50.475,46.5,52265
2022-04-08,47.5,46.5,47.75,43.375,80378
2022-04-11,46.0,46.0,47.0,43.5,78209
2022-04-12,47.75,45.5,48.0,44.5,33870
2022-04-13,45.0,47.5,47.875,44.0,36551
2022-04-14,46.5,46.5,47.75,45.75,29842
2022-04-18,46.0,44.75,47.0,44.125,39101
2022-04-19,44.75,47.75,48.0,43.75,42642
2022-04-20,48.5,48.75,49.75,46.5,35744
2022-04-21,49.25,47.0,49.5,46.375,30843
2022-04-22,46.25,46.25,47.5,45.0,30948
2022-04-25,45.5,46.75,46.75,45.25,29383
2022-04-26,47.25,46.25,47.25,44.5,33606
2022-04-27,45.75,46.75,47.25,45.25,29044
2022-04-28,46.25,47.25,48.0,43.75,40785
2022-04-29,46.75,46.5,48.0,45.875,27199
2022-05-02,45.5,46.0,47.5,44.875,37333
2022-05-03,46.25,45.5,47.5,44.75,30134
2022-05-04,45.5,45.0,45.5,42.0,42865
2022-05-05,44.25,41.75,44.75,41.25,28341
2022-05-06,40.75,41.5,43.5,38.875,51262
2022-05-09,40.0,37.5,41.0,37.5,40650
2022-05-10,39.0,35.75,39.0,35.0,41468
2022-05-11,35.0,36.0,37.25,32.0,42865
2022-05-12,35.0,37.5,37.5,33.75,54576
2022-05-13,38.75,45.75,47.0,38.75,109293
2022-05-16,43.75,42.75,47.0,41.125,55718
2022-05-17,43.25,44.75,46.0,43.0,40912
2022-05-18,43.75,42.5,45.875,41.75,38195
2022-05-19,42.25,42.75,44.75,41.75,39910
2022-05-20,43.25,44.0,46.0,42.5,52608
2022-05-23,44.0,44.25,46.0,43.0,40082
2022-05-24,41.25,44.25,45.0,41.25,63029
2022-05-25,43.0,44.5,46.5,43.0,40933
2022-05-26,44.25,43.75,46.5,43.0,143259
2022-05-27,43.75,47.0,48.375,43.75,51453
2022-05-31,46.25,47.5,48.5,45.5,292685
2022-06-01,47.25,48.5,50.5,46.5,46374
2022-06-02,48.0,52.25,54.25,47.5,77581
2022-06-03,51.0,49.25,52.0,48.25,34488
2022-06-06,50.75,51.0,52.375,49.0,40137
2022-06-07,49.0,47.0,50.75,40.875,97033
2022-06-08,46.0,48.5,48.5,45.0,35405
2022-06-09,47.0,43.5,49.0,43.25,36431
2022-06-10,43.0,41.25,43.25,41.0,18315
2022-06-13,40.25,33.5,40.25,33.0,46456
2022-06-14,34.75,33.75,35.5,31.75,36989
2022-06-15,34.25,34.25,35.5,32.625,47079
2022-06-16,33.75,31.5,34.0,31.0,35825
2022-06-17,32.0,34.75,34.75,31.0,61241
2022-06-21,35.0,33.25,36.75,33.25,52434
2022-06-22,32.5,30.25,34.25,30.25,59686
2022-06-23,30.5,30.75,31.5,30.0,49618
2022-06-24,31.0,30.5,34.75,29.0,593255
2022-06-27,30.5,26.75,30.75,26.0,95028
2022-06-28,27.0,24.665,27.75,23.50375,110014
2022-06-29,24.25,23.0625,24.29,22.0,77948
2022-06-30,22.6425,25.75,26.5,21.7175,96638
2022-07-01,24.855,21.785,25.7,21.5025,108443
2022-07-05,21.9975,22.945,23.75,21.5,50831
2022-07-06,22.75,21.8925,22.945,21.54,23573
2022-07-07,22.165,23.87,24.69,21.7525,36252
2022-07-08,23.5,25.25,25.75,22.4725,27885
2022-07-11,25.0,23.0025,25.25,22.775,28642
2022-07-12,22.75,23.94,25.0,22.25,28973
2022-07-13,23.4525,22.5025,23.5775,22.125,18512
2022-07-14,22.64,21.4225,22.7475,21.2525,39403
2022-07-15,23.5,20.435,23.5,19.3975,46914
2022-07-18,20.5,20.1125,21.25,20.0,27676
2022-07-19,20.92,19.7525,20.9975,19.3275,32336
2022-07-20,19.965,21.16,22.2475,19.75,35217
2022-07-21,20.9275,19.8475,21.324975,19.0525,34281
2022-07-22,19.91,17.965,20.172075,17.75,31346
2022-07-25,17.3975,19.2375,20.49005,17.3975,27758
2022-07-26,19.37,17.5375,19.37,17.5125,18052
2022-07-27,17.5,18.68,18.7,17.2175,29435
2022-07-28,17.75,18.5025,19.0725,17.595,15007
2022-07-29,18.4525,18.55,19.0,18.0,17703
2022-08-01,18.55,18.215,18.9975,17.5,18572
2022-08-02,18.125,18.4725,19.472475,18.125,20724
2022-08-03,18.5275,19.135,19.75,18.3825,30258
2022-08-04,19.2425,20.395,20.6975,18.7525,30462
2022-08-05,20.0,18.4475,20.0,18.25,35314
2022-08-08,19.295,19.2725,19.68,18.315,24898
2022-08-09,19.275,17.5025,19.286275,17.2625,35940
2022-08-10,18.2475,21.8775,22.1975,18.0025,65655
2022-08-11,22.0,23.455,23.625,21.7525,53172
2022-08-12,24.2475,24.4225,25.75,22.2475,60997
2022-08-15,24.2975,25.25,26.11,23.975,30807
2022-08-16,24.5,25.5,25.5,24.0,25381
2022-08-17,24.25,21.615,24.6575,20.575,35191
2022-08-18,21.75,21.6975,21.9275,20.5,21812
2022-08-19,22.07,20.0025,22.07,18.765,32233
2022-08-22,20.37,19.0,20.542475,18.8925,25385
2022-08-23,19.09,17.7325,19.22875,17.625,44891
2022-08-24,17.8175,17.6675,18.1225,17.25,46190
2022-08-25,18.0225,19.3975,20.34,17.7525,38015
2022-08-26,19.3,17.2225,19.3,16.820025,46146
2022-08-29,18.0,17.17,18.0,17.17,26250
2022-08-30,17.25,15.155,17.25,15.025,60711
2022-08-31,15.5,15.0775,16.222475,15.0,39784
2022-09-01,15.49,14.6975,15.745,14.0275,32509
2022-09-02,15.35,14.725,15.4925,14.5325,18669
2022-09-06,14.75,13.5,15.225,13.25,73332
2022-09-07,13.75,14.455,15.05,13.2525,62594
2022-09-08,14.38,14.655,15.005,13.875,41375
2022-09-09,14.75,14.275,15.25,13.875,21774
2022-09-12,14.91,15.67,16.4775,14.275,61566
2022-09-13,15.5,14.5575,15.6975,14.015,35371
2022-09-14,14.5,14.0625,15.6375,13.875,27007
2022-09-15,14.7,14.2425,15.0,13.875,25104
2022-09-16,14.2425,13.68,14.4825,12.75,108611
2022-09-19,12.3725,13.47,13.75,12.3725,26725
2022-09-20,13.43,12.6775,13.47,12.55,17792
2022-09-21,12.56,11.995,12.955,11.75,29940
2022-09-22,11.9375,11.62,12.5975,11.3,21739
2022-09-23,11.55,11.275,11.745,10.2975,29624
2022-09-26,11.3775,11.37,11.9475,10.625,19354
2022-09-27,11.2675,11.0625,11.945,10.625,15683
2022-09-28,11.1025,12.32,13.7075,10.7025,61967
2022-09-29,12.2725,11.415,12.75,11.3,11892
2022-09-30,11.7775,10.985,11.8975,10.85,12904
2022-10-03,11.0225,11.365,11.5325,10.2675,15254
2022-10-04,11.025,11.675,12.025,10.975,13373
2022-10-05,11.985,12.0725,12.5,11.25,18136
2022-10-06,12.0725,12.0325,13.0,11.5025,17081
2022-10-07,12.1325,11.9425,12.6025,11.7,10745
2022-10-10,12.0,11.9175,12.4625,11.375,16266
2022-10-11,11.9775,11.9625,12.5,10.3925,21584
2022-10-12,11.75,10.885,12.25,10.75,19377
2022-10-13,10.95,11.5575,11.955,10.625,26553
2022-10-14,11.25,10.76,11.975,10.75,26585
2022-10-17,11.7475,12.135,12.5825,11.455,17062
2022-10-18,12.25,13.875,16.25,12.25,107996
2022-10-19,13.75,12.65,14.1925,12.25,24690
2022-10-20,12.53,12.3575,13.7425,12.3075,13914
2022-10-21,13.495,12.64,13.5625,12.275,16350
2022-10-24,12.25,12.5,13.25,12.25,20333
2022-10-25,12.3025,12.77,12.9875,12.005,22372
2022-10-26,13.1175,12.665,13.3,12.2,21391
2022-10-27,12.9825,12.57,13.25,12.3875,9791
2022-10-28,13.1,12.7475,13.9325,12.45,30428
2022-10-31,12.685,13.565,13.7825,12.5,20557
2022-11-01,13.63,13.805,14.0,13.0525,28955
2022-11-02,13.5,12.76,13.667475,12.6425,12121
2022-11-03,12.8775,12.6125,12.9225,12.3875,17073
2022-11-04,12.8625,12.7275,13.2375,12.46,8118
2022-11-07,13.075,12.6075,13.1375,12.46,10142
2022-11-08,13.2375,12.4675,13.25,12.4175,14810
2022-11-09,12.5,11.5675,12.75,11.5,15720
2022-11-10,12.48,11.0,12.5,10.5,41976
2022-11-11,11.3075,11.25,12.5,10.5,40719
2022-11-14,11.25,10.8025,11.75,10.77,22488
2022-11-15,10.925,11.5125,12.0,10.925,21612
2022-11-16,11.05,10.8925,11.5,10.7825,12789
2022-11-17,11.19,11.0225,11.19,10.575,13621
2022-11-18,11.9725,11.095,11.9725,10.555,16571
2022-11-21,11.0375,10.8825,11.4625,10.75,19478
2022-11-22,11.0,10.7,11.0025,10.5,18783
2022-11-23,10.75,10.4425,10.9875,10.375,17506
2022-11-25,10.445,10.6175,10.9475,10.445,2886
2022-11-28,10.75,11.0,11.3275,10.75,13901
2022-11-29,10.9,10.25,11.5,10.25,28374
2022-11-30,10.25,9.875,10.57,9.75,121935
2022-12-01,9.9225,9.9075,10.3975,9.83,26080
2022-12-02,10.0475,10.4875,10.8,9.8425,19218
2022-12-05,10.995,10.235,10.995,10.0625,28560
2022-12-06,10.18,10.035,10.4425,9.7525,33065
2022-12-07,10.4775,9.775,10.5,9.755,19895
2022-12-08,9.9975,9.9475,10.21,9.775,13786
2022-12-09,9.75,9.78,10.25,9.75,11380
2022-12-12,10.0,11.25,11.375,9.775,34949
2022-12-13,11.25,10.405,11.375,10.0125,28783
2022-12-14,10.25,10.5025,10.55,10.025,26800
2022-12-15,10.445,10.145,10.5,9.75,37068
2022-12-16,9.775,10.0,10.2225,8.78,73620
2022-12-19,9.9275,9.9175,10.1325,9.8225,33470
2022-12-20,8.5,10.275,10.5,8.5,38871
2022-12-21,10.25,10.1575,10.25,9.75,26269
2022-12-22,9.6025,9.8425,10.0,9.1225,29814
2022-12-23,9.47,10.26,10.28,9.47,23247
2022-12-27,10.0,10.4375,10.705,9.745,31125
2022-12-28,10.4975,10.6275,10.7875,10.44,31428
2022-12-29,10.2125,10.875,10.875,10.0,28614
2022-12-30,10.0,11.3225,11.6775,10.0,29049
2023-01-03,11.4975,10.2625,11.5,10.125,17826
2023-01-04,10.0725,10.39,10.8225,10.0725,16960
2023-01-05,10.2725,10.1875,10.375,9.875,21334
2023-01-06,9.725,10.375,10.75,9.725,35856
2023-01-09,10.425,10.3025,10.7475,10.005,16063
2023-01-10,10.0,10.4025,10.6125,9.9775,19307
2023-01-11,10.55,10.6525,11.0,10.195,25199
2023-01-12,10.85,11.1925,11.335,10.5025,13036
2023-01-13,11.2475,13.635,14.3025,11.0535,50362
2023-01-17,13.9975,13.6125,13.9975,13.3,14788
2023-01-18,13.75,13.495,13.75,12.715,13770
2023-01-19,13.1075,13.255,13.4425,12.75,9881
2023-01-20,13.5,13.125,13.5,12.75,14932
2023-01-23,13.73,12.8025,13.75,12.0,20372
2023-01-24,13.0,14.25,14.25,12.5,26923
2023-01-25,14.225,14.13,14.225,13.23,10966
2023-01-26,14.25,14.7625,14.7625,13.7175,23264
2023-01-27,14.76,17.7,18.5,14.212525,50398
2023-01-30,17.5,17.5,18.25,16.8425,28367
2023-01-31,17.9975,17.75,18.0,17.25,17287
2023-02-01,17.75,17.76,17.9775,17.085,15637
2023-02-02,17.75,18.75,19.175,17.625,31353
2023-02-03,18.525,22.0275,23.6,18.525,43082
2023-02-06,22.5,20.69,22.875,20.025,31574
2023-02-07,20.5775,18.3375,21.1711,17.9975,25811
2023-02-08,18.5,12.47,18.6775,12.375,162914
2023-02-09,13.7475,17.5075,18.41,12.775,214889
2023-02-10,18.5875,18.39,20.73,17.315,92659
2023-02-13,17.6175,16.255,18.2075,16.0725,27366
2023-02-14,17.065,17.34,17.5,16.2575,6331
2023-02-15,17.2525,17.25,18.2475,16.51,21667
2023-02-16,17.25,18.3175,18.5,16.7375,14298
2023-02-17,18.8425,17.405,18.8425,17.0,10576
2023-02-21,17.41,17.1275,17.9,16.325,16951
2023-02-22,17.1275,16.1525,17.8225,15.7725,14100
2023-02-23,15.75,14.615,16.412525,14.0075,23837
2023-02-24,14.615,14.44,14.822475,13.0325,24322
2023-02-27,14.44,15.0,15.062525,14.44,13073
2023-02-28,15.2475,14.25,15.75,14.2275,17869
2023-03-01,15.555,14.24,15.75,13.9875,12244
2023-03-02,14.5,13.6675,14.94,13.565,9034
2023-03-03,14.2475,14.065,14.8925,13.8225,32120
2023-03-06,14.7475,15.25,15.25,14.5,26210
2023-03-07,14.7925,14.4775,15.5,14.3075,19670
2023-03-08,15.5,12.0775,15.5,11.75,117787
2023-03-09,12.25,10.5025,12.315,10.0,91347
2023-03-10,11.025,10.1025,11.7475,10.0,47040
2023-03-13,10.1025,10.75,10.865,9.2725,39134
2023-03-14,11.25,10.7375,12.0,10.5075,45470
2023-03-15,11.195,10.5,11.195,10.0,51773
2023-03-16,10.895,10.205,10.895,10.025,34125
2023-03-17,10.44,9.305,10.4975,9.25,75735
2023-03-20,9.7975,9.635,10.5,8.75,39993
2023-03-21,9.625,10.0,10.2475,9.3675,23859
2023-03-22,10.2475,9.36,10.2475,9.2525,23311
2023-03-23,9.45,9.0,10.0,9.0,23028
2023-03-24,9.125,8.625,9.4325,8.5,26601
2023-03-27,9.1875,8.865,9.1875,8.625,37211
2023-03-28,9.0,9.0,9.5575,8.5025,23685
2023-03-29,8.75,9.37,9.46,8.75,17122
2023-03-30,9.09,9.675,9.749975,9.09,16968
2023-03-31,10.025,10.1875,10.375,9.325,25615
2023-04-03,10.0,9.6775,10.4,9.375,19047
2023-04-04,9.75,9.305,10.0,9.0,22994
2023-04-05,9.3375,9.085,9.3935,9.0,10043
2023-04-06,9.43,9.025,9.43,8.86625,10246
2023-04-10,9.25,8.655,9.449975,8.5025,34953
2023-04-11,8.7775,8.7875,9.25,8.62,18401
2023-04-12,9.0,8.965,9.1275,8.75,12402
2023-04-13,9.075,8.8775,9.075,8.75,9327
2023-04-14,8.75,9.345,9.3925,8.5025,22281
2023-04-17,9.3625,9.125,9.3625,9.0,7107
2023-04-18,9.225,9.9325,10.0,9.225,15419
2023-04-19,10.1025,10.6775,11.4925,9.75,34457
2023-04-20,10.535,10.0775,10.9925,9.7925,10489
2023-04-21,9.64,9.24,10.125,9.1825,27374
2023-04-24,10.0,9.2825,10.0,9.0025,10475
2023-04-25,9.2025,9.76,10.43,8.755,25167
2023-04-26,9.75,9.3825,10.2625,9.0625,16890
2023-04-27,9.6525,9.695,10.375,9.145,15708
2023-04-28,9.65,10.75,10.75,9.2325,30657
2023-05-01,10.4275,9.8125,10.5425,9.625,30494
2023-05-02,9.8325,9.605,10.1575,9.25,21133
2023-05-03,9.5225,9.6025,10.39,9.4875,12386
2023-05-04,9.375,9.7475,9.8675,9.25,15825
2023-05-05,9.97,10.31,10.375,9.4775,15510
2023-05-08,10.225,10.62,11.0825,10.225,15468
2023-05-09,10.7025,10.01,10.7025,9.5075,20209
2023-05-10,9.2525,9.625,9.8225,8.5,48602
2023-05-11,9.3425,9.0475,9.4775,8.7375,27433
2023-05-12,9.32,8.635,9.494975,8.2825,39011
2023-05-15,8.795,8.49,9.1725,8.25,29235
2023-05-16,8.625,7.7875,8.625,7.775,19812
2023-05-17,7.86,7.4725,8.0,7.0075,50177
2023-05-18,7.4725,7.4625,8.13,7.0,34230
2023-05-19,7.91,7.365,7.91,7.02,45499
2023-05-22,7.425,7.485,7.5575,7.04,30002
2023-05-23,7.5,7.0225,8.15,7.0,52859
2023-05-24,7.0375,8.0,8.4925,7.025,46547
2023-05-25,8.0,7.205,8.495,7.12125,45601
2023-05-26,7.205,7.705,7.75,7.134225,16322
2023-05-30,7.7925,7.4675,8.225,7.25,22281
2023-05-31,7.5,7.455,7.725,7.25,23790
2023-06-01,7.25,7.625,7.73,7.25,28056
2023-06-02,8.005,7.7525,8.25,7.375,23076
2023-06-05,8.1625,7.7525,8.17,7.005,35821
2023-06-06,7.0075,7.2025,7.7375,6.2775,112746
2023-06-07,7.4425,7.075,7.75,7.0,38096
2023-06-08,7.355,6.75,7.75,6.6425,40651
2023-06-09,6.715,6.6825,6.755,6.375,85604
2023-06-12,6.7375,6.4525,6.7375,6.25,82021
2023-06-13,7.0,6.79,7.0,6.135,101808
2023-06-14,6.865,6.75,7.3675,6.5,84414
2023-06-15,6.91,6.4375,7.0125,6.4025,35695
2023-06-16,6.8925,6.5625,6.9425,6.38,43806
2023-06-20,7.0025,6.0625,7.0025,5.77,75363
2023-06-21,5.75,5.86,6.25,5.625,42405
2023-06-22,5.7175,5.905,6.025,5.20625,98718
2023-06-23,5.905,5.575,6.0,5.50125,564312
2023-06-26,5.445,4.665,5.75,4.3125,181989
2023-06-27,4.4625,4.45,5.18,4.2525,76264
2023-06-28,5.6975,4.8825,5.6975,4.5025,842571
2023-06-29,5.0,4.5,5.6475,4.375,228848
2023-06-30,4.41,4.94,5.43,4.31,412896
2023-07-03,4.94,4.81,5.0,4.551,76667
2023-07-05,5.01,5.17,5.18,4.86,188540
2023-07-06,5.09,5.32,5.48,5.05,93571
2023-07-07,5.31,6.06,6.08,5.31,122224
2023-07-10,5.92,5.99,6.12,5.521,108939
2023-07-11,5.91,6.21,6.4,5.91,78596
2023-07-12,6.14,7.2,7.2799,6.14,204464
2023-07-13,7.25,8.15,9.44,7.23,547534
2023-07-14,8.11,6.87,8.11,6.74,109952
2023-07-17,6.91,7.05,7.07,6.725,43099
2023-07-18,6.91,7.07,7.2,6.515,64279
2023-07-19,7.12,7.81,7.84,7.0351,77231
2023-07-20,7.77,7.62,7.8099,7.51,45244
2023-07-21,7.68,7.86,7.9999,7.01,107249
2023-07-24,7.88,7.93,8.28,7.4406,95837
2023-07-25,7.91,7.44,8.0,7.36,44395
2023-07-26,7.37,8.2,8.23,7.13,99724
2023-07-27,8.14,7.46,8.2,7.35,52164
2023-07-28,7.6,8.61,8.75,7.53,93771
2023-07-31,8.65,8.27,9.4,8.27,95479
2023-08-01,8.33,9.0,9.0,8.08,64003
2023-08-02,8.82,8.11,8.8601,7.92,51346
2023-08-03,8.01,7.3,8.01,7.2,46118
2023-08-04,7.29,7.82,7.88,7.21,22674
2023-08-07,7.76,7.78,7.88,7.3582,27863
2023-08-08,7.66,7.41,7.68,7.1689,40674
2023-08-09,7.88,6.41,7.88,6.4,95163
2023-08-10,6.35,5.91,6.5699,5.875,74157
2023-08-11,5.88,5.43,5.93,5.3,70789
2023-08-14,5.29,6.0,6.0,5.29,45832
2023-08-15,6.03,5.99,6.0999,5.7801,41591
2023-08-16,6.0,5.6,6.39,5.58,48926
2023-08-17,5.6,5.12,5.63,5.0302,25944
2023-08-18,5.11,5.3,5.5,5.11,31639
2023-08-21,5.25,5.12,5.56,5.07,11062
2023-08-22,5.14,4.88,5.2592,4.81,39882
2023-08-23,4.92,5.12,5.16,4.75,30388
2023-08-24,5.15,5.76,5.82,5.15,43816
2023-08-25,5.78,5.8,5.85,5.53,34251
2023-08-28,5.84,5.83,5.88,5.615,8231
2023-08-29,5.88,6.1,6.11,5.55,16028
2023-08-30,6.03,6.33,6.4,6.01,13486
2023-08-31,6.27,6.36,6.46,6.12,35560
2023-09-01,6.43,6.35,6.62,5.9,27573
2023-09-05,6.25,6.43,6.51,6.141,17404
2023-09-06,6.4,6.3,6.42,6.1,44690
2023-09-07,6.14,6.36,6.42,6.1,36120
2023-09-08,6.32,6.29,6.45,6.16,15951
2023-09-11,6.26,6.1,6.385,6.0,28913
2023-09-12,5.99,6.05,6.43,5.99,40215
2023-09-13,6.09,5.9,6.175,5.76,31797
2023-09-14,5.92,5.96,6.06,5.66,23703
2023-09-15,5.85,5.1,6.1912,5.0,91134
2023-09-18,5.1,4.74,5.1599,4.7,45444
2023-09-19,4.71,4.44,4.7591,4.35,38976
2023-09-20,4.5,4.51,4.69,4.5,19602
2023-09-21,4.5,4.13,4.675,4.09,44039
2023-09-22,4.31,4.05,4.34,3.86,59803
2023-09-25,3.93,4.2,4.3099,3.8983,12504
2023-09-26,4.15,4.15,4.31,4.11,7885
2023-09-27,4.18,4.41,4.49,4.18,29810
2023-09-28,4.38,4.36,4.49,4.24,4041
2023-09-29,4.49,5.08,5.13,4.48,13124
2023-10-02,5.05,5.0,5.05,4.7,5689
2023-10-03,4.89,4.77,5.26,4.65,26335
2023-10-04,4.77,4.93,5.0,4.622,24768
2023-10-05,4.88,4.84,5.09,4.6872,18385
2023-10-06,4.69,4.75,4.89,4.55,19696
2023-10-09,4.73,4.82,4.88,4.73,12929
2023-10-10,4.75,4.73,4.87,4.61,12510
2023-10-11,4.73,4.79,4.81,4.5671,7633
2023-10-12,4.79,4.64,4.88,4.53,6689
2023-10-13,4.66,4.28,4.76,4.27,8758
2023-10-16,4.42,4.37,4.53,4.36,4812
2023-10-17,4.37,4.55,4.75,4.29,17915
2023-10-18,4.51,4.6,4.768,4.51,6780
2023-10-19,4.59,4.45,4.72,4.29,37334
2023-10-20,4.45,4.51,4.73,4.2199,5414
2023-10-23,4.44,4.08,4.58,4.08,26376
2023-10-24,4.07,4.22,4.39,4.05,9296
2023-10-25,4.12,4.29,4.46,4.12,3871
2023-10-26,4.24,4.22,4.39,4.0401,12013
2023-10-27,4.0401,4.11,4.37,4.0401,4857
2023-10-30,4.12,4.16,4.39,4.07,11925
2023-10-31,4.09,4.13,4.3,4.045,10954
2023-11-01,4.06,4.0,4.14,3.98,17234
2023-11-02,4.1,4.18,4.44,4.04,11451
2023-11-03,4.31,4.65,4.88,4.31,6530
2023-11-06,4.66,4.73,4.79,4.48,8459
2023-11-07,4.75,4.87,5.08,4.5,19251
2023-11-08,5.05,5.19,5.41,4.9,48746
2023-11-09,5.16,4.8,5.235,4.6634,22710
2023-11-10,4.8,4.87,4.96,4.8,5971
2023-11-13,4.94,5.11,5.15,4.85,10643
2023-11-14,5.24,5.38,5.5,4.9695,19536
2023-11-15,5.37,5.92,6.0,5.27,68991
2023-11-16,5.93,5.59,5.93,5.4431,8396
2023-11-17,5.55,5.42,5.7672,5.24,8099
2023-11-20,5.35,5.45,5.69,5.35,5363
2023-11-21,5.35,5.18,5.73,5.11,11575
2023-11-22,5.35,5.37,5.45,5.21,6301
2023-11-24,5.29,6.06,6.21,5.19,31703
2023-11-27,5.93,5.85,6.14,5.73,13143
2023-11-28,5.77,6.01,6.2073,5.77,12066
2023-11-29,5.95,6.0,6.09,5.885,11139
2023-11-30,5.92,6.13,6.15,5.92,9222
2023-12-01,6.05,6.0,6.19,5.56,11056
2023-12-04,5.85,5.52,6.15,5.22,19373
2023-12-05,5.39,5.6,5.83,5.39,14585
2023-12-06,5.49,5.59,5.99,5.4101,12243
2023-12-07,5.6,5.48,6.0299,5.38,24554
2023-12-08,5.37,5.28,5.6475,5.28,14485
2023-12-11,5.25,5.37,5.69,5.25,12477
2023-12-12,5.28,4.73,5.7,4.71,48291
2023-12-13,4.85,5.31,5.31,4.7,15173
2023-12-14,5.44,5.41,5.54,5.2501,21839
2023-12-15,5.55,5.35,5.5842,5.2,15928
2023-12-18,5.28,4.76,5.315,4.76,18789
2023-12-19,4.69,4.23,4.9099,4.1372,81776
2023-12-20,4.26,4.52,4.67,4.235,20482
2023-12-21,4.69,4.87,4.97,4.53,37097
2023-12-22,4.8,4.89,5.0212,4.697,15658
2023-12-26,4.79,4.86,5.0603,4.77,14395
2023-12-27,4.81,4.72,4.99,4.65,24975
2023-12-28,4.74,4.56,4.75,4.47,31880
2023-12-29,4.47,4.63,4.72,4.442,15531
2024-01-02,4.62,4.67,4.84,4.55,15458
2024-01-03,4.56,4.56,4.68,4.3667,8660
2024-01-04,4.62,4.65,4.6997,4.5058,14393
2024-01-05,4.6827,4.42,4.6827,4.35,23876
2024-01-08,4.4,4.61,4.7325,4.4,6383
2024-01-09,4.49,4.37,4.52,4.37,7012
2024-01-10,4.39,4.38,4.4706,4.21,10281
2024-01-11,4.3,4.21,4.5539,4.19,6813
2024-01-12,4.21,4.32,4.4786,4.21,12177
2024-01-16,4.23,4.28,4.4706,4.21,11814
2024-01-17,4.17,4.29,4.4,4.17,9759
2024-01-18,4.28,4.18,4.34,4.18,4019
2024-01-19,4.28,4.22,4.29,4.13,5945
2024-01-22,4.18,4.13,4.2889,4.13,15438
2024-01-23,4.14,4.13,4.2,4.13,9582
2024-01-24,4.1679,4.16,4.32,4.13,6192
2024-01-25,4.15,4.1,4.295,4.06,17385
2024-01-26,4.05,4.07,4.1727,4.02,11896
2024-01-29,4.09,4.23,4.58,3.9,125415
2024-01-30,4.13,4.24,4.4,4.0,56117
2024-01-31,4.2,4.15,4.7,4.15,27946
2024-02-01,4.15,4.1,4.46,4.02,18612
2024-02-02,4.28,4.04,4.28,3.95,10638
2024-02-05,4.0,3.94,4.22,3.9,86040
2024-02-06,4.06,4.2461,4.3795,3.93,11382
2024-02-07,4.23,4.16,4.23,4.11,9386
2024-02-08,4.17,4.29,4.35,4.05,12245
2024-02-09,4.31,4.35,4.4812,4.1409,12479
2024-02-12,4.4376,4.18,4.47,4.18,9972
2024-02-13,4.02,4.21,4.2431,3.96,6350
2024-02-14,4.168,4.26,4.2802,4.02,6726
2024-02-15,4.19,4.23,4.2858,4.17,11238
2024-02-16,4.13,4.26,4.28,4.1,16850
2024-02-20,4.2,4.09,4.2,4.01,5355
2024-02-21,4.0,4.05,4.1799,4.0,11161
2024-02-22,4.0517,4.11,4.15,4.0,47411
2024-02-23,4.0,3.91,4.1812,3.9,9937
2024-02-26,3.98,3.94,4.15,3.91,3979
2024-02-27,3.94,4.11,4.37,3.94,10375
2024-02-28,4.03,4.34,4.35,4.03,7229
2024-02-29,4.35,4.45,4.5999,4.3401,3520
2024-03-01,4.4551,4.5,4.62,4.2901,19780
2024-03-04,4.43,4.47,4.51,4.2692,6497
2024-03-05,4.402,4.6,4.69,4.35,9203
2024-03-06,4.56,5.43,5.71,4.25,76897
2024-03-07,5.52,5.35,5.66,5.25,29787
2024-03-08,5.6,5.51,5.7361,5.32,26396
2024-03-11,5.4,5.32,5.6627,5.28,9190
2024-03-12,5.37,5.47,5.693,5.21,17538
2024-03-13,5.39,4.64,5.39,4.58,31595
2024-03-14,4.57,4.36,4.595,4.2001,9877
2024-03-15,4.26,4.15,4.35,4.11,11930
2024-03-18,4.3321,4.32,4.37,4.24,8538
2024-03-19,4.42,4.41,4.7699,4.305,6036
2024-03-20,4.3,4.45,4.52,4.3,8247
2024-03-21,4.5,4.56,4.7799,4.5,16851
2024-03-22,4.63,4.39,4.63,4.3,9119
2024-03-25,4.49,4.49,4.5879,4.4279,3799
2024-03-26,4.57,4.28,4.57,4.28,10120
2024-03-27,4.5951,4.4,4.5951,4.4,3484
2024-03-28,4.49,4.54,4.755,4.49,21086
2024-04-01,6.12,6.06,6.15,6.05,985493
2024-04-02,6.07,6.06,6.12,6.05,140524
2024-04-03,6.1,6.06,6.21,6.06,134944
2024-04-04,6.1,6.07,6.12,6.06,98581
2024-04-05,6.06,6.05,6.1,6.05,58759
2024-04-08,6.06,6.05,6.1,6.05,33620
2024-04-09,6.08,6.09,6.11,6.05,63422
2024-04-10,6.06,6.06,6.085,6.06,48067
2024-04-11,6.06,6.07,6.1,6.06,32410
2024-04-12,6.1,6.07,6.1,6.07,24090
2024-04-15,6.07,6.08,6.08,6.0,56496
2024-04-16,6.05,6.05,6.08,6.05,37677
2024-04-17,6.05,6.04,6.07,6.04,28836
2024-04-18,6.02,6.04,6.0504,6.02,35955
2024-04-19,6.04,6.01,6.06,5.98,303120
2024-04-22,6.05,6.01,6.05,6.0,23572
2024-04-23,6.01,6.06,6.1,6.01,26744
2024-04-24,6.03,6.07,6.09,6.03,14792
2024-04-25,6.04,6.05,6.13,6.04,23299
2024-04-26,6.09,6.05,6.15,6.05,24395
2024-04-29,6.09,6.07,6.11,6.06,20274
2024-04-30,6.06,6.05,6.1,6.04,9615
2024-05-01,6.03,6.03,6.07,6.02,7085
2024-05-02,6.08,6.02,6.08,6.015,12375
2024-05-03,6.03,6.05,6.07,6.03,6815
2024-05-06,6.05,6.02,6.07,6.02,11829
2024-05-07,6.05,6.05,6.06,6.02,17662
2024-05-08,6.02,6.07,6.08,6.02,6214
2024-05-09,6.05,6.03,6.08,6.02,14284
2024-05-10,6.03,6.03,6.04,6.02,10302
2024-05-13,6.03,6.04,6.0509,6.0212,9489
2024-05-14,6.04,6.06,6.08,6.0201,16427
2024-05-15,6.08,6.04,6.08,6.02,13784
2024-05-16,6.03,6.06,6.06,6.02,5926
2024-05-17,6.04,6.02,6.05,6.02,17373
2024-05-20,6.04,6.03,6.06,6.03,11229
2024-05-21,6.02,6.04,6.05,6.02,11715
2024-05-22,6.02,6.04,6.05,6.02,53401
2024-05-23,6.02,6.02,6.07,6.02,22398
2024-05-24,6.03,6.03,6.06,6.03,16233
2024-05-28,6.03,6.02,6.05,6.02,12884
2024-05-29,6.02,6.02,6.05,6.02,34405
2024-05-30,6.02,6.02,6.04,6.02,9368
2024-05-31,6.02,5.87,6.05,5.85,380210
2024-06-03,5.91,5.84,5.94,5.66,76141
2024-06-04,5.87,5.87,5.9,5.86,39933
2024-06-05,5.9,6.0,6.02,5.9,33856
2024-06-06,5.98,5.96,6.02,5.96,8517
2024-06-07,5.9,5.96,5.99,5.9,6363
2024-06-10,5.92,5.92,5.95,5.9,4593
2024-06-11,5.92,5.95,5.99,5.92,2864
2024-06-12,6.0,5.96,6.01,5.9431,8278
2024-06-13,5.99,5.99,6.01,5.95,14280
2024-06-14,5.99,5.98,6.02,5.98,16804
2024-06-17,5.98,5.98,6.02,5.98,3815
2024-06-18,5.98,5.98,6.01,5.98,6552
2024-06-20,5.94,5.91,5.99,5.91,16287
2024-06-21,5.94,5.96,5.98,5.9201,17511
2024-06-24,5.91,5.96,5.9757,5.91,17113
2024-06-25,5.98,5.97,5.99,5.97,2851
2024-06-26,5.94,5.95,5.99,5.94,5679
2024-06-27,5.98,5.96,5.98,5.95,7432
2024-06-28,5.99,6.07,6.079,5.97,18848
2024-07-01,6.08,6.04,6.08,6.04,3510
2024-07-02,6.04,6.04,6.05,6.04,10820
2024-07-03,6.03,6.045,6.06,6.03,9804
2024-07-05,6.03,6.02,6.05,5.984,8360
2024-07-08,6.0,6.0,6.025,6.0,8026
2024-07-09,6.0,5.99,6.015,5.99,4994
2024-07-10,6.0,6.0,6.01,5.99,9511
2024-07-11,6.02,6.01,6.02,6.0,9679
2024-07-12,6.0,6.0,6.02,6.0,5650
2024-07-15,6.02,5.99,6.02,5.99,11407
2024-07-16,5.98,6.02,6.04,5.98,16119
2024-07-17,6.02,6.05,6.05,6.01,50649
2024-07-18,6.02,6.09,6.1,6.02,18731
2024-07-19,6.05,6.05,6.13,6.05,6435
2024-07-22,6.06,6.06,6.08,6.04,11700
2024-07-23,6.04,5.96,6.06,5.96,24508
2024-07-24,5.96,6.0503,6.06,5.96,21800
2024-07-25,6.05,6.04,6.08,6.03,53604
2024-07-26,6.06,6.04,6.06,6.02,22721
2024-07-29,6.04,6.02,6.04,5.9901,18111
2024-07-30,6.0,6.03,6.04,6.0,4808
2024-07-31,6.04,6.01,6.05,6.01,24928
2024-08-01,6.0,6.03,6.05,6.0,57367
2024-08-02,6.02,6.02,6.04,5.99,16036
2024-08-05,5.9,5.97,6.015,5.9,25294
2024-08-06,6.0,6.025,6.03,5.94,45410
2024-08-07,5.95,6.0,6.03,5.95,88460
2024-08-08,6.01,6.01,6.0201,6.01,23406
2024-08-09,6.01,6.01,6.02,6.002,10623
2024-08-12,6.0,6.0,6.01,5.99,8008
2024-08-13,5.98,5.995,6.0,5.98,5858
2024-08-14,6.0,5.995,6.0,5.98,28276
2024-08-15,6.0,5.98,6.01,5.98,14786
2024-08-16,5.9988,5.98,6.01,5.98,22895
2024-08-19,6.0,5.98,6.0,5.98,6516
2024-08-20,6.0,6.0,6.01,6.0,11074
2024-08-21,6.01,6.045,6.06,6.01,13050
2024-08-22,6.06,6.045,6.08,6.045,6456
2024-08-23,6.05,6.09,6.1116,6.05,8925
2024-08-26,6.08,6.06,6.1092,6.06,34061
2024-08-27,6.06,6.0916,6.12,6.06,2520
2024-08-28,6.14,6.09,6.14,6.09,18882
2024-08-29,6.09,6.09,6.12,6.09,4799
2024-08-30,6.09,6.09,6.1103,6.09,5549
2024-09-03,6.09,6.11,6.12,6.09,14933
2024-09-04,6.09,6.1,6.12,6.09,30913
2024-09-05,6.1,6.1238,6.15,6.1,35036
2024-09-06,6.14,6.13,6.1401,6.12,35463
2024-09-09,6.12,6.12,6.14,6.0978,29840
2024-09-10,6.13,6.13,6.15,6.12,11828
2024-09-11,6.13,6.12,6.16,6.1,58836
2024-09-12,6.12,6.1212,6.13,6.12,6901
2024-09-13,6.14,6.13,6.145,6.12,13623
