2023-11-14,25.71,25.7276,25.76,25.71,93928
2023-11-15,25.81,25.7542,25.835,25.7,573021
2023-11-16,25.83,25.8585,28.66,25.76,127304
2023-11-17,25.83,25.8392,25.89,25.805,10438
2023-11-20,26.1,26.171,26.171,26.0999,2033
2023-11-21,26.075,25.9966,26.11,25.9,58562
2023-11-22,26.2985,26.1167,26.2999,26.115,3150
2023-11-24,26.0581,26.0581,26.0581,26.0581,214
2023-11-27,26.1571,26.0628,26.18,26.0628,3714
2023-11-28,26.0242,26.1123,26.1123,26.0,3774
2023-11-29,26.355,26.1059,26.355,26.09,4849
2023-11-30,26.23,26.1034,26.23,25.9,1527
2023-12-01,25.9361,26.1769,26.1769,25.9361,1426
2023-12-04,25.89,25.8786,25.89,25.8,574
2023-12-05,25.98,25.9721,25.99,25.87,3364
2023-12-06,26.11,25.7672,26.11,25.7672,496
2023-12-07,25.7975,26.045,26.045,25.7975,4684
2023-12-08,26.4782,26.5287,26.5287,26.3685,956
2023-12-11,26.23,26.1553,26.23,26.1203,2778
2023-12-12,26.27,26.2677,26.2798,26.175,1923
2023-12-13,26.1478,26.992,26.992,26.1478,1962
2023-12-14,27.3,27.3249,27.4,27.2622,2188
2023-12-15,27.23,27.2697,27.43,27.18,105069
2023-12-18,27.36,27.47,27.51,27.26,111047
2023-12-19,27.67,27.894,27.93,27.67,4288
2023-12-20,28.04,27.545,28.47,27.46,9906
2023-12-21,28.24,28.0338,28.24,27.7,8996
2023-12-22,28.27,28.3443,28.36,28.2699,2509
2023-12-26,28.36,28.5891,28.66,28.36,9260
2023-12-27,28.87,28.9904,29.04,28.87,4560
2023-12-28,28.83,28.8093,28.9594,28.8093,20324
2023-12-29,28.8401,28.1,28.87,28.1,9246
2024-01-02,27.8,27.4849,27.8,27.355,2536
2024-01-03,26.95,26.8019,27.0054,26.8019,2146
2024-01-04,26.9,26.8194,26.94,26.8194,1610
2024-01-05,26.61,26.694,26.79,26.61,91411
2024-01-08,26.86,27.4344,27.66,26.86,72902
2024-01-09,27.35,27.2444,27.35,27.24,4199
2024-01-10,27.49,27.3718,27.49,27.37,4576
2024-01-11,26.74,26.9544,26.9544,26.74,188
2024-01-12,26.8203,26.6178,26.8203,26.605,3554
2024-01-16,26.34,26.4142,26.4142,26.3369,30281
2024-01-17,26.0,26.1727,26.1727,25.9765,10466
2024-01-18,26.3201,26.214,26.3201,26.14,2006
2024-01-19,26.3224,26.6605,26.69,26.3224,1540
2024-01-22,26.99,26.903,27.01,26.76,86976
2024-01-23,26.79,26.9287,26.95,26.79,21831
2024-01-24,27.265,27.0339,27.265,27.0339,18981
2024-01-25,27.2379,27.1735,27.2984,27.08,62119
2024-01-26,27.14,27.0671,27.15,27.06,10465
2024-01-29,27.21,27.37,27.41,27.16,6610
2024-01-30,27.33,27.1194,27.3782,27.04,101724
2024-01-31,26.77,26.5684,26.9771,26.5684,24229
2024-02-01,26.71,26.8389,26.9,26.5812,10330
2024-02-02,27.0301,27.1675,27.21,27.0301,1840
2024-02-05,26.97,27.1423,27.1592,26.97,3219
2024-02-06,27.45,27.0679,27.45,26.92,4450
2024-02-07,27.34,27.4619,27.48,27.315,1678
2024-02-08,27.64,27.7189,27.73,27.6399,2352
2024-02-09,27.9715,28.24,28.26,27.9715,7470
2024-02-12,28.46,28.22,28.46,28.2002,14220
2024-02-13,27.83,27.6847,27.83,27.59,5291
2024-02-14,28.145,28.2585,28.2585,28.0,3392
2024-02-15,28.31,28.1869,28.31,28.11,9480
2024-02-16,28.03,27.93,28.24,27.93,1849
2024-02-20,27.62,27.6272,27.64,27.62,576
2024-02-21,27.28,27.361,27.361,27.13,4236
2024-02-22,28.21,28.2703,28.31,28.2099,4156
2024-02-23,28.4002,28.1871,28.44,28.165,1170
2024-02-26,28.495,28.4875,28.58,28.4875,1849
2024-02-27,28.4603,28.6073,28.63,28.4603,1536
2024-02-28,28.48,28.46,28.48,28.37,1714
2024-02-29,28.55,28.6576,28.6576,28.32,75765
2024-03-01,28.8537,29.1142,29.12,28.8537,830
2024-03-04,29.21,29.18,29.22,29.1752,1494
2024-03-05,28.94,28.3678,28.94,28.27,1226
2024-03-06,28.81,28.7648,28.93,28.7648,1949
2024-03-07,29.0304,28.86,29.07,28.86,1422
2024-03-08,29.55,29.1638,29.55,29.1,9190
2024-03-11,28.87,28.84,29.15,28.84,2792
2024-03-12,28.81,29.0708,29.0896,28.77,2534
2024-03-13,28.71,29.03,29.14,28.71,3779
2024-03-14,28.94,28.61,28.94,28.58,3105
2024-03-15,28.67,28.5267,28.67,28.325,6383
2024-03-18,28.6,28.5249,28.67,28.5249,1351
2024-03-19,28.4,28.4394,28.4394,28.4,1425
2024-03-20,28.6,29.23,29.23,28.6,2962
2024-03-21,29.465,29.3409,29.605,29.3409,6688
2024-03-22,29.14,29.09,29.14,28.97,1205
2024-03-25,29.07,29.37,29.54,29.07,22723
2024-03-26,29.53,29.2134,29.5799,29.2134,20629
2024-03-27,29.2445,29.2599,29.2599,28.98,38004
2024-03-28,29.49,29.27,29.52,29.27,4386
2024-04-01,29.12,29.0308,29.335,28.91,22519
2024-04-02,28.4307,28.4929,28.4929,28.4307,1078
2024-04-03,28.71,28.5866,28.7101,28.5866,4147
2024-04-04,28.82,28.12,28.84,28.12,9029
2024-04-05,28.2112,28.29,28.4211,28.2112,1239
2024-04-08,28.4618,28.4234,28.4618,28.4234,1625
2024-04-09,28.29,28.3784,28.3784,28.29,256
2024-04-10,27.99,28.1413,28.1413,27.99,1808
2024-04-11,28.43,28.6035,28.6035,28.42,3560
2024-04-12,28.01,27.94,28.01,27.9,2452
2024-04-15,28.05,27.2242,28.05,27.2242,2416
2024-04-16,27.1,27.21,27.3,27.1,3028
2024-04-17,27.0,26.76,27.0,26.76,4807
2024-04-18,26.7686,26.6169,26.8909,26.6169,1796
2024-04-19,26.37,26.06,26.41,26.0313,7052
2024-04-22,26.4613,26.45,26.4613,26.45,296
2024-04-23,26.575,26.8022,26.83,26.575,1073
2024-04-24,26.825,26.82,26.825,26.82,345
2024-04-25,26.42,26.76,26.77,26.42,2077
2024-04-26,26.91,26.9288,26.99,26.91,5912
2024-04-29,26.97,26.9581,26.985,26.9581,1665
2024-04-30,26.805,26.4609,26.82,26.4609,10591
2024-05-01,26.3098,26.3497,26.3497,26.29,250
2024-05-02,26.5623,26.7016,26.7199,26.5623,1782
2024-05-03,27.1,27.1605,27.17,27.1,2491
2024-05-06,27.28,27.33,27.37,27.28,2172
2024-05-07,27.46,27.4669,27.47,27.41,1762
2024-05-08,27.485,27.5248,27.54,27.485,932
2024-05-09,27.61,27.68,27.72,27.61,1200
2024-05-10,27.8,27.7948,27.81,27.76,5882
2024-05-13,27.82,27.82,27.83,27.78,10475
2024-05-14,27.8,27.899,27.899,27.7531,1653
2024-05-15,28.11,28.1752,28.178,28.11,4917
2024-05-16,28.34,28.29,28.35,28.29,901
2024-05-17,28.27,28.2136,28.27,28.15,1108
2024-05-20,28.24,28.28,28.28,28.24,936
2024-05-21,28.25,28.41,28.41,28.25,450
2024-05-22,28.2673,28.2673,28.2673,28.2673,335
2024-05-23,28.35,28.0439,28.35,28.03,1676
2024-05-24,28.1,28.23,28.24,28.1,974
2024-05-28,28.2403,28.2403,28.2403,28.2403,171
2024-05-29,28.05,28.0437,28.0886,28.04,3207
2024-05-30,27.9772,27.9041,27.9772,27.89,1457
2024-05-31,27.75,28.1508,28.1653,27.721,5247
2024-06-03,28.08,28.22,28.22,28.08,1635
2024-06-04,28.11,28.27,28.31,28.11,976
2024-06-05,28.594,28.67,28.67,28.551,1433
2024-06-06,28.62,28.6,28.62,28.58,2449
2024-06-07,28.51,28.4353,28.51,28.42,1544
2024-06-10,28.61,28.5815,28.62,28.5208,3311
2024-06-11,28.4,28.6755,28.6755,28.4,17649
2024-06-12,28.95,28.9628,29.16,28.89,9300
2024-06-13,29.09,29.1077,29.1077,29.03,5577
2024-06-14,29.12,29.1162,29.16,29.11,771
2024-06-17,29.03,29.27,29.375,29.03,635
2024-06-18,29.33,29.3212,29.34,29.25,88626
2024-06-20,29.3516,28.98,29.36,28.95,31894
2024-06-21,28.9,28.8462,28.9,28.82,7750
2024-06-24,28.59,28.21,28.5901,28.21,2798
2024-06-25,28.4189,28.7339,28.7339,28.4189,5962
2024-06-26,28.71,28.76,28.77,28.65,3348
2024-06-27,28.45,28.81,28.9585,28.45,3544
2024-06-28,29.18,28.7945,29.18,28.731,1231
2024-07-01,28.76,29.0669,29.0669,28.76,3449
2024-07-02,29.0648,29.2443,29.27,29.0648,1128
2024-07-03,29.2454,29.5791,29.5791,29.2454,305
2024-07-05,29.805,29.8086,29.8086,29.78,503
2024-07-08,29.88,29.98,29.98,29.88,1911
2024-07-09,29.9,29.9297,29.95,29.9,1615
2024-07-10,30.112,30.3472,30.35,30.112,1928
2024-07-11,29.62,29.6384,29.683,29.6,1754
2024-07-12,30.14,29.8047,30.14,29.77,348
2024-07-15,30.05,29.88,30.05,29.81,2757
2024-07-16,29.79,29.8497,29.8497,29.77,891
2024-07-17,28.81,28.72,28.81,28.72,1584
2024-07-18,28.7958,28.6622,28.7958,28.5291,1991
2024-07-19,28.39,28.28,28.3978,28.28,3442
2024-07-22,28.58,28.87,28.87,28.58,1634
2024-07-23,28.915,28.7801,28.915,28.7801,1079
2024-07-24,28.25,27.6309,28.25,27.6309,18867
2024-07-25,27.3448,27.3448,27.3448,27.3448,77
2024-07-26,27.54,27.6196,27.6196,27.54,89520
2024-07-29,27.77,27.62,27.77,27.62,14236
2024-07-30,27.065,27.065,27.065,27.065,15
2024-07-31,28.08,28.02,28.17,28.02,753
2024-08-01,28.21,27.1467,28.2101,27.01,1138
2024-08-02,26.6047,26.6047,26.6047,26.6047,139
2024-08-05,25.76,25.93,25.93,25.76,695
2024-08-06,26.18,26.244,26.244,26.18,373
2024-08-07,26.08,26.07,26.08,26.07,334
2024-08-08,26.772,26.7148,26.772,26.7148,385
2024-08-09,26.84,26.84,26.84,26.84,188
2024-08-12,26.9511,26.8837,26.9511,26.81,6089
2024-08-13,27.1,27.4356,27.4356,27.1,78258
2024-08-14,27.43,27.4934,27.4934,27.43,1845
2024-08-15,27.93,27.9234,27.9301,27.87,980
2024-08-16,28.06,28.13,28.13,28.06,122
2024-08-19,28.1201,28.4119,28.4119,28.12,7573
2024-08-20,28.45,28.3405,28.5299,28.3,3465
2024-08-21,28.54,28.5805,28.5805,28.51,1740
2024-08-22,28.1095,28.1095,28.1095,28.1095,202
2024-08-23,28.05,28.56,28.56,28.05,774
2024-08-26,28.53,28.395,28.53,28.37,2275
2024-08-27,28.35,28.3795,28.39,28.35,1858
2024-08-28,28.36,28.1017,28.36,28.06,1448
2024-08-29,28.3,28.0403,28.3,28.02,2406
2024-08-30,28.306,28.3006,28.39,28.045,13091
2024-09-03,27.0727,27.0727,27.0727,27.0727,34
2024-09-04,27.44,27.52,27.52,27.42,827
2024-09-05,27.47,27.32,27.47,27.265,828
2024-09-06,27.18,27.1425,27.18,27.11,3478
2024-09-09,27.35,27.44,27.44,27.34,1112
2024-09-10,27.41,27.41,27.41,27.41,465
2024-09-11,27.32,27.4068,27.4068,27.32,1202
2024-09-12,27.37,27.5165,27.5165,27.37,2398
2024-09-13,27.7299,27.7398,27.7398,27.68,1330
