2024-03-21,20.397,20.397,20.397,20.397,0
2024-03-22,20.29,20.24,20.42,20.239,2070
2024-03-25,20.2,20.19,20.2,20.17,1204
2024-03-26,20.23,20.23,20.23,20.23,360
2024-03-27,20.3,20.28,20.3,20.22,3716
2024-03-28,20.24,20.2151,20.2939,20.21,3801
2024-04-01,20.2,20.08,20.2,20.06,756
2024-04-02,19.8998,19.8998,19.8998,19.8998,23
2024-04-03,20.03,20.03,20.03,20.03,313
2024-04-04,20.07,19.7915,20.47,19.7915,10650
2024-04-05,19.65,19.7632,19.77,19.63,7865
2024-04-08,19.87,19.8203,19.87,19.8203,101
2024-04-09,19.8018,19.8018,19.8018,19.8018,0
2024-04-10,19.5107,19.5503,19.5503,19.5107,801
2024-04-11,19.64,19.64,19.64,19.64,320
2024-04-12,19.3531,19.3,19.3531,19.3,1651
2024-04-15,19.29,19.17,19.31,19.17,1402
2024-04-16,18.9976,18.9976,18.9976,18.9976,0
2024-04-17,18.9956,18.9956,18.9956,18.9956,26
2024-04-18,18.8854,18.8854,18.8854,18.8854,0
2024-04-19,18.73,18.69,18.73,18.68,1320
2024-04-22,18.7,18.8104,18.84,18.69,7491
2024-04-23,18.9899,19.018,19.018,18.95,600
2024-04-24,19.0845,19.0845,19.0845,19.0845,0
2024-04-25,18.825,18.825,18.825,18.825,0
2024-04-26,18.9701,18.9701,18.9701,18.9701,15
2024-04-29,19.0011,19.0194,19.0194,19.0011,120
2024-04-30,18.87,18.7623,18.87,18.7623,100
2024-05-01,18.7923,18.7923,18.7923,18.7923,15
2024-05-02,19.069,19.069,19.069,19.069,0
2024-05-03,19.25,19.2935,19.2935,19.25,120
2024-05-06,19.43,19.43,19.43,19.43,213
2024-05-07,19.52,19.52,19.52,19.52,0
2024-05-08,19.49,19.49,19.49,19.49,542
2024-05-09,19.4716,19.55,19.55,19.47,535
2024-05-10,19.57,19.57,19.57,19.57,306
2024-05-13,19.5899,19.5809,19.5899,19.5809,125
2024-05-14,19.7,19.7,19.7,19.7,50
2024-05-15,20.06,20.06,20.06,20.06,156
2024-05-16,20.07,20.0382,20.0701,20.0382,305
2024-05-17,20.0661,20.0661,20.0661,20.0661,5
2024-05-20,20.056,20.056,20.056,20.056,114
2024-05-21,20.05,20.04,20.05,20.04,500
2024-05-22,19.93,19.8647,19.93,19.8647,331
2024-05-23,19.9,19.9,19.9,19.9,5
2024-05-24,19.9956,19.9956,19.9956,19.9956,0
2024-05-28,19.886,19.886,19.886,19.886,36
2024-05-29,19.6298,19.6298,19.6298,19.6298,0
2024-05-30,19.7425,19.7425,19.7425,19.7425,2
2024-05-31,19.82,19.82,19.82,19.82,100
2024-06-03,19.8409,19.8409,19.8409,19.8409,15
2024-06-04,19.9,19.9,19.9,19.9,162
2024-06-05,20.02,20.02,20.02,20.02,756
2024-06-06,20.05,20.1074,20.1074,20.05,780
2024-06-07,19.949,19.949,19.949,19.949,1
2024-06-10,19.9746,19.9746,19.9746,19.9746,13
2024-06-11,19.87,19.87,19.87,19.87,111
2024-06-12,20.12,20.12,20.12,20.12,457
2024-06-13,19.905,19.905,19.905,19.905,2
2024-06-14,19.72,19.72,19.72,19.72,100
2024-06-17,19.72,19.72,19.72,19.72,100
2024-06-18,19.79,19.79,19.79,19.79,344
2024-06-20,19.7,19.6883,19.7,19.6883,1098
2024-06-21,19.5775,19.5775,19.5775,19.5775,0
2024-06-24,19.6893,19.6893,19.6893,19.6893,0
2024-06-25,19.7214,19.7214,19.7214,19.7214,0
2024-06-26,19.6629,19.525198,19.6629,19.6629,0
2024-06-27,19.53,19.5168,19.53,19.5168,600
2024-06-28,19.5418,19.5418,19.5418,19.5418,0
2024-07-01,19.4414,19.4414,19.4414,19.4414,89
2024-07-02,19.5553,19.5467,19.5553,19.5467,606
2024-07-03,19.861,19.861,19.861,19.861,4
2024-07-05,19.9592,19.9592,19.9592,19.9592,3
2024-07-08,19.8839,19.8839,19.8839,19.8839,2
2024-07-09,19.8995,19.8995,19.8995,19.8995,0
2024-07-10,20.159,20.159,20.159,20.159,2
2024-07-11,20.19,20.1696,20.19,20.1696,103
2024-07-12,20.2866,20.2866,20.2866,20.2866,2
2024-07-15,20.1671,20.1671,20.1671,20.1671,37
2024-07-16,20.2704,20.2704,20.2704,20.2704,0
2024-07-17,19.99,19.95,19.99,19.93,847
2024-07-18,19.73,19.5739,19.73,19.5739,202
2024-07-19,19.4522,19.4522,19.4522,19.4522,0
2024-07-22,19.6099,19.6099,19.6099,19.6099,3
2024-07-23,19.5801,19.5801,19.5801,19.5801,116
2024-07-24,19.294,19.294,19.294,19.294,25
2024-07-25,19.1883,19.1883,19.1883,19.1883,10
2024-07-26,19.405,19.405,19.405,19.405,0
2024-07-29,19.2893,19.2893,19.2893,19.2893,2
2024-07-30,19.3014,19.3014,19.3014,19.3014,0
2024-07-31,19.6761,19.6761,19.6761,19.6761,0
2024-08-01,19.1011,19.1011,19.1011,19.1011,0
2024-08-02,18.75,18.7285,18.75,18.64,1422
2024-08-05,18.2998,18.2998,18.2998,18.2998,6
2024-08-06,18.4089,18.4089,18.4089,18.4089,0
2024-08-07,18.4996,18.4996,18.4996,18.4996,68
2024-08-08,18.78,18.9299,18.9299,18.78,717
2024-08-09,18.8302,18.9576,18.9576,18.83,585
2024-08-12,18.95,19.0078,19.0078,18.94,900
2024-08-13,19.3,19.4251,19.4251,19.3,200
2024-08-14,19.4496,19.4496,19.4496,19.4496,2
2024-08-15,19.6786,19.6786,19.6786,19.6786,0
2024-08-16,19.7795,19.7795,19.7795,19.7795,117
2024-08-19,20.0367,20.0409,20.0409,20.0367,205
2024-08-20,20.02,20.0755,20.0755,20.01,900
2024-08-21,20.2844,20.2844,20.2844,20.2844,0
2024-08-22,20.2003,20.2003,20.2003,20.2003,2
2024-08-23,20.5613,20.5613,20.5613,20.5613,1
2024-08-26,20.4275,20.4275,20.4275,20.4275,1132
2024-08-27,20.51,20.51,20.53,20.5,1148
2024-08-28,20.4163,20.4163,20.4163,20.4163,0
2024-08-29,20.5342,20.5342,20.5342,20.5342,0
2024-08-30,20.6,20.6,20.6,20.6,246
2024-09-03,20.0834,20.0834,20.0834,20.0834,1841
2024-09-04,19.96,19.9854,19.995,19.73,5554
2024-09-05,19.83,19.881,19.91,19.79,1266
2024-09-06,19.5391,19.5391,19.5391,19.5391,131
2024-09-09,19.7605,19.7605,19.7605,19.7605,51
2024-09-10,19.7314,19.7314,19.7314,19.7314,25
2024-09-11,19.9196,19.9196,19.9196,19.9196,0
2024-09-12,20.133,20.133,20.133,20.133,0
2024-09-13,20.2,20.1898,20.2,20.1898,137
