2023-10-02,0.1899,0.19,0.19,0.133,16140
2023-10-03,0.15,0.1201,0.169899,0.1152,60914
2023-10-04,0.1465,0.1125,0.1478,0.1125,1684
2023-10-05,0.1385,0.1188,0.1478,0.1133,7384
2023-10-06,0.11,0.1344,0.1344,0.11,587
2023-10-09,0.1006,0.0851,0.1006,0.0851,6395
2023-10-10,0.1,0.109099,0.109099,0.1,6000
2023-10-11,0.0943,0.070401,0.0952,0.070401,1303
2023-10-12,0.08,0.1001,0.1001,0.0705,3656
2023-10-16,0.0989,0.11,0.11,0.089,5199
2023-10-17,0.075,0.075,0.075,0.075,100
2023-10-18,0.075,0.075,0.0824,0.075,625
2023-10-19,0.068,0.068,0.068,0.068,698
2023-10-20,0.0879,0.0879,0.0879,0.0879,1500
2023-10-25,0.0989,0.0839,0.0989,0.0832,11704
2023-10-26,0.0989,0.0792,0.0998,0.0792,1823
2023-11-07,0.0525,0.05,0.0525,0.05,3100
2023-11-08,0.0568,0.0573,0.0573,0.0568,201
2023-11-09,0.0436,0.0436,0.0436,0.0436,1900
2023-11-14,0.08,0.08,0.0879,0.08,300
2023-11-21,0.050101,0.0376,0.050101,0.0376,1814
2023-11-24,0.04,0.0352,0.04,0.0352,178715
2023-12-01,0.05,0.0362,0.05,0.0351,6600
2023-12-04,0.04,0.04,0.04,0.04,150
2023-12-07,0.036,0.029,0.036,0.0288,13022
2023-12-08,0.04,0.0285,0.04,0.027,17235
2023-12-14,0.0693,0.07,0.07,0.05,1477
2023-12-29,0.03,0.03,0.03,0.03,101
2024-01-05,0.0301,0.0301,0.0301,0.0301,301
2024-01-10,0.0303,0.0303,0.0303,0.0303,399
2024-01-25,0.0301,0.0301,0.0301,0.0301,3000
2024-01-30,0.039901,0.039901,0.039901,0.039901,1000
2024-01-31,0.030199,0.030199,0.030199,0.030199,1039
2024-02-02,0.0396,0.0396,0.0396,0.0396,196
2024-02-20,0.04,0.04,0.04,0.04,100
2024-02-22,0.0312,0.04,0.04,0.0312,883
2024-03-01,0.0396,0.04,0.04,0.0396,818
2024-03-08,0.04,0.0499,0.0499,0.0301,5690
2024-03-11,0.0396,0.0599,0.0599,0.0396,14532
2024-03-12,0.0301,0.0334,0.0334,0.0301,943
2024-03-18,0.04,0.0352,0.04,0.033,13284
2024-03-20,0.0482,0.0698,0.0699,0.0482,25640
2024-03-21,0.0695,0.0698,0.0699,0.0693,605
2024-03-26,0.066449,0.066449,0.066449,0.066449,525
2024-04-02,0.033,0.0699,0.0699,0.033,2600
2024-04-22,0.0691,0.0691,0.0691,0.0691,1000
2024-05-06,0.0636,0.07,0.07,0.0636,3000
2024-05-09,0.0363,0.036,0.0365,0.036,2898
2024-05-10,0.0602,0.0351,0.0602,0.035,9155
2024-05-13,0.0489,0.049,0.049,0.0416,12000
2024-05-14,0.0501,0.0501,0.059,0.05,16613
2024-05-20,0.0535,0.054,0.054,0.0535,3208
2024-05-21,0.054,0.054,0.054,0.053899,17100
2024-05-28,0.066,0.0679,0.0679,0.066,1200
2024-06-10,0.0363,0.0362,0.0363,0.0362,800
2024-06-11,0.052,0.036101,0.052,0.036101,3533
2024-06-12,0.0493,0.0461,0.061,0.0461,3492
2024-06-13,0.04,0.04,0.0419,0.04,3407
2024-06-14,0.0601,0.0363,0.0601,0.036,9513
2024-06-20,0.051,0.051,0.051,0.051,1957
2024-06-25,0.0673,0.0679,0.0679,0.0673,972
2024-06-26,0.0792,0.069,0.0792,0.069,3000
2024-07-05,0.036,0.036,0.036,0.036,150
2024-07-24,0.04,0.0361,0.04,0.0361,8218
2024-07-25,0.0375,0.04,0.04,0.0375,2456
2024-07-26,0.0688,0.1,0.1875,0.067023,33399
2024-08-02,0.099,0.099,0.099,0.099,100
2024-08-07,0.099,0.099,0.099,0.099,185
2024-08-14,0.11,0.11,0.11,0.1089,4502
2024-08-15,0.1111,0.08,0.1111,0.08,3002
2024-08-16,0.104,0.1,0.104,0.08,5000
2024-08-19,0.0999,0.0903,0.1,0.09,4700
2024-08-20,0.0808,0.1039,0.1039,0.0792,10401
2024-08-22,0.0895,0.091959,0.0999,0.08,1701
2024-08-23,0.068241,0.04,0.07,0.031,6799
2024-08-27,0.074,0.075,0.075,0.074,2000
2024-08-28,0.0748,0.085,0.085,0.05,5298
2024-08-29,0.1,0.1,0.1,0.1,1000
2024-08-30,0.09,0.1,0.1,0.09,2000
2024-09-03,0.1,0.1,0.1,0.06,3200
2024-09-09,0.0606,0.09,0.1,0.04,6208
2024-09-11,0.0886,0.09,0.09,0.0502,4500
2024-09-12,0.09,0.1075,0.1075,0.06,4500
2024-09-18,0.0975,0.0606,0.0975,0.0606,1100
2024-09-20,0.0608,0.06,0.0608,0.06,402
2024-09-25,0.08,0.08,0.08,0.08,2017
2024-09-26,0.06,0.0699,0.07,0.06,12319
2024-09-27,0.0931,0.0643,0.1099,0.0611,50754
2024-10-02,0.091,0.1092,0.11,0.0646,7215
2024-10-04,0.099,0.1225,0.1225,0.099,6100
2024-10-22,0.088749,0.088749,0.088749,0.088749,100
2024-10-23,0.08,0.075,0.0808,0.075,882
2024-10-24,0.065,0.0649,0.065,0.044,18440
2024-10-25,0.0849,0.0849,0.0849,0.0849,702
2024-10-28,0.0401,0.0401,0.0401,0.0401,120
2024-10-29,0.086,0.0919,0.092,0.086,4300
2024-11-05,0.092,0.092,0.092,0.092,1000
2024-11-25,0.0879,0.091,0.091,0.0879,1000
2024-12-03,0.0902,0.091,0.091,0.0902,1000
2024-12-05,0.075549,0.0902,0.0902,0.075549,3276
2024-12-09,0.091,0.091,0.091,0.091,588
2024-12-18,0.0505,0.05,0.0505,0.05,3183
2024-12-19,0.0887,0.0887,0.0887,0.0887,150
2024-12-20,0.0884,0.0919,0.0919,0.0884,1049
2025-01-02,0.0911,0.0911,0.0911,0.0911,350
2025-01-07,0.091,0.091,0.091,0.091,300
2025-01-08,0.091,0.091,0.091,0.091,1592
2025-01-28,0.0516,0.076226,0.0911,0.0511,2400
2025-01-31,0.052,0.052,0.052,0.052,100
2025-02-04,0.08,0.073999,0.08,0.073999,700
2025-02-05,0.051,0.0701,0.091,0.051,14122
2025-02-06,0.08,0.07995,0.08,0.07995,725
2025-02-07,0.08,0.08,0.08,0.0505,1100
2025-02-11,0.08,0.08,0.08,0.08,290
2025-02-18,0.09,0.0801,0.191,0.072,72377
2025-02-19,0.08,0.08,0.1047,0.0656,39427
2025-02-20,0.106249,0.11,0.1274,0.106249,86720
2025-02-21,0.1125,0.11,0.1346,0.1,106665
2025-02-24,0.12,0.1,0.13625,0.0912,4266
2025-02-26,0.10015,0.111,0.1425,0.081,29852
2025-02-27,0.11,0.08495,0.11,0.0735,6550
2025-02-28,0.0939,0.06,0.0955,0.06,3300
2025-03-03,0.0635,0.0648,0.0855,0.0635,4104
2025-03-04,0.09,0.09,0.09,0.09,700
2025-03-05,0.09,0.094999,0.095,0.0891,5530
2025-03-07,0.081,0.09,0.09,0.081,925
2025-03-11,0.09,0.09,0.09,0.09,1000
2025-03-12,0.09,0.09,0.09,0.09,100
