2023-11-20,25.06,25.1599,25.31,25.04,34078
2023-11-21,25.05,24.93,25.115,24.89,85148
2023-11-22,24.88,24.9674,25.03,24.88,41577
2023-11-24,24.88,25.1899,25.23,24.88,21228
2023-11-27,25.01,25.1165,25.22,25.01,78813
2023-11-28,25.04,25.13,25.2099,25.03,44259
2023-11-29,25.11,25.11,25.23,25.1,133973
2023-11-30,25.2,25.1795,25.23,25.13,63367
2023-12-01,25.08,25.4,25.4,25.08,43060
2023-12-04,25.16,25.205,25.3,25.06,40840
2023-12-05,25.08,25.11,25.2,25.0674,67467
2023-12-06,25.3,25.1961,25.45,25.1901,32486
2023-12-07,25.2,25.32,25.35,25.0759,51747
2023-12-08,25.27,25.355,25.46,25.27,53281
2023-12-11,25.28,25.47,25.5,25.28,84321
2023-12-12,25.43,25.5049,25.55,25.4294,55384
2023-12-13,25.46,25.9,25.9,25.4,42488
2023-12-14,25.87,26.0,26.1,25.87,54277
2023-12-15,25.81,25.75,25.97,25.75,64528
2023-12-18,25.9,25.8786,25.98,25.83,115312
2023-12-19,25.92,26.07,26.15,25.92,96514
2023-12-20,26.01,25.89,26.18,25.89,36923
2023-12-21,26.09,26.2,26.2,26.0801,33498
2023-12-22,26.41,26.2919,26.4299,26.24,38204
2023-12-26,26.23,26.36,26.4,26.23,105700
2023-12-27,26.27,26.52,26.56,26.27,143458
2023-12-28,26.6,26.55,26.64,26.45,141446
2023-12-29,26.43,26.5,26.6,26.43,34154
2024-01-02,26.21,26.26,26.38,26.2,64753
2024-01-03,25.93,26.107,26.17,25.93,42388
2024-01-04,26.02,26.2088,26.3,26.02,104151
2024-01-05,26.15,26.213,26.47,26.15,25793
2024-01-08,26.31,26.47,26.53,26.31,48267
2024-01-09,26.18,26.2723,26.37,26.18,60053
2024-01-10,26.31,26.4209,26.465,26.31,44889
2024-01-11,26.5,26.45,26.5,26.2001,33755
2024-01-12,26.5,26.4823,26.6378,26.45,67301
2024-01-16,26.24,26.17,26.2599,26.0701,47979
2024-01-17,25.91,25.92,25.93,25.7664,83166
2024-01-18,26.08,26.12,26.1874,25.98,31506
2024-01-19,26.05,26.19,26.22,26.0,41068
2024-01-22,26.21,26.3248,26.43,26.21,90366
2024-01-23,26.23,26.219,26.24,26.07,62596
2024-01-24,26.48,26.46,26.5801,26.4,45322
2024-01-25,26.5,26.53,26.53,26.4,34791
2024-01-26,26.55,26.58,26.62,26.4801,35814
2024-01-29,26.62,26.73,26.75,26.5463,34162
2024-01-30,26.65,26.705,26.75,26.63,48176
2024-01-31,26.75,26.61,26.88,26.53,35274
2024-02-01,26.59,26.82,26.85,26.59,45673
2024-02-02,26.69,26.67,26.7,26.5501,35917
2024-02-05,26.53,26.5,26.57,26.37,37065
2024-02-06,26.55,26.675,26.69,26.53,33062
2024-02-07,26.7,26.73,26.7852,26.6801,21200
2024-02-08,26.73,26.66,26.73,26.55,45769
2024-02-09,26.72,26.7874,26.81,26.6031,72255
2024-02-12,26.69,26.82,26.8893,26.69,49919
2024-02-13,26.48,26.3822,26.5593,26.31,63538
2024-02-14,26.56,26.7122,26.7122,26.56,38182
2024-02-15,26.83,27.0,27.0,26.83,49308
2024-02-16,26.97,27.0677,27.2,26.97,81124
2024-02-20,27.19,27.195,27.28,27.12,53064
2024-02-21,27.14,27.21,27.26,27.13,54478
2024-02-22,27.5,27.5659,27.58,27.4412,40437
2024-02-23,27.63,27.6206,27.66,27.5921,31096
2024-02-26,27.59,27.5732,27.65,27.54,44995
2024-02-27,27.6,27.65,27.68,27.555,49050
2024-02-28,27.55,27.57,27.63,27.48,525757
2024-02-29,27.69,27.663,27.75,27.545,69422
2024-03-01,27.73,27.9578,28.0,27.704,146143
2024-03-04,27.85,27.96,28.03,27.85,184413
2024-03-05,27.94,27.87,28.08,27.85,142412
2024-03-06,28.17,28.23,28.34,28.1565,51551
2024-03-07,28.44,28.6,28.6199,28.37,58673
2024-03-08,28.62,28.47,28.68,28.37,50068
2024-03-11,28.22,28.29,28.29,28.1238,37352
2024-03-12,28.34,28.52,28.52,28.23,51930
2024-03-13,28.55,28.53,28.59,28.45,69627
2024-03-14,28.56,28.086,28.56,28.19,40873
2024-03-15,28.14,28.06,28.17,28.0053,24701
2024-03-18,28.24,28.1184,28.24,28.06,36273
2024-03-19,28.13,28.24,28.36,28.1,268467
2024-03-20,28.2,28.4846,28.52,28.15,32003
2024-03-21,28.54,28.53,28.6,28.38,78837
2024-03-22,28.5,28.44,28.535,28.39,109383
2024-03-25,28.44,28.41,28.52,28.3822,77298
2024-03-26,28.52,28.47,28.63,28.47,86231
2024-03-27,28.57,28.55,28.63,28.475,30613
2024-03-28,28.47,28.55,28.569,28.45,39997
2024-04-01,28.32,28.382,28.46,28.3011,57556
2024-04-02,28.26,28.19,28.27,28.124,63606
2024-04-03,28.16,28.41,28.4399,28.16,47424
2024-04-04,28.53,28.19,28.58,28.1686,59788
2024-04-05,28.16,28.24,28.2701,28.0901,27190
2024-04-08,28.34,28.42,28.47,28.32,96597
2024-04-09,28.43,28.42,28.51,28.23,51674
2024-04-10,28.0,28.04,28.13,27.9265,86827
2024-04-11,28.09,28.06,28.13,27.8327,54670
2024-04-12,27.84,27.65,27.91,27.6,81362
2024-04-15,28.07,27.58,28.07,27.53,52847
2024-04-16,27.44,27.33,27.44,27.1901,44119
2024-04-17,27.39,27.34,27.4143,27.1901,44591
2024-04-18,27.35,27.26,27.4,27.2004,52503
2024-04-19,27.27,27.19,27.3699,27.16,52890
2024-04-22,27.3,27.47,27.5499,27.27,60665
2024-04-23,27.55,27.8171,27.86,27.55,49011
2024-04-24,27.81,27.76,27.81,27.66,36439
2024-04-25,27.42,27.62,27.67,27.35,90545
2024-04-26,27.76,27.89,27.93,27.7401,94480
2024-04-29,27.99,28.01,28.022,27.89,82169
2024-04-30,27.93,27.71,28.01,27.6601,40028
2024-05-01,27.68,27.58,27.92,27.58,58024
2024-05-02,27.95,27.92,28.039,27.69,30627
2024-05-03,28.27,28.15,28.27,28.0701,66892
2024-05-06,28.35,28.4113,28.5,28.2867,67828
2024-05-07,28.47,28.51,28.58,28.3,903548
2024-05-08,28.42,28.4335,28.46,28.3163,33861
2024-05-09,28.44,28.68,28.68,28.4104,86730
2024-05-10,28.7,28.69,28.75,28.6782,63867
2024-05-13,28.71,28.72,28.82,28.71,125099
2024-05-14,28.85,28.99,29.0,28.8001,62919
2024-05-15,29.02,29.25,29.25,29.0115,52911
2024-05-16,29.29,29.11,29.29,29.0501,83276
2024-05-17,29.09,29.18,29.2,29.0501,169559
2024-05-20,29.15,29.23,29.29,29.15,90786
2024-05-21,29.17,29.19,29.23,29.13,68248
2024-05-22,29.06,28.951,29.08,28.85,94168
2024-05-23,29.26,28.9,29.2645,28.8368,63767
2024-05-24,29.02,29.19,29.19,28.9801,47720
2024-05-28,29.25,29.19,29.26,29.1,57879
2024-05-29,28.85,28.73,28.88,28.71,101365
2024-05-30,28.86,28.95,29.02,28.8,57549
2024-05-31,29.19,29.2,29.2,28.95,105938
2024-06-03,29.37,29.34,29.37,29.13,40040
2024-06-04,29.22,29.16,29.24,29.08,39950
2024-06-05,29.32,29.37,29.4199,29.1635,58835
2024-06-06,29.42,29.51,29.64,29.37,101501
2024-06-07,29.51,29.28,29.51,29.21,85313
2024-06-10,29.01,29.24,29.3,29.01,89199
2024-06-11,29.0,28.9,29.028,28.7761,79199
2024-06-12,29.48,29.2161,29.48,29.1694,60323
2024-06-13,29.05,28.88,29.06,28.7501,144330
2024-06-14,28.44,28.51,28.63,28.1476,86160
2024-06-17,28.55,28.63,28.72,28.37,49079
2024-06-18,28.56,28.82,28.83,28.56,134592
2024-06-20,28.84,28.513,28.84,28.625,90702
2024-06-21,28.38,28.27,28.38,28.18,53175
2024-06-24,28.6,28.43,28.63,28.4201,1474626
2024-06-25,28.48,28.58,28.58,28.42,75224
2024-06-26,28.38,28.36,28.44,28.2501,64107
2024-06-27,28.45,28.41,28.53,28.265,49240
2024-06-28,28.31,28.34,28.52,28.2801,77270
2024-07-01,28.57,28.5,28.66,28.388,465404
2024-07-02,28.4,28.51,28.66,28.3501,144195
2024-07-03,28.75,28.86,28.8895,28.7099,54340
2024-07-05,29.06,28.95,29.07,28.81,74877
2024-07-08,28.95,28.86,29.04,28.85,91009
2024-07-09,28.82,28.765,28.83,28.66,126523
2024-07-10,29.03,29.11,29.16,28.92,127931
2024-07-11,29.34,29.32,29.4,29.2119,146993
2024-07-12,29.39,29.5436,29.6346,29.39,123757
2024-07-15,29.44,29.34,29.47,29.24,123962
2024-07-16,29.28,29.52,29.52,29.2,187549
2024-07-17,29.32,29.32,29.39,29.16,110787
2024-07-18,29.3,28.91,29.3,28.88,125569
2024-07-19,28.83,28.7536,28.92,28.71,606687
2024-07-22,28.98,29.05,29.0899,28.8925,76360
2024-07-23,28.94,28.885,29.0,28.808,89727
2024-07-24,28.77,28.56,28.77,28.49,91104
2024-07-25,28.25,28.36,28.5,28.14,116851
2024-07-26,28.49,28.5755,28.67,28.4001,61058
2024-07-29,28.52,28.48,28.63,28.3801,101414
2024-07-30,28.66,28.55,28.87,28.4701,233635
2024-07-31,28.98,28.935,29.06,28.8178,91106
2024-08-01,28.64,28.27,28.7,28.08,149638
2024-08-02,27.87,27.72,27.875,27.5415,128138
2024-08-05,26.75,27.12,27.26,26.72,123157
2024-08-06,26.89,27.1,27.341,26.85,71144
2024-08-07,27.72,27.33,27.8699,27.28,74083
2024-08-08,27.62,27.77,27.84,27.49,89092
2024-08-09,27.71,27.82,27.84,27.5793,75620
2024-08-12,27.85,27.92,27.9399,27.7201,83470
2024-08-13,28.06,28.37,28.39,28.04,110204
2024-08-14,28.42,28.465,28.5,28.3185,81205
2024-08-15,28.72,28.82,28.88,28.6379,100124
2024-08-16,28.82,29.0,29.0,28.77,187952
2024-08-19,29.1,29.31,29.3503,29.09,103908
2024-08-20,29.27,29.23,29.28,29.16,104194
2024-08-21,29.41,29.43,29.54,29.23,111041
2024-08-22,29.58,29.21,29.58,29.21,206539
2024-08-23,29.5,29.8,29.8,29.25,86880
2024-08-26,29.74,29.637,29.8,29.6001,109551
2024-08-27,29.71,29.881,29.895,29.6701,76689
2024-08-28,29.84,29.71,29.92,29.65,118483
2024-08-29,29.92,29.95,30.11,29.85,141733
2024-08-30,30.04,29.96,30.16,29.81,77973
2024-09-03,29.84,29.46,29.92,29.42,78818
2024-09-04,29.33,29.36,29.58,29.31,61911
2024-09-05,29.45,29.36,29.55,29.2901,70667
2024-09-06,29.37,28.82,29.4,28.8,78840
2024-09-09,29.08,29.12,29.29,29.015,64171
2024-09-10,29.01,29.095,29.095,28.7601,60402
2024-09-11,29.04,29.155,29.24,28.696446,67924
2024-09-12,29.19,29.49,29.49,29.09,198901
2024-09-13,29.5,29.61,29.62,29.44,108077
