2020-10-28,6.5,6.6,6.75,5.78,3342186
2020-10-29,6.8,6.57,6.8,6.01,1232596
2020-10-30,6.78,6.7,6.84,6.45,460603
2020-11-02,6.95,6.86,6.95,6.53,441117
2020-11-03,6.8,6.95,6.95,6.56,327555
2020-11-04,6.9,6.95,6.95,6.75,321921
2020-11-05,7.0,7.03,7.08,6.83,597701
2020-11-06,7.03,7.01,7.06,6.96,529068
2020-11-09,6.9,6.77,6.97,6.57,339291
2020-11-10,6.8,6.78,6.94,6.55,115881
2020-11-11,6.66,6.55,6.88,6.51,131925
2020-11-12,6.54,6.62,6.69,6.47,139378
2020-11-13,6.75,6.68,6.84,6.575,160864
2020-11-16,6.78,6.76,6.99,6.62,248115
2020-11-17,6.87,6.78,6.92,6.62,248070
2020-11-18,6.8,6.46,6.91,6.4,332504
2020-11-19,6.4,6.32,6.62,6.16,321611
2020-11-20,6.33,6.4,6.53,6.21,167093
2020-11-23,6.6,6.35,6.71,6.2,463919
2020-11-24,6.4,6.08,6.48,5.95,620579
2020-11-25,6.4,6.33,6.43,6.18,328307
2020-11-27,6.41,6.72,6.74,6.35,287236
2020-11-30,6.74,6.85,6.85,6.63,252027
2020-12-01,7.0,7.13,7.37,6.83,393881
2020-12-02,7.2,7.07,7.53,7.01,576111
2020-12-03,7.0,7.21,7.41,6.99,123301
2020-12-04,7.23,7.16,7.5,7.1,176592
2020-12-07,7.16,7.09,7.48,7.05,351656
2020-12-08,7.19,7.01,7.19,6.97,258357
2020-12-09,7.19,6.81,7.28,6.72,145048
2020-12-10,6.84,6.98,7.14,6.84,188748
2020-12-11,7.09,7.52,7.68,7.04,465077
2020-12-14,7.9,8.73,9.34,7.85,2645413
2020-12-15,8.93,8.95,9.31,8.77,1477843
2020-12-16,9.06,9.1,9.2,8.77,902127
2020-12-17,9.37,9.72,9.76,9.35,1149032
2020-12-18,9.81,9.2,9.97,9.11,5849632
2020-12-21,9.2,9.54,9.68,9.1501,777706
2020-12-22,9.61,9.45,9.83,9.31,895175
2020-12-23,9.5,9.43,9.51,9.23,291768
2020-12-24,9.28,9.41,9.51,9.24,128804
2020-12-28,9.5,9.46,9.59,9.15,353457
2020-12-29,9.46,9.49,9.55,9.19,325208
2020-12-30,9.69,12.02,12.29,9.5,1426898
2020-12-31,12.41,13.03,13.42,12.13,767658
2021-01-04,13.94,15.38,15.72,13.75,880481
2021-01-05,15.45,14.46,15.6055,13.67,683965
2021-01-06,14.25,14.21,14.45,13.7,631916
2021-01-07,14.3,14.22,14.675,13.76,325284
2021-01-08,13.85,13.71,13.93,12.725,704776
2021-01-11,13.05,13.56,13.71,13.0,346085
2021-01-12,13.73,13.04,13.755,12.7206,354767
2021-01-13,12.94,13.47,13.5,12.33,336216
2021-01-14,13.46,14.83,15.22,13.1,741675
2021-01-15,14.28,12.53,14.7,12.32,609328
2021-01-19,12.76,14.16,14.24,12.41,454992
2021-01-20,14.54,13.23,14.56,13.21,473356
2021-01-21,13.35,12.76,13.64,12.4,415429
2021-01-22,12.72,12.75,13.07,11.61,519513
2021-01-25,12.9,12.2,13.85,11.8,477947
2021-01-26,12.21,12.45,12.97,12.21,187452
2021-01-27,12.33,11.16,12.33,11.12,427816
2021-01-28,12.85,13.06,14.14,12.32,835897
2021-01-29,14.38,13.21,15.0509,12.9288,960804
2021-02-01,19.04,14.72,24.0,13.81,5841716
2021-02-02,13.75,13.21,13.75,12.0,1464322
2021-02-03,13.64,13.28,13.75,12.73,900144
2021-02-04,12.6,13.1,13.32,12.3004,696341
2021-02-05,13.57,14.62,14.63,13.29,1241936
2021-02-08,15.43,15.4,15.72,14.8284,869499
2021-02-09,15.33,15.29,16.08,14.9,850138
2021-02-10,15.35,14.88,15.448,14.27,624169
2021-02-11,14.88,14.44,15.37,14.21,341038
2021-02-12,14.33,14.98,15.34,14.12,564129
2021-02-16,15.05,15.35,15.88,14.86,801839
2021-02-17,15.01,14.39,15.3,14.38,588884
2021-02-18,14.4,13.31,14.6781,12.92,866907
2021-02-19,13.7,13.26,14.0,13.09,605522
2021-02-22,13.39,15.26,15.5809,13.21,1187478
2021-02-23,15.0,16.56,16.97,14.07,1497253
2021-02-24,16.41,16.69,17.8,15.8,1147652
2021-02-25,16.43,14.79,16.79,14.73,780979
2021-02-26,14.47,13.96,14.77,13.25,709233
2021-03-01,14.49,12.98,14.675,12.87,569271
2021-03-02,12.99,13.83,14.21,12.91,757694
2021-03-03,13.75,13.12,14.36,12.83,650494
2021-03-04,13.02,13.0,13.35,12.05,739998
2021-03-05,12.9,12.68,13.0,11.79,675011
2021-03-08,12.7,12.52,12.9899,12.26,276577
2021-03-09,13.21,14.4,14.85,12.95,552830
2021-03-10,14.2,14.83,15.1138,14.0267,407534
2021-03-11,15.2,14.12,15.3249,14.03,620059
2021-03-12,13.73,14.12,14.63,13.34,533760
2021-03-15,14.26,14.82,15.08,14.26,393173
2021-03-16,14.85,14.82,15.32,14.52,475952
2021-03-17,14.82,15.63,15.69,13.95,745201
2021-03-18,15.51,14.91,16.1,14.76,484746
2021-03-19,14.88,14.56,14.99,14.22,799923
2021-03-22,14.3,13.21,14.33,13.2,485574
2021-03-23,13.1,11.9,13.138,11.86,655452
2021-03-24,12.02,11.76,12.57,11.75,271013
2021-03-25,11.62,11.5,11.92,10.97,465300
2021-03-26,11.77,11.49,11.77,10.99,302692
2021-03-29,11.6,10.84,11.6,10.34,356196
2021-03-30,10.74,10.2,10.9,10.18,384418
2021-03-31,10.38,9.97,10.56,9.88,568235
2021-04-01,10.23,10.49,10.65,10.02,737197
2021-04-05,10.74,10.28,10.74,9.96,426844
2021-04-06,10.42,10.63,11.37,10.35,837509
2021-04-07,10.55,10.37,10.71,10.3,349887
2021-04-08,10.82,10.5,11.06,10.41,425458
2021-04-09,10.32,10.23,10.38,10.07,187997
2021-04-12,10.25,9.7,10.38,9.52,440287
2021-04-13,9.92,10.17,10.33,9.82,351301
2021-04-14,10.26,10.38,10.63,10.24,305897
2021-04-15,10.6,11.19,12.29,10.45,1809146
2021-04-16,11.36,10.33,11.425,10.3,735690
2021-04-19,10.55,9.32,10.56,9.26,1159255
2021-04-20,9.32,9.35,9.86,9.31,500194
2021-04-21,9.35,9.98,9.9999,9.32,640270
2021-04-22,9.93,9.86,10.13,9.731,378881
2021-04-23,10.0,10.39,10.55,9.87,478689
2021-04-26,10.53,11.18,11.38,10.47,586337
2021-04-27,11.19,10.98,11.59,10.9,501613
2021-04-28,10.8,11.97,12.14,10.75,534652
2021-04-29,11.91,11.52,12.02,11.05,457320
2021-04-30,11.39,11.48,11.8,11.38,843115
2021-05-03,11.99,11.74,12.07,11.52,513755
2021-05-04,11.74,11.32,11.94,11.05,608275
2021-05-05,11.42,11.33,11.45,10.93,178128
2021-05-06,11.7,11.49,11.92,11.37,582910
2021-05-07,11.82,11.81,11.92,11.12,687001
2021-05-10,12.2,11.62,13.19,11.4149,1080845
2021-05-11,11.3,12.52,12.5713,11.2101,513051
2021-05-12,12.44,12.07,12.99,11.75,677465
2021-05-13,11.85,11.4,12.142,11.215,537365
2021-05-14,11.74,12.17,12.21,11.58,327884
2021-05-17,12.32,14.14,14.215,12.32,945589
2021-05-18,14.17,13.98,14.67,13.53,578031
2021-05-19,13.84,13.95,14.38,13.5,553249
2021-05-20,13.76,15.34,15.41,13.72,862900
2021-05-21,15.58,16.19,16.22,15.29,829727
2021-05-24,16.12,16.24,16.5,15.37,632658
2021-05-25,15.97,16.45,16.825,15.52,732959
2021-05-26,16.65,15.88,17.0,15.42,621051
2021-05-27,16.2,16.44,16.44,15.62,672033
2021-05-28,16.21,17.04,17.15,16.21,592236
2021-06-01,17.4,17.0,17.4,16.61,548871
2021-06-02,17.13,17.26,17.28,16.725,319897
2021-06-03,16.7,16.07,16.86,15.6501,575668
2021-06-04,16.42,16.81,17.49,16.42,461858
2021-06-07,16.76,18.56,18.9154,16.7,917614
2021-06-08,18.4,18.26,18.58,17.76,388025
2021-06-09,18.33,18.0,18.66,17.925,346030
2021-06-10,17.91,19.38,20.26,17.91,1037942
2021-06-11,19.34,18.12,19.45,17.94,512988
2021-06-14,17.61,17.93,18.3699,17.35,448653
2021-06-15,17.96,18.68,18.96,17.58,725982
2021-06-16,18.76,18.98,19.36,18.25,740291
2021-06-17,17.81,17.94,18.58,16.18,2085938
2021-06-18,17.94,18.73,18.84,17.675,1223255
2021-06-21,18.35,18.46,19.45,17.901,1184417
2021-06-22,18.16,18.08,18.35,17.44,449279
2021-06-23,18.43,18.81,19.35,18.1,581298
2021-06-24,18.99,19.3,19.8299,18.68,492847
2021-06-25,19.62,17.76,19.66,17.7,2182486
2021-06-28,17.79,16.78,18.245,16.34,737853
2021-06-29,16.27,16.45,16.86,16.27,386001
2021-06-30,16.58,17.49,17.72,16.41,480313
2021-07-01,17.93,17.61,17.98,17.09,203308
2021-07-02,17.95,18.06,18.4,17.5901,292177
2021-07-06,18.55,18.08,18.708,17.63,304686
2021-07-07,18.08,18.61,18.75,17.825,282155
2021-07-08,18.75,18.65,19.1,17.665,424362
2021-07-09,18.4,19.43,19.45,18.22,245527
2021-07-12,19.36,19.37,20.0,18.94,393607
2021-07-13,17.66,15.31,17.97,14.81,2137981
2021-07-14,15.7,14.52,15.705,14.225,2102420
2021-07-15,14.0,13.43,14.085,13.355,6283942
2021-07-16,13.37,12.68,13.55,12.55,2154369
2021-07-19,12.3,12.7,12.87,12.08,1265066
2021-07-20,13.25,12.69,13.25,12.45,1647107
2021-07-21,12.68,13.72,14.0,12.59,1342428
2021-07-22,13.66,13.51,13.97,13.055,448223
2021-07-23,13.32,13.05,13.43,12.6417,654224
2021-07-26,13.26,13.38,13.8,13.1209,487952
2021-07-27,13.33,13.52,13.57,12.75,624945
2021-07-28,13.6,13.84,14.08,13.58,909237
2021-07-29,14.17,13.97,14.41,13.8,1086763
2021-07-30,13.95,13.64,14.08,13.6,598855
2021-08-02,13.73,13.58,13.95,13.54,297967
2021-08-03,13.59,13.94,13.99,13.5,433376
2021-08-04,14.02,13.63,14.18,13.44,534891
2021-08-05,13.46,13.7,14.16,13.45,618992
2021-08-06,13.5,13.5,13.7,12.84,875963
2021-08-09,13.5,13.03,13.9,12.9,1188162
2021-08-10,13.15,12.96,13.43,12.855,1352676
2021-08-11,13.1,14.03,14.2,12.86,962690
2021-08-12,13.9,13.57,13.97,13.23,485745
2021-08-13,13.73,13.63,13.95,13.49,490743
2021-08-16,13.53,12.96,13.53,12.8,618181
2021-08-17,12.67,12.57,13.01,12.35,433323
2021-08-18,12.56,12.47,12.65,11.94,979556
2021-08-19,12.35,12.34,12.5673,12.05,492906
2021-08-20,12.26,12.58,12.81,12.26,415476
2021-08-23,12.96,13.19,13.62,12.96,581072
2021-08-24,13.33,13.22,13.51,12.88,496926
2021-08-25,13.14,13.4,13.62,12.92,308192
2021-08-26,13.25,13.44,13.94,13.24,503952
2021-08-27,13.46,14.34,14.365,13.46,772188
2021-08-30,14.46,14.0,14.62,13.76,405046
2021-08-31,13.93,14.34,14.45,13.93,419665
2021-09-01,14.54,14.09,14.65,13.83,635514
2021-09-02,14.64,14.2,14.78,14.125,513421
2021-09-03,14.56,14.82,15.25,14.25,795811
2021-09-07,14.6,14.89,15.08,14.37,695937
2021-09-08,14.74,14.42,14.79,14.17,643856
2021-09-09,14.48,13.92,14.82,13.86,553245
2021-09-10,13.92,13.97,14.63,13.6,696384
2021-09-13,13.96,13.89,14.27,13.52,667933
2021-09-14,13.93,14.06,14.41,13.75,528560
2021-09-15,14.06,13.91,14.4,13.79,423371
2021-09-16,13.61,13.33,13.61,12.7,840429
2021-09-17,13.39,12.81,13.39,12.78,2869481
2021-09-20,12.48,12.53,12.9,12.28,909686
2021-09-21,12.71,12.59,12.89,12.339,740048
2021-09-22,12.65,12.35,12.86,12.27,727108
2021-09-23,12.25,12.39,12.59,12.1,664029
2021-09-24,12.21,12.09,12.55,12.09,581527
2021-09-27,12.16,12.19,12.53,12.06,564953
2021-09-28,12.1,11.85,12.1,11.66,522543
2021-09-29,11.85,11.15,11.9,11.03,1025785
2021-09-30,11.46,11.63,11.9,11.22,891270
2021-10-01,11.82,11.49,11.82,11.3,590545
2021-10-04,11.42,11.25,11.52,11.15,544000
2021-10-05,11.14,11.1,11.195,10.8,767537
2021-10-06,11.11,11.1,11.18,10.8,617939
2021-10-07,10.93,10.79,11.34,10.73,950047
2021-10-08,11.05,10.93,11.2355,10.87,518121
2021-10-11,10.89,10.73,11.04,10.72,313130
2021-10-12,10.82,11.14,11.18,10.7,705975
2021-10-13,11.37,12.03,12.36,11.37,1024650
2021-10-14,12.26,12.26,12.4599,12.03,655653
2021-10-15,11.99,12.0,12.31,11.87,415686
2021-10-18,11.95,11.52,12.0399,11.51,526987
2021-10-19,12.11,12.13,12.41,11.8,616041
2021-10-20,12.32,12.76,12.98,12.11,856757
2021-10-21,12.58,12.8,12.8805,12.46,543558
2021-10-22,12.96,12.83,13.48,12.72,897945
2021-10-25,12.93,13.0,13.17,12.6,539393
2021-10-26,12.92,12.87,12.98,12.68,391256
2021-10-27,12.76,13.05,13.35,12.68,485834
2021-10-28,13.1,12.99,13.22,12.775,744922
2021-10-29,12.72,12.1,12.785,11.81,1354774
2021-11-01,12.26,12.59,12.76,11.96,395110
2021-11-02,12.39,12.03,12.54,11.75,739559
2021-11-03,11.81,12.42,12.52,11.8,415433
2021-11-04,12.7,12.46,12.9,12.34,393839
2021-11-05,12.62,12.91,12.97,12.33,620555
2021-11-08,12.84,12.85,13.08,12.37,510725
2021-11-09,12.74,13.3,13.38,12.65,629694
2021-11-10,13.67,13.4,13.989,13.38,710933
2021-11-11,13.85,13.61,13.89,13.29,638427
2021-11-12,13.47,13.98,14.19,13.43,734555
2021-11-15,13.97,13.71,14.25,13.67,462569
2021-11-16,13.54,13.76,13.76,13.28,659470
2021-11-17,14.04,14.31,14.59,13.972,591502
2021-11-18,14.14,14.23,14.27,13.9,333898
2021-11-19,14.12,14.11,14.63,14.07,452486
2021-11-22,13.57,13.55,14.22,13.28,661994
2021-11-23,13.18,13.4,13.59,13.01,649775
2021-11-24,13.23,13.56,13.63,13.205,381135
2021-11-26,13.3,13.27,13.4751,12.72,434504
2021-11-29,13.18,13.16,13.4,12.99,451528
2021-11-30,13.3,13.51,13.56,12.77,1930270
2021-12-01,13.68,11.51,13.68,11.5,938161
2021-12-02,11.7,11.39,11.7876,10.71,967871
2021-12-03,11.34,11.28,11.52,10.94,690029
2021-12-06,11.09,11.49,11.5,10.86,406788
2021-12-07,11.52,11.6,11.92,11.5,320924
2021-12-08,11.6,11.98,12.02,11.41,502842
2021-12-09,11.67,11.38,11.69,11.31,461058
2021-12-10,11.61,11.13,11.61,11.09,359535
2021-12-13,11.13,10.9,11.7132,10.81,943971
2021-12-14,10.65,10.3,10.85,10.25,897985
2021-12-15,10.19,10.3,10.37,9.67,1193173
2021-12-16,10.68,10.46,10.95,10.4,1151742
2021-12-17,10.51,10.17,10.61,10.05,3394532
2021-12-20,10.0,10.07,10.41,9.92,557969
2021-12-21,10.3,10.71,10.82,10.25,901577
2021-12-22,10.69,10.88,11.039,10.57,664074
2021-12-23,10.79,10.8,10.94,10.61,516764
2021-12-27,10.71,10.6,10.94,10.5,514464
2021-12-28,10.59,10.34,10.86,10.31,309594
2021-12-29,10.14,9.93,10.29,9.88,458490
2021-12-30,9.96,10.13,10.32,9.96,580523
2021-12-31,10.28,10.38,10.4489,10.2,390277
2022-01-03,10.23,10.37,10.59,10.13,753955
2022-01-04,10.47,10.18,10.55,10.16,521283
2022-01-05,10.24,9.8,10.58,9.78,476493
2022-01-06,9.56,9.37,9.75,9.22,821142
2022-01-07,9.4,9.57,9.67,9.17,489718
2022-01-10,9.65,10.14,10.14,9.53,596388
2022-01-11,10.22,10.29,10.4247,10.05,592818
2022-01-12,10.46,10.5,10.6,10.29,547172
2022-01-13,10.5,10.13,10.545,10.1,497272
2022-01-14,10.15,10.05,10.32,9.81,410315
2022-01-18,9.93,10.2,10.37,9.76,849176
2022-01-19,10.42,11.35,11.65,10.3,1554525
2022-01-20,11.64,11.08,11.699,11.07,966418
2022-01-21,11.12,10.3,11.12,10.28,886818
2022-01-24,10.02,10.06,10.12,9.36,1014324
2022-01-25,9.86,10.19,10.25,9.58,724419
2022-01-26,4.22,3.17,4.32,3.0,18403134
2022-01-27,3.07,2.81,3.08,2.68,6907505
2022-01-28,2.77,3.06,3.06,2.77,4442425
2022-01-31,3.08,3.11,3.249,2.96,3505417
2022-02-01,3.19,3.23,3.37,3.07,2284414
2022-02-02,3.25,3.25,3.35,3.05,2690255
2022-02-03,3.2,2.99,3.245,2.965,2575684
2022-02-04,2.94,3.11,3.12,2.91,3023228
2022-02-07,3.07,3.4,3.42,3.07,2565047
2022-02-08,3.35,3.45,3.47,3.24,1279320
2022-02-09,3.47,3.31,3.47,3.25,1834008
2022-02-10,3.24,3.3,3.565,3.2133,1317960
2022-02-11,3.27,3.36,3.46,3.24,1155073
2022-02-14,3.41,3.52,3.54,3.37,1462347
2022-02-15,3.41,3.57,3.58,3.29,1215620
2022-02-16,3.54,3.46,3.62,3.34,2038900
2022-02-17,3.43,3.39,3.5096,3.32,1123047
2022-02-18,3.38,3.2,3.39,3.18,878103
2022-02-22,3.22,3.18,3.32,3.1,1113921
2022-02-23,3.15,3.21,3.33,3.15,1006885
2022-02-24,3.31,3.36,3.4,3.16,1455430
2022-02-25,3.34,3.35,3.3557,3.18,1120773
2022-02-28,3.4,3.37,3.48,3.32,1310872
2022-03-01,3.34,3.7,3.72,3.34,1270075
2022-03-02,3.56,3.77,3.79,3.53,994356
2022-03-03,3.77,3.82,3.85,3.64,1035636
2022-03-04,3.88,3.84,3.93,3.79,1098916
2022-03-07,3.94,4.17,4.37,3.92,1716667
2022-03-08,4.31,4.25,4.77,4.22,2673896
2022-03-09,4.11,4.72,4.745,3.94,1479513
2022-03-10,4.69,4.77,4.9,4.61,901230
2022-03-11,4.7,4.63,4.81,4.49,1211803
2022-03-14,4.525,4.42,4.55,4.32,1488284
2022-03-15,4.35,4.69,4.74,4.27,1417155
2022-03-16,4.6,4.94,4.94,4.57,1388012
2022-03-17,5.04,5.18,5.465,5.03,1749631
2022-03-18,5.09,5.27,5.28,4.92,5134493
2022-03-21,5.23,4.95,5.26,4.92,1365963
2022-03-22,4.95,4.68,4.97,4.6,697246
2022-03-23,4.68,4.6,4.83,4.565,965401
2022-03-24,4.66,4.73,4.87,4.64,1512511
2022-03-25,4.74,4.36,4.77,4.3,916793
2022-03-28,4.27,4.13,4.31,4.06,849634
2022-03-29,4.05,4.39,4.41,4.03,751621
2022-03-30,4.42,4.24,4.4999,4.215,502189
2022-03-31,4.26,4.32,4.39,4.19,720341
2022-04-01,4.28,4.44,4.445,4.27,440845
2022-04-04,4.51,4.64,4.68,4.47,763819
2022-04-05,4.67,4.49,4.74,4.47,663737
2022-04-06,4.47,4.4,4.5,4.3,531298
2022-04-07,4.38,4.49,4.53,4.35,453044
2022-04-08,4.68,4.72,4.94,4.67,1214292
2022-04-11,4.85,4.56,4.86,4.5,704351
2022-04-12,4.71,4.76,4.88,4.62,740484
2022-04-13,4.81,5.13,5.185,4.81,711952
2022-04-14,5.17,5.01,5.17,4.895,504088
2022-04-18,5.13,4.7,5.19,4.685,587074
2022-04-19,4.7,4.69,4.785,4.6,499111
2022-04-20,4.75,4.61,4.87,4.56,497265
2022-04-21,4.62,4.32,4.645,4.195,838809
2022-04-22,4.18,4.03,4.26,3.98,871832
2022-04-25,3.95,3.84,3.98,3.675,963950
2022-04-26,3.83,3.49,3.8422,3.455,646368
2022-04-27,3.56,3.43,3.645,3.42,547327
2022-04-28,3.41,3.46,3.47,3.14,1045389
2022-04-29,3.54,3.38,3.58,3.31,1224265
2022-05-02,3.25,3.21,3.3,3.135,1326196
2022-05-03,3.21,3.32,3.4,3.11,791220
2022-05-04,3.32,3.39,3.42,3.15,806709
2022-05-05,3.37,3.12,3.372,3.04,886269
2022-05-06,3.17,2.98,3.17,2.93,542275
2022-05-09,3.06,2.81,3.06,2.75,1033541
2022-05-10,2.99,2.87,3.02,2.79,1369200
2022-05-11,2.92,2.94,3.2,2.89,1222550
2022-05-12,2.81,2.9,2.92,2.7,1842201
2022-05-13,2.9,3.13,3.24,2.84,1052356
2022-05-16,3.13,3.09,3.25,3.06,755093
2022-05-17,3.17,3.26,3.32,3.13,603450
2022-05-18,3.23,2.94,3.23,2.93,774263
2022-05-19,3.0,3.05,3.2,3.0,739042
2022-05-20,3.05,3.0,3.13,2.895,840162
2022-05-23,3.05,3.08,3.1,2.985,460723
2022-05-24,3.06,3.08,3.105,2.925,828505
2022-05-25,3.03,3.09,3.11,2.98,498172
2022-05-26,3.1,3.2,3.225,3.05,523124
2022-05-27,3.27,3.21,3.295,3.175,528650
2022-05-31,3.13,3.08,3.28,3.07,2179346
2022-06-01,3.25,3.1,3.26,3.0,945098
2022-06-02,3.13,3.47,3.515,3.13,753664
2022-06-03,3.4,3.4,3.435,3.31,593226
2022-06-06,3.39,3.2,3.4554,3.07,968898
2022-06-07,3.14,3.42,3.44,3.1,977294
2022-06-08,3.39,3.32,3.4,3.305,474095
2022-06-09,3.29,3.29,3.42,3.17,828660
2022-06-10,3.19,3.53,3.53,3.14,734227
2022-06-13,3.39,3.2,3.39,3.14,887739
2022-06-14,3.18,3.01,3.1924,3.0,527144
2022-06-15,3.12,3.07,3.155,2.93,905177
2022-06-16,3.01,2.98,3.055,2.85,843549
2022-06-17,2.98,2.93,3.04,2.885,1248562
2022-06-21,2.97,3.12,3.21,2.935,743825
2022-06-22,3.13,3.13,3.26,3.075,844460
2022-06-23,3.14,2.98,3.2,2.895,1088520
2022-06-24,3.0,3.32,3.4,2.9698,6637286
2022-06-27,3.38,3.16,3.47,3.16,858273
2022-06-28,3.19,2.95,3.26,2.935,965983
2022-06-29,3.0,2.91,3.02,2.885,907712
2022-06-30,2.85,2.87,2.98,2.84,1126523
2022-07-01,2.79,2.92,2.93,2.755,1025765
2022-07-05,2.91,2.63,2.96,2.55,956471
2022-07-06,2.66,2.5,2.7,2.4,659446
2022-07-07,2.5,2.58,2.685,2.5,651231
2022-07-08,2.62,2.64,2.7,2.535,438267
2022-07-11,2.64,2.61,2.73,2.58,627143
2022-07-12,2.62,2.91,2.97,2.61,779693
2022-07-13,2.89,3.08,3.085,2.831,681738
2022-07-14,2.97,2.97,2.995,2.795,556859
2022-07-15,2.97,2.82,2.97,2.69,485537
2022-07-18,2.88,2.91,2.965,2.82,451048
2022-07-19,2.96,2.94,3.04,2.88,613951
2022-07-20,2.98,2.98,3.13,2.93,434032
2022-07-21,2.98,3.1,3.1,2.945,422102
2022-07-22,3.09,2.97,3.22,2.935,352275
2022-07-25,2.96,2.93,2.99,2.805,339013
2022-07-26,2.93,3.02,3.07,2.93,318535
2022-07-27,3.06,3.26,3.26,2.95,401460
2022-07-28,3.33,3.48,3.54,3.28,450488
2022-07-29,3.51,3.72,3.785,3.38,341204
2022-08-01,3.7,3.57,3.7,3.47,259579
2022-08-02,3.67,3.62,3.76,3.45,410966
2022-08-03,3.67,3.91,3.92,3.64,524461
2022-08-04,4.02,4.27,4.36,3.82,783801
2022-08-05,4.09,4.25,4.255,3.995,451713
2022-08-08,4.33,4.37,4.42,4.235,384374
2022-08-09,4.37,4.33,4.42,4.13,345039
2022-08-10,4.39,4.3,4.44,4.22,309143
2022-08-11,4.34,3.95,4.34,3.93,358047
2022-08-12,4.03,4.28,4.31,3.96,305179
2022-08-15,4.17,4.21,4.3,4.09,276289
2022-08-16,4.15,4.02,4.21,4.0,223623
2022-08-17,3.97,3.67,3.97,3.67,269456
2022-08-18,3.69,3.64,3.77,3.62,255203
2022-08-19,3.6,3.45,3.63,3.425,182387
2022-08-22,3.34,3.41,3.48,3.29,177782
2022-08-23,3.4,3.5,3.6501,3.4,172727
2022-08-24,3.47,3.63,3.65,3.45,155570
2022-08-25,3.68,3.51,3.68,3.46,162554
2022-08-26,3.44,3.27,3.49,3.15,234830
2022-08-29,3.2,3.09,3.34,3.07,270392
2022-08-30,3.12,3.07,3.155,3.0389,250243
2022-08-31,3.05,3.04,3.12,3.015,385543
2022-09-01,2.97,2.78,2.985,2.77,561505
2022-09-02,2.88,2.81,2.91,2.78,464684
2022-09-06,2.82,2.75,2.9,2.73,242657
2022-09-07,2.73,2.79,2.82,2.65,309283
2022-09-08,2.78,2.75,2.82,2.705,281091
2022-09-09,2.81,2.77,2.84,2.69,475204
2022-09-12,2.87,2.92,3.01,2.81,553813
2022-09-13,2.89,2.68,2.89,2.67,418530
2022-09-14,2.74,2.6,2.75,2.57,588811
2022-09-15,2.57,2.57,2.655,2.5,661641
2022-09-16,2.52,2.59,2.645,2.48,1238219
2022-09-19,2.61,2.62,2.69,2.5601,378898
2022-09-20,2.59,2.55,2.61,2.48,390219
2022-09-21,2.59,2.57,2.6601,2.5,398218
2022-09-22,2.61,2.51,2.6501,2.46,305637
2022-09-23,2.43,2.35,2.43,2.29,393000
2022-09-26,2.26,2.23,2.43,2.2,452579
2022-09-27,2.33,2.33,2.38,2.295,266973
2022-09-28,2.36,2.53,2.56,2.35,323768
2022-09-29,2.48,2.59,2.59,2.4,235933
2022-09-30,2.54,2.68,2.73,2.53,349664
2022-10-03,2.86,3.05,3.3,2.86,1249047
2022-10-04,3.3,3.21,3.34,3.06,361599
2022-10-05,3.12,3.2,3.21,2.97,453134
2022-10-06,3.17,3.15,3.24,3.1,284599
2022-10-07,3.06,2.84,3.06,2.83,410918
2022-10-10,2.77,2.85,2.97,2.74,151291
2022-10-11,2.82,2.58,3.0022,2.57,951460
2022-10-12,2.79,3.33,3.43,2.78,2333662
2022-10-13,3.21,3.45,3.5,3.06,1185466
2022-10-14,3.38,3.11,3.48,3.06,411248
2022-10-17,3.2,3.24,3.36,3.2,193500
2022-10-18,3.33,3.45,3.48,3.32,308231
2022-10-19,3.35,3.16,3.35,3.105,362363
2022-10-20,3.18,3.24,3.43,3.15,422623
2022-10-21,3.29,3.43,3.462,3.21,275348
2022-10-24,3.41,3.46,3.475,3.29,345412
2022-10-25,3.46,3.5,3.68,3.46,326666
2022-10-26,3.57,3.74,3.82,3.56,339936
2022-10-27,3.78,3.5,3.78,3.4614,223917
2022-10-28,3.43,3.37,3.43,3.25,183672
2022-10-31,3.35,3.3,3.41,3.27,114833
2022-11-01,3.42,3.37,3.52,3.36,178555
2022-11-02,3.39,3.11,3.52,3.05,378850
2022-11-03,3.01,3.13,3.19,2.9901,165773
2022-11-04,3.32,3.49,3.53,3.28,271606
2022-11-07,3.53,3.56,3.635,3.5,210272
2022-11-08,3.53,3.76,3.89,3.42,371356
2022-11-09,3.68,3.33,3.7,3.32,243475
2022-11-10,3.65,3.66,3.78,3.52,407922
2022-11-11,3.69,3.89,3.93,3.67,284511
2022-11-14,3.8,4.02,4.09,3.79,262429
2022-11-15,4.08,3.7,4.11,3.7,216632
2022-11-16,3.7,3.63,3.73,3.605,130380
2022-11-17,3.52,3.52,3.57,3.44,151982
2022-11-18,3.51,3.56,3.566,3.44,99302
2022-11-21,3.51,3.43,3.55,3.365,149775
2022-11-22,3.48,3.59,3.671,3.4,187887
2022-11-23,3.59,3.69,3.72,3.55,143426
2022-11-25,3.75,3.58,3.77,3.56,104338
2022-11-28,3.54,3.41,3.59,3.39,199626
2022-11-29,3.51,3.63,3.6559,3.465,167409
2022-11-30,3.72,3.81,3.81,3.6,323369
2022-12-01,3.93,4.0,4.09,3.92,262728
2022-12-02,3.85,4.08,4.15,3.845,270012
2022-12-05,4.01,3.83,4.045,3.82,200063
2022-12-06,3.8,3.86,3.945,3.8,165656
2022-12-07,3.88,4.07,4.09,3.88,224616
2022-12-08,4.14,4.02,4.15,3.99,192781
2022-12-09,4.03,4.03,4.27,3.97,300700
2022-12-12,4.01,4.11,4.175,3.91,160473
2022-12-13,4.29,4.43,4.68,4.29,520488
2022-12-14,4.4,4.22,4.49,4.22,361817
2022-12-15,4.02,3.94,4.14,3.94,287217
2022-12-16,3.9,3.94,4.05,3.88,1021894
2022-12-19,3.95,3.94,4.065,3.91,464050
2022-12-20,4.01,3.85,4.11,3.71,1347413
2022-12-21,3.9,3.93,3.98,3.85,372421
2022-12-22,3.85,4.28,4.3,3.75,638317
2022-12-23,4.32,4.29,4.37,4.12,382908
2022-12-27,4.28,4.5,4.505,4.25,233472
2022-12-28,4.41,4.23,4.4369,4.23,212371
2022-12-29,4.31,4.14,4.385,4.14,223846
2022-12-30,4.15,4.09,4.19,4.035,90352
2023-01-03,4.14,4.31,4.49,4.14,393855
2023-01-04,4.41,4.48,4.4997,4.33,395204
2023-01-05,4.35,4.28,4.39,4.145,211993
2023-01-06,4.4,4.28,4.49,4.28,159717
2023-01-09,4.29,4.36,4.4,4.24,253163
2023-01-10,4.35,4.42,4.485,4.29,217129
2023-01-11,4.55,4.89,5.02,4.48,1122243
2023-01-12,5.02,4.94,5.195,4.94,425790
2023-01-13,4.89,5.16,5.185,4.88,311484
2023-01-17,5.05,5.02,5.09,4.87,306439
2023-01-18,5.13,4.88,5.2201,4.88,194318
2023-01-19,4.88,4.97,5.04,4.82,230334
2023-01-20,5.0,5.25,5.25,4.96,351697
2023-01-23,5.2,5.18,5.29,5.06,306354
2023-01-24,5.2,5.3,5.3767,5.02,231746
2023-01-25,5.15,5.44,5.5,5.125,364610
2023-01-26,5.44,5.46,5.625,5.39,321189
2023-01-27,5.37,5.24,5.37,5.1025,288352
2023-01-30,5.16,5.15,5.24,5.03,253937
2023-01-31,5.11,5.16,5.29,5.04,204197
2023-02-01,5.18,5.39,5.5,5.09,404970
2023-02-02,5.52,5.28,5.54,5.14,435298
2023-02-03,5.09,5.16,5.2,4.99,382752
2023-02-06,5.01,4.94,5.12,4.88,241014
2023-02-07,4.96,4.94,5.06,4.87,285141
2023-02-08,5.0,4.83,5.0,4.82,229647
2023-02-09,4.88,4.61,4.9015,4.59,401933
2023-02-10,4.53,4.68,4.73,4.51,294019
2023-02-13,4.68,4.67,4.71,4.495,332537
2023-02-14,4.68,4.81,4.87,4.58,300705
2023-02-15,4.67,4.71,4.71,4.57,255475
2023-02-16,4.64,4.82,4.91,4.532,306254
2023-02-17,4.7,4.71,4.8,4.68,203220
2023-02-21,4.68,4.49,4.76,4.47,307604
2023-02-22,4.46,4.54,4.64,4.375,350985
2023-02-23,4.57,4.51,4.64,4.38,298195
2023-02-24,4.51,4.09,4.51,4.055,422936
2023-02-27,4.11,4.06,4.2201,4.05,198226
2023-02-28,4.06,4.04,4.15,4.0,212158
2023-03-01,4.09,4.44,4.46,4.09,246546
2023-03-02,4.4,4.56,4.58,4.33,219503
2023-03-03,4.56,4.69,4.75,4.51,274575
2023-03-06,4.66,4.45,4.675,4.435,486577
2023-03-07,4.33,4.51,4.53,4.33,820259
2023-03-08,4.52,4.41,4.59,4.39,402073
2023-03-09,4.48,4.44,4.4927,4.37,355148
2023-03-10,4.46,4.6,4.625,4.41,577536
2023-03-13,4.84,4.5,5.18,4.44,1123146
2023-03-14,4.5,4.59,4.75,4.5,552889
2023-03-15,4.69,4.51,4.74,4.485,998418
2023-03-16,4.5,4.51,4.61,4.49,780711
2023-03-17,4.67,4.69,4.85,4.5,1185238
2023-03-20,4.81,4.73,4.87,4.62,649873
2023-03-21,4.6,4.63,4.65,4.5,720823
2023-03-22,4.69,4.63,4.778,4.62,324205
2023-03-23,4.63,4.7,4.78,4.605,327491
2023-03-24,4.73,4.61,4.73,4.5,392440
2023-03-27,4.58,4.66,4.71,4.58,235922
2023-03-28,4.8,5.08,5.14,4.73,535188
2023-03-29,5.1,5.64,5.6956,5.1,727087
2023-03-30,5.65,6.73,6.79,5.56,2290018
2023-03-31,6.6,6.53,6.78,6.375,1308364
2023-04-03,6.45,6.81,6.9,6.31,1197794
2023-04-04,6.88,6.36,6.94,5.81,1141094
2023-04-05,6.39,6.66,6.74,6.29,759275
2023-04-06,6.56,6.7,6.9,6.5,750016
2023-04-10,6.65,6.66,6.81,6.51,759502
2023-04-11,6.73,7.19,7.49,6.64,1065791
2023-04-12,7.44,7.22,7.44,7.01,742201
2023-04-13,7.4,7.37,7.4282,7.145,638985
2023-04-14,7.33,7.18,7.33,7.03,378050
2023-04-17,7.15,7.11,7.3,7.06,418455
2023-04-18,7.06,6.89,7.27,6.78,606369
2023-04-19,6.75,6.57,6.85,6.52,439277
2023-04-20,6.62,6.66,6.8,6.55,345081
2023-04-21,6.5,6.2,6.5,6.025,621373
2023-04-24,6.17,6.2,6.3,6.0,367615
2023-04-25,6.16,6.12,6.16,5.9,412739
2023-04-26,6.21,6.0,6.245,5.975,351024
2023-04-27,6.05,6.08,6.1174,5.86,367930
2023-04-28,6.12,5.97,6.15,5.9,484180
2023-05-01,6.03,6.07,6.44,6.01,446032
2023-05-02,6.02,6.43,6.47,5.91,509545
2023-05-03,6.33,6.35,6.56,6.26,496548
2023-05-04,6.48,6.38,6.5891,6.3001,367357
2023-05-05,6.12,6.32,6.3399,5.92,417559
2023-05-08,6.35,6.2,6.3799,6.15,231164
2023-05-09,6.2,6.24,6.28,6.1,200608
2023-05-10,6.28,6.15,6.41,6.06,284257
2023-05-11,5.99,5.61,6.03,5.6,345283
2023-05-12,5.61,5.49,5.66,5.35,446625
2023-05-15,5.5,5.53,5.69,5.42,235505
2023-05-16,5.42,5.36,5.52,5.28,233002
2023-05-17,5.29,5.37,5.395,5.23,228882
2023-05-18,5.24,5.28,5.34,5.17,335133
2023-05-19,5.34,5.28,5.4,5.2,379846
2023-05-22,5.28,5.13,5.38,5.09,322617
2023-05-23,5.1,5.23,5.23,5.07,297788
2023-05-24,5.23,5.05,5.23,4.9901,335127
2023-05-25,5.06,4.88,5.06,4.815,288543
2023-05-26,4.99,4.71,4.99,4.7,263776
2023-05-30,4.69,4.52,4.75,4.48,356471
2023-05-31,4.52,4.5,4.72,4.45,532590
2023-06-01,4.52,4.72,4.795,4.52,374559
2023-06-02,4.7,4.57,4.7801,4.47,476527
2023-06-05,4.52,4.57,4.72,4.56,250161
2023-06-06,4.58,4.6,4.605,4.495,181945
2023-06-07,4.62,4.5,4.695,4.4873,653552
2023-06-08,4.6,4.43,4.71,4.43,349228
2023-06-09,4.4,4.31,4.445,4.28,296928
2023-06-12,4.23,4.09,4.2625,4.08,332157
2023-06-13,4.18,4.07,4.29,4.07,347891
2023-06-14,4.16,3.99,4.21,3.98,482726
2023-06-15,3.96,4.04,4.04,3.84,505342
2023-06-16,4.07,4.04,4.135,3.97,564321
2023-06-20,4.0,3.91,4.0,3.88,318228
2023-06-21,3.87,3.81,3.93,3.76,299543
2023-06-22,3.78,3.75,3.8,3.71,216380
2023-06-23,3.76,3.71,3.815,3.65,508329
2023-06-26,3.83,3.81,3.88,3.75,258315
2023-06-27,3.97,4.0,4.03,3.81,512243
2023-06-28,3.98,3.74,3.98,3.51,830175
2023-06-29,3.68,3.96,3.97,3.57,640645
2023-06-30,3.92,3.78,3.92,3.62,515906
2023-07-03,3.78,4.07,4.135,3.78,243618
2023-07-05,4.1,4.11,4.26,4.03,635894
2023-07-06,4.01,4.19,4.21,4.01,452819
2023-07-07,4.24,4.19,4.31,4.15,382106
2023-07-10,4.15,4.44,4.465,4.15,260418
2023-07-11,4.63,4.24,4.63,4.22,196060
2023-07-12,4.31,4.75,4.795,4.31,472621
2023-07-13,4.85,4.89,5.04,4.78,418883
2023-07-14,4.87,4.83,4.9196,4.735,272453
2023-07-17,4.68,4.72,4.76,4.6073,188550
2023-07-18,4.78,4.88,4.885,4.71,211756
2023-07-19,4.88,4.94,4.97,4.83,227491
2023-07-20,4.94,4.9,4.945,4.855,182006
2023-07-21,4.89,4.73,4.94,4.66,223931
2023-07-24,4.74,4.79,4.865,4.73,191406
2023-07-25,4.8,5.0,5.035,4.8,207452
2023-07-26,5.0,5.1,5.125,4.935,228405
2023-07-27,5.08,4.92,5.0897,4.85,441359
2023-07-28,5.01,5.01,5.03,4.9401,145548
2023-07-31,5.13,5.19,5.265,5.09,145702
2023-08-01,5.04,4.95,5.04,4.9,277361
2023-08-02,4.9,4.75,4.9,4.685,305867
2023-08-03,4.78,4.84,4.87,4.72,242812
2023-08-04,4.88,4.88,4.97,4.79,370888
2023-08-07,4.87,4.62,4.87,4.54,300993
2023-08-08,4.49,4.62,4.66,4.4,310400
2023-08-09,4.37,4.19,4.6,3.9,619639
2023-08-10,4.17,4.36,4.3925,4.12,319958
2023-08-11,4.36,4.32,4.43,4.245,1100261
2023-08-14,4.32,4.43,4.465,4.24,693194
2023-08-15,4.39,4.37,4.48,4.34,448796
2023-08-16,4.32,4.05,4.36,4.05,279108
2023-08-17,4.07,4.11,4.17,4.07,224328
2023-08-18,4.09,4.1,4.12,4.01,436235
2023-08-21,4.12,4.09,4.18,4.05,154032
2023-08-22,4.11,4.12,4.13,4.025,154615
2023-08-23,4.19,4.44,4.46,4.14,208543
2023-08-24,4.44,4.4,4.52,4.34,185766
2023-08-25,4.4,4.4,4.49,4.3,124908
2023-08-28,4.39,4.52,4.54,4.39,181871
2023-08-29,4.49,4.73,4.73,4.49,182726
2023-08-30,4.8,4.7,4.82,4.57,454357
2023-08-31,4.69,4.57,4.695,4.51,252085
2023-09-01,4.66,4.68,4.76,4.6,825090
2023-09-05,4.6,4.56,4.6,4.44,349940
2023-09-06,4.54,4.5,4.56,4.47,311643
2023-09-07,4.48,4.65,4.65,4.4,450550
2023-09-08,4.82,5.04,5.3588,4.73,682476
2023-09-11,5.09,5.17,5.21,5.06,277834
2023-09-12,5.14,5.4,5.51,5.1084,846568
2023-09-13,5.4,5.58,5.71,5.4,510712
2023-09-14,5.75,5.98,6.005,5.7,428353
2023-09-15,6.09,5.99,6.1,5.915,524319
2023-09-18,5.98,5.83,5.98,5.7,343854
2023-09-19,5.9,5.54,5.9,5.51,236261
2023-09-20,5.44,5.59,5.72,5.42,161450
2023-09-21,5.5,5.53,5.605,5.41,103806
2023-09-22,5.61,5.66,5.77,5.59,281995
2023-09-25,5.62,5.61,5.68,5.5,143723
2023-09-26,5.56,5.3,5.56,5.3,406133
2023-09-27,5.23,5.13,5.29,5.005,789580
2023-09-28,5.38,5.14,5.46,5.025,616051
2023-09-29,5.28,5.18,5.43,5.065,1566197
2023-10-02,5.19,5.12,5.19,4.98,519487
2023-10-03,5.11,4.73,5.12,4.73,466660
2023-10-04,4.74,4.61,4.765,4.59,258410
2023-10-05,4.54,4.79,4.82,4.5,209152
2023-10-06,4.83,4.89,4.96,4.76,1212084
2023-10-09,4.95,4.93,5.085,4.8,371340
2023-10-10,4.95,4.89,5.0,4.855,210008
2023-10-11,5.02,4.9,5.13,4.835,289972
2023-10-12,4.85,4.58,4.85,4.54,229212
2023-10-13,4.7,5.01,5.0501,4.7,347090
2023-10-16,4.96,4.98,5.1,4.9,193633
2023-10-17,4.99,5.17,5.23,4.95,327091
2023-10-18,5.21,5.09,5.33,5.07,560321
2023-10-19,5.06,5.01,5.06,4.91,315139
2023-10-20,5.09,5.07,5.2299,4.96,345721
2023-10-23,4.91,4.97,5.09,4.75,325555
2023-10-24,4.8,5.09,5.1,4.8,321985
2023-10-25,5.04,4.87,5.158,4.86,281693
2023-10-26,4.83,4.76,4.92,4.66,308486
2023-10-27,4.81,5.01,5.03,4.76,373183
2023-10-30,5.07,5.0,5.15,4.97,243438
2023-10-31,4.95,4.87,5.08,4.82,342279
2023-11-01,4.96,4.93,5.14,4.75,385573
2023-11-02,4.98,4.84,5.03,4.61,325088
2023-11-03,4.91,4.98,5.11,4.86,541525
2023-11-06,4.97,4.92,5.01,4.84,289431
2023-11-07,4.91,4.78,4.91,4.39,409826
2023-11-08,4.69,4.74,4.87,4.62,196631
2023-11-09,4.75,4.65,4.92,4.64,266866
2023-11-10,4.72,4.61,4.72,4.515,174036
2023-11-13,4.52,4.83,4.89,4.51,398349
2023-11-14,4.98,5.2,5.29,4.95,276664
2023-11-15,5.27,5.46,5.48,5.24,283477
2023-11-16,5.48,5.5,5.72,5.48,341088
2023-11-17,5.74,5.67,5.7999,5.575,251340
2023-11-20,5.47,5.83,5.84,5.46,175115
2023-11-21,5.88,6.01,6.08,5.88,290719
2023-11-22,6.05,5.85,6.07,5.79,270357
2023-11-24,5.84,5.94,6.0915,5.84,161872
2023-11-27,6.1,6.12,6.23,6.0,299576
2023-11-28,6.14,6.3,6.3,6.06,248622
2023-11-29,6.3,6.21,6.3,6.09,204174
2023-11-30,6.16,6.33,6.34,6.06,222177
2023-12-01,6.33,6.28,6.4,6.08,415262
2023-12-04,6.14,6.09,6.2335,5.94,308210
2023-12-05,6.03,6.13,6.13,5.96,293118
2023-12-06,6.15,5.95,6.19,5.94,169646
2023-12-07,6.0,5.93,6.0,5.81,146779
2023-12-08,5.81,5.76,5.97,5.72,211728
2023-12-11,5.64,5.8,5.85,5.57,238577
2023-12-12,5.77,5.54,5.82,5.505,195992
2023-12-13,5.59,6.15,6.225,5.55,577052
2023-12-14,6.33,6.69,6.75,6.32,555998
2023-12-15,6.59,6.55,6.74,6.51,789878
2023-12-18,6.55,6.54,6.58,6.4001,194748
2023-12-19,6.57,6.96,7.01,6.57,217187
2023-12-20,7.03,6.55,7.06,6.55,335918
2023-12-21,6.65,6.86,6.9,6.63,225248
2023-12-22,7.0,6.87,7.375,6.87,442006
2023-12-26,6.82,6.92,6.935,6.8,220132
2023-12-27,6.95,6.99,7.0495,6.865,219199
2023-12-28,6.93,6.71,6.93,6.67,229563
2023-12-29,6.62,6.54,6.73,6.44,422221
2024-01-02,6.54,6.14,6.55,6.075,308039
2024-01-03,5.94,5.85,6.0,5.8299,293670
2024-01-04,5.85,5.98,6.0492,5.79,275750
2024-01-05,5.97,5.92,6.13,5.86,274587
2024-01-08,5.81,5.72,5.86,5.695,162030
2024-01-09,5.75,5.61,5.77,5.58,198328
2024-01-10,5.7,6.02,6.06,5.7,327083
2024-01-11,6.14,6.16,6.4,5.935,364207
2024-01-12,6.35,6.41,6.73,6.35,314563
2024-01-16,6.23,6.1,6.2835,6.09,185373
2024-01-17,5.98,6.14,6.15,5.87,248642
2024-01-18,6.2,6.0,6.2,5.88,208865
2024-01-19,6.07,5.98,6.12,5.925,206036
2024-01-22,5.9,6.19,6.19,5.8399,164673
2024-01-23,6.29,6.14,6.29,6.08,114492
2024-01-24,6.05,5.96,6.19,5.82,376748
2024-01-25,6.12,6.48,6.515,6.1,312570
2024-01-26,6.41,6.33,6.51,6.27,188225
2024-01-29,6.4,6.85,6.9,6.2308,747477
2024-01-30,6.74,6.21,6.79,6.19,355630
2024-01-31,6.28,6.12,6.4678,6.12,216490
2024-02-01,6.25,6.59,6.618,6.19,255521
2024-02-02,6.53,6.76,6.82,6.31,405683
2024-02-05,6.66,6.59,6.66,6.47,160315
2024-02-06,6.68,6.57,6.68,6.5,177607
2024-02-07,6.65,6.59,6.735,6.5,211517
2024-02-08,6.58,6.6,6.71,6.55,135292
2024-02-09,6.56,6.52,6.5742,6.49,102100
2024-02-12,6.57,6.59,6.68,6.49,178215
2024-02-13,6.4,5.93,6.4,5.92,342301
2024-02-14,5.97,5.85,5.9753,5.82,229817
2024-02-15,5.91,5.98,6.185,5.89,257823
2024-02-16,5.96,5.99,6.065,5.89,258972
2024-02-20,6.04,5.91,6.04,5.78,382285
2024-02-21,6.43,5.61,6.43,5.55,269377
2024-02-22,5.65,5.56,5.65,5.42,298325
2024-02-23,5.65,5.82,5.84,5.5,244321
2024-02-26,5.75,5.77,5.81,5.63,139720
2024-02-27,5.83,5.6,5.84,5.6,140612
2024-02-28,5.72,5.72,5.84,5.66,186017
2024-02-29,5.86,5.88,5.948,5.81,121676
2024-03-01,5.93,6.39,6.4,5.85,376752
2024-03-04,6.64,6.99,7.1,6.55,569269
2024-03-05,7.07,6.95,7.088,6.78,287655
2024-03-06,7.1,7.32,7.39,6.85,526091
2024-03-07,7.38,7.69,7.75,7.33,399293
2024-03-08,7.78,7.68,7.89,7.32,356254
2024-03-11,7.66,7.49,7.8894,7.38,409453
2024-03-12,7.47,7.77,7.78,7.22,356156
2024-03-13,7.8,7.99,8.2,7.73,421295
2024-03-14,7.9,7.79,7.988,7.59,269034
2024-03-15,7.77,8.17,8.17,7.77,750910
2024-03-18,8.17,7.86,8.17,7.78,263936
2024-03-19,7.72,7.81,7.94,7.6057,296060
2024-03-20,7.77,8.51,8.67,7.66,429155
2024-03-21,8.72,7.94,8.8244,7.92,519268
2024-03-22,7.9,8.05,8.24,7.78,308441
2024-03-25,8.15,8.1,8.21,7.99,167490
2024-03-26,8.28,8.01,8.37,7.9315,204903
2024-03-27,8.07,8.17,8.32,8.07,250063
2024-03-28,8.26,8.39,8.51,8.07,269289
2024-04-01,8.4,8.45,8.82,8.33,291265
2024-04-02,8.57,8.78,8.82,8.36,318351
2024-04-03,8.86,9.51,9.57,8.86,530896
2024-04-04,9.49,9.09,9.59,9.07,400316
2024-04-05,8.67,9.27,9.48,8.3392,808668
2024-04-08,9.55,9.27,9.59,9.2,460755
2024-04-09,9.54,9.32,9.792,9.24,500080
2024-04-10,8.81,9.64,9.78,8.69,609216
2024-04-11,9.79,9.72,9.818,9.46,291758
2024-04-12,10.07,9.8,10.9583,9.48,1221151
2024-04-15,10.0,9.62,10.1557,9.55,520730
2024-04-16,9.37,9.66,9.75,9.2016,390544
2024-04-17,9.78,9.63,10.022,9.52,362631
2024-04-18,9.83,9.61,9.92,9.59,265094
2024-04-19,9.51,9.68,9.86,9.51,535175
2024-04-22,9.22,9.41,9.78,9.18,415046
2024-04-23,9.6,10.12,10.21,9.55,731624
2024-04-24,10.15,9.91,10.15,9.81,281914
2024-04-25,9.8,10.16,10.35,9.71,362966
2024-04-26,10.23,10.24,10.43,10.1,338435
2024-04-29,10.28,10.15,10.4,10.06,205537
2024-04-30,9.66,9.57,9.95,9.5,396782
2024-05-01,9.61,9.68,9.98,9.55,332340
2024-05-02,9.54,9.77,9.8797,9.51,238558
2024-05-03,9.91,9.76,10.01,9.66,235202
2024-05-06,9.8,10.3,10.31,9.8,296089
2024-05-07,10.26,10.52,10.87,10.1,747225
2024-05-08,10.31,10.48,10.9099,10.2,434529
2024-05-09,10.79,10.86,11.06,10.58,713968
2024-05-10,10.94,10.59,11.04,10.4735,354348
2024-05-13,10.62,10.74,10.855,10.3024,526890
2024-05-14,10.75,10.67,10.92,10.56,359101
2024-05-15,10.89,11.25,11.36,10.27,676013
2024-05-16,11.1,11.1,11.26,10.89,446959
2024-05-17,11.58,11.91,12.126,11.34,866579
2024-05-20,12.01,12.32,12.38,11.73,590216
2024-05-21,12.14,11.99,12.28,11.89,509875
2024-05-22,12.15,11.74,12.43,11.73,762584
2024-05-23,11.94,11.55,12.42,11.53,601609
2024-05-24,11.76,11.88,12.09,11.68,510677
2024-05-28,12.33,12.34,13.3,12.14,804701
2024-05-29,11.98,12.28,12.47,11.9328,507730
2024-05-30,12.22,12.25,12.589,12.18,415452
2024-05-31,12.35,12.4,12.46,12.0,1666865
2024-06-03,12.52,12.27,12.5599,12.08,483315
2024-06-04,12.08,11.46,12.17,11.43,686099
2024-06-05,11.5,11.45,11.63,11.31,587214
2024-06-06,11.5,11.73,12.04,11.4801,359592
2024-06-07,11.4,11.11,11.5689,10.92,760053
2024-06-10,11.19,10.95,11.19,10.77,465342
2024-06-11,10.79,11.05,11.06,10.66,348259
2024-06-12,11.47,11.19,11.59,11.105,398387
2024-06-13,11.12,10.81,11.16,10.75,285267
2024-06-14,10.88,11.12,11.15,10.75,398099
2024-06-17,11.14,10.58,11.4,10.57,606030
2024-06-18,10.54,10.76,10.979,10.46,464728
2024-06-20,10.88,11.04,11.2,10.81,636895
2024-06-21,11.01,10.59,11.12,10.51,1355950
2024-06-24,10.64,10.79,10.88,10.5,548404
2024-06-25,10.69,10.49,10.74,10.39,569701
2024-06-26,10.4,10.57,10.69,10.35,512185
2024-06-27,10.66,10.42,10.82,10.42,308484
2024-06-28,10.51,10.44,10.6399,10.32,806631
2024-07-01,10.45,10.35,10.55,10.28,321653
2024-07-02,10.32,10.25,10.39,10.07,309134
2024-07-03,10.51,10.75,11.1,10.49,367034
2024-07-05,10.88,11.1,11.19,10.5671,534582
2024-07-08,10.93,11.42,11.53,10.87,479789
2024-07-09,11.43,11.15,11.61,11.1,299858
2024-07-10,11.44,13.51,13.82,11.44,1398790
2024-07-11,13.92,13.74,13.98,13.28,804517
2024-07-12,13.61,13.67,13.99,13.45,713005
2024-07-15,13.77,13.88,14.39,13.32,504397
2024-07-16,13.94,14.11,14.45,13.83,511658
2024-07-17,14.02,13.53,14.1888,13.49,559782
2024-07-18,13.62,13.09,13.62,12.75,453451
2024-07-19,12.78,12.82,13.2,12.56,326300
2024-07-22,12.8,12.85,12.975,12.57,304477
2024-07-23,12.71,12.87,13.14,12.7,270933
2024-07-24,13.0,12.22,13.378,12.19,440742
2024-07-25,11.89,12.02,12.26,11.6,354401
2024-07-26,12.23,12.17,12.3808,11.98,239629
2024-07-29,12.3,12.11,12.41,11.82,211149
2024-07-30,12.15,12.22,12.5,11.94,264772
2024-07-31,12.6,12.71,12.91,12.36,352730
2024-08-01,12.72,12.21,13.02,11.95,482234
2024-08-02,12.29,11.47,12.5499,11.19,585216
2024-08-05,10.1,10.63,10.778,9.57,588403
2024-08-06,10.72,10.83,10.9964,10.3619,326708
2024-08-07,11.3,10.11,11.62,10.045,413778
2024-08-08,10.34,10.63,10.91,10.08,382601
2024-08-09,10.72,10.62,10.72,10.4001,217410
2024-08-12,11.04,11.63,11.79,10.9,711648
2024-08-13,11.6,11.95,12.04,11.6,233247
2024-08-14,11.94,11.89,12.01,11.71,256722
2024-08-15,12.12,12.17,12.42,11.76,273574
2024-08-16,12.29,12.15,12.5999,11.91,839483
2024-08-19,12.15,12.57,12.9,12.11,620924
2024-08-20,12.87,13.01,13.35,12.78,398602
2024-08-21,13.01,13.09,13.3,12.84,302663
2024-08-22,12.96,12.73,13.025,12.62,209133
2024-08-23,12.87,13.03,13.14,12.68,305221
2024-08-26,13.05,12.59,13.1,12.53,275019
2024-08-27,12.4,12.52,12.6,12.1,178387
2024-08-28,12.16,12.15,12.3,11.97,300072
2024-08-29,12.16,12.32,12.42,12.09,153094
2024-08-30,12.3,12.58,12.59,12.13,484073
2024-09-03,12.5,11.67,12.65,11.54,495718
2024-09-04,11.59,11.62,12.03,11.3782,378717
2024-09-05,12.14,12.18,12.75,11.48,3802022
2024-09-06,12.22,11.5,12.42,11.47,2339062
2024-09-09,11.67,11.61,11.98,11.545,831176
2024-09-10,11.74,12.02,12.05,11.58,886958
2024-09-11,11.99,13.04,13.05,11.85,1153437
2024-09-12,13.31,14.58,14.76,13.25,1940770
2024-09-13,14.99,15.45,15.6,14.83,1768685
