2024-07-30,20.09,19.934,20.09,19.86,124255
2024-07-31,20.15,20.1414,20.15,20.1414,183
2024-08-01,19.95,19.6901,19.95,19.59,104921
2024-08-02,19.4771,19.4771,19.4771,19.4771,0
2024-08-05,18.8,18.8575,18.89,18.7619,1005
2024-08-06,18.99,19.0249,19.21,18.865,13402
2024-08-07,19.3112,18.9563,19.35,18.9563,116838
2024-08-08,19.27,19.3351,19.38,19.27,12760
2024-08-09,19.41,19.4103,19.44,19.3549,7615
2024-08-12,19.4501,19.3949,19.53,19.3949,90293
2024-08-13,19.53,19.6681,19.6681,19.53,7455
2024-08-14,19.63,19.7113,19.73,19.58,51240
2024-08-15,19.94,20.0055,20.02,19.9399,305819
2024-08-16,20.01,20.0313,20.08,19.93,17430
2024-08-19,20.02,20.1655,20.22,20.02,11501
2024-08-20,20.21,20.135,20.22,20.1,4156
2024-08-21,20.12,20.2162,20.25,20.12,8415
2024-08-22,20.2189,20.0163,20.2189,20.0163,56152
2024-08-23,20.11,19.8412,20.2756,19.86,22781
2024-08-26,19.96,19.7237,19.96,19.44,5004
2024-08-27,19.79,19.7771,19.79,19.74,6172
2024-08-28,19.78,19.6783,19.78,19.64,5813
2024-08-29,19.75,19.7125,19.85,19.7125,3817
2024-08-30,19.82,19.8811,20.0,19.79,3008
2024-09-03,19.82,19.4607,19.82,19.46,16715
2024-09-04,19.56,19.4962,19.56,19.47,11194
2024-09-05,19.53,19.4789,19.5674,19.47,7900
2024-09-06,19.47,19.1871,19.47,19.1643,2967
2024-09-09,19.38,19.4037,19.445,19.29,21350
2024-09-10,19.3575,19.4208,19.44,19.27,17305
2024-09-11,19.27,19.6449,19.65,19.27,8862
2024-09-12,19.665,19.7704,19.81,19.651,14528
2024-09-13,19.88,19.887,19.887,19.85,2779
