2014-03-20,4416.0,4425.2,4425.2,4416.0,21
2014-03-21,4370.0,4370.0,4370.0,4370.0,0
2014-03-27,4397.6,4397.6,4397.6,4397.6,0
2014-04-04,4462.0,4452.8,4462.0,4374.6,12
2014-04-07,4480.4,4452.8,4480.4,4443.6,2
2014-04-09,4485.0,4411.4,4485.0,4393.0,1
2014-04-10,4462.0,4443.6,4554.0,4443.6,11
2014-04-14,4462.0,4462.0,4462.0,4462.0,0
2014-04-15,4462.0,4462.0,4462.0,4462.0,0
2014-04-22,4393.0,4393.0,4393.0,4393.0,4
2014-04-23,4439.0,4393.0,4439.0,4393.0,2
2014-04-25,4438.954,4439.0,4439.0,4438.954,1
2014-04-29,4439.0,4393.0,4439.0,4370.0,1
2014-05-02,4393.0,4393.0,4393.0,4393.0,1
2014-05-07,4425.2,4448.2,4448.2,4416.0,46
2014-05-08,4411.4,4429.8,4434.4,4411.4,9
2014-05-09,4439.0,4443.6,4443.6,4397.6,1
2014-05-12,4411.4,4457.4,4457.4,4411.4,5
2014-05-13,4425.2,4411.63,4457.4,4411.4,6
2014-05-14,4457.4,4429.8,4457.4,4411.4,1
2014-05-15,4425.2,4425.2,4457.4,4406.8,46
2014-05-16,4406.8,4416.0,4425.2,4402.2,5
2014-05-19,4434.4,4397.6,4438.77,4397.6,8
2014-05-21,4439.0,4439.0,4439.0,4420.6,10
2014-05-23,4480.4,4466.6,4480.4,4457.4,113
2014-05-27,4457.4,4452.8,4471.2,4452.8,43
2014-05-28,4457.4,4471.2,4475.846,4457.4,109
2014-05-29,4466.6,4462.0,4466.6,4462.0,0
2014-06-02,4439.0,4452.8,4452.846,4393.0,86
2014-06-06,4462.0,4448.2,4503.4,4448.2,22
2014-06-10,4448.2,4462.0,4466.646,4448.2,442
2014-06-12,4466.6,4471.2,4471.2,4466.6,0
2014-06-13,4462.0,4475.8,4480.4,4462.0,34
2014-06-16,4457.4,4471.2,4475.846,4457.4,53
2014-06-17,4466.6,4471.2,4480.4,4466.554,44
2014-06-18,4466.6,4462.0,4480.4,4462.0,37
2014-06-19,4466.6,4485.0,4586.66,4466.6,60
2014-06-20,4466.6,4466.6,4485.0,4466.6,41
2014-06-23,4471.2,4489.6,4498.8,4466.6,178
2014-06-24,4466.6,4462.0,4485.0,4462.0,30
2014-06-25,4466.6,4466.6,4480.4,4462.0,9
2014-06-26,4466.6,4466.6,4480.86,4466.14,23
2014-06-27,4466.6,4462.0,4480.4,4462.0,27
2014-06-30,4466.6,4475.8,4508.046,4462.0,215
2014-07-01,4485.0,4462.0,4476.72,4462.0,38
2014-07-02,4471.2,4466.6,4485.0,4466.14,32
2014-07-03,4480.4,4471.2,4485.0,4462.0,24
2014-07-08,4485.0,4466.6,4485.0,4462.0,43
2014-07-09,4485.0,4466.6,4485.0,4466.6,34
2014-07-10,4466.6,4466.6,4480.446,4466.554,15
2014-07-11,4466.6,4466.6,4475.8,4466.6,13
2014-07-14,4475.8,4462.0,4480.4,4462.0,44
2014-07-15,4480.4,4466.6,4480.4,4466.6,19
2014-07-16,4466.6,4466.6,4475.8,4466.6,8
2014-07-17,4476.26,4475.8,4476.26,4475.8,1
2014-07-21,4471.2,4462.0,4485.0,4462.0,54
2014-07-22,4471.2,4466.6,4480.4,4466.6,23
2014-07-24,4475.8,4471.246,4475.8,4462.0,11
2014-07-25,4466.6,4462.0,4480.4,4462.0,18
2014-07-29,4475.8,4462.0,4475.8,4462.0,0
2014-07-31,4462.0,4471.2,4471.2,4462.0,11
2014-08-15,4517.2,4480.4,4517.2,4466.6,5
2014-08-18,4466.6,4466.6,4466.6,4466.6,0
2014-08-20,4393.0,4462.0,4485.046,4393.0,20
2014-08-21,4406.8,4462.0,4480.4,4406.8,4
2014-08-22,4462.0,4466.6,4466.6,4452.8,28
2014-08-25,4508.046,4503.4,4514.44,4462.0,68
2014-08-26,4484.954,4462.0,4531.0,4462.0,54
2014-08-27,4482.7,4475.8,4531.0,4475.8,52
2014-08-28,4485.0,4512.6,4521.8,4485.0,20
2014-08-29,4494.154,4471.2,4531.0,4471.2,28
2014-09-02,4485.0,4508.0,4531.0,4485.0,52
2014-09-03,4503.4,4494.2,4521.8,4489.6,12
2014-09-04,4489.6,4503.4,4531.0,4476.03,35
2014-09-05,4498.8,4494.2,4531.0,4494.2,10
2014-09-08,4489.6,4489.6,4517.2,4489.6,6
2014-09-09,4503.4,4498.8,4503.4,4498.8,5
2014-09-10,4489.6,4480.4,4508.0,4480.4,10
2014-09-11,4489.6,4480.4,4489.6,4480.4,0
2014-09-12,4480.4,4475.8,4480.4,4475.8,1
2014-09-19,4475.8,4475.8,4475.8,4475.8,0
2014-09-22,4526.4,4553.632,4553.632,4526.4,5
2014-09-23,4554.0,4554.0,4554.0,4554.0,0
2014-09-24,4526.4,4521.8,4549.4,4521.8,6
2014-09-29,4544.8,4544.8,4544.8,4544.8,0
2014-09-30,4544.8,4508.0,4549.4,4508.0,2
2014-10-01,4544.8,4525.02,4544.8,4498.8,5
2014-10-02,4506.16,4503.4,4526.446,4485.0,5
2014-10-03,4485.0,4517.2,4517.2,4485.0,1196
2014-10-06,4521.8,4489.6,4531.0,4485.0,20
2014-10-07,4512.6,4512.6,4512.6,4512.6,217
2014-10-08,4512.6,4549.4,4549.4,4494.2,3
2014-10-15,4577.0,4558.6,4577.0,4558.6,0
2014-10-20,4549.4,4531.0,4549.4,4508.0,114
2014-10-21,4531.0,4503.4,4531.0,4485.0,9
2014-10-22,4531.0,4498.8,4531.0,4485.0,2
2014-10-23,4498.8,4512.6,4512.6,4498.8,0
2014-10-24,4531.0,4531.0,4531.0,4531.0,0
2014-10-27,4526.4,4526.4,4526.4,4526.4,0
2014-10-29,4526.4,4521.8,4531.0,4517.2,8
2014-12-05,4531.0,4531.0,4531.0,4531.0,1
2014-12-12,4531.0,4531.0,4531.0,4531.0,0
2014-12-17,4521.8,4521.8,4521.8,4521.8,0
2014-12-26,4485.046,4531.0,4531.0,4485.046,6
2014-12-29,4531.0,4531.0,4531.0,4494.2,74
2015-01-02,4498.8,4498.8,4521.8,4498.8,19
2015-01-05,4531.0,4508.0,4531.0,4466.6,35
2015-01-06,4531.0,4508.0,4531.0,4471.2,37
2015-01-07,4517.2,4503.4,4549.4,4462.0,62
2015-01-08,4503.4,4503.4,4517.2,4503.4,9
2015-01-12,4508.0,4503.4,4508.0,4503.4,8
2015-01-13,4544.8,4521.8,4549.4,4517.2,39
2015-01-14,4554.0,4521.8,4554.0,4521.8,8
2015-01-15,4475.8,4517.2,4554.0,4462.0,25
2015-01-16,4549.4,4535.6,4554.0,4535.6,3
2015-01-21,4577.0,4567.8,4577.0,4567.8,1
2015-01-22,4480.4,4485.0,4508.0,4480.4,6
2015-01-23,4471.2,4512.6,4531.0,4471.2,8
2015-01-26,4480.4,4489.6,4508.0,4480.4,2
2015-01-27,4486.38,4489.6,4489.6,4486.38,0
2015-01-28,4462.0,4462.0,4462.0,4462.0,1
2015-01-30,4485.0,4471.2,4485.0,4471.2,2
2015-02-02,4462.0,4462.0,4462.0,4462.0,0
2015-02-03,4466.6,4462.0,4466.6,4462.0,2
2015-02-04,4462.0,4439.0,4462.0,4439.0,4
2015-02-09,4462.0,4462.0,4462.0,4462.0,0
2015-02-10,4480.4,4531.0,4531.0,4480.4,103
2015-02-11,4535.6,4577.0,4613.8,4544.8,343
2015-02-12,4535.6,4554.0,4595.4,4531.0,50
2015-02-13,4590.8,4590.8,4590.8,4590.8,1
2015-02-17,4600.0,4563.2,4600.0,4554.0,2
2015-02-19,5520.0,4600.0,5520.0,4600.0,379
2015-02-20,4968.0,4618.4,4949.6,4600.0,2020
2015-02-23,4830.0,4521.8,4830.0,4521.8,17
2015-02-24,4705.8,4370.0,4705.8,4370.0,99
2015-10-12,4416.0,4416.0,4416.0,4416.0,234
2015-10-13,4416.0,4416.0,4416.0,4416.0,54
2015-10-16,4393.0,4393.0,4393.0,4393.0,634
2015-10-30,4462.0,4462.0,4462.0,4462.0,0
2015-11-19,4393.0,4393.0,4393.0,4393.0,53
2015-11-30,4462.0,4462.0,4462.0,4462.0,0
2015-12-14,4462.0,4462.0,4462.0,4462.0,0
2015-12-15,4416.0,4393.0,4416.0,4393.0,217
2015-12-16,4462.0,4462.0,4462.0,4462.0,0
2015-12-17,4416.0,4416.0,4416.0,4416.0,1
2015-12-18,4416.0,4416.0,4416.0,4416.0,0
2015-12-21,4388.4,4397.6,4439.0,4388.4,28
2015-12-22,4416.0,4420.6,4420.6,4379.2,1311
2015-12-23,4393.0,4383.8,4416.0,4383.8,24
2015-12-24,4370.0,4370.0,4370.0,4370.0,52
2015-12-28,4420.6,4416.0,4420.6,4416.0,1
2015-12-29,4393.0,4406.8,4416.0,4393.0,80
2015-12-30,4402.2,4429.8,4429.8,4393.0,8
2015-12-31,4429.8,4434.4,4448.2,4388.4,20
2016-01-04,4397.6,4429.8,4431.64,4393.0,166
2016-01-05,4425.2,4425.2,4425.2,4425.2,0
2016-01-06,4416.0,4434.4,4434.4,4416.0,0
2016-01-07,4443.6,4443.6,4443.6,4443.6,2
2016-01-08,4448.2,4448.2,4448.2,4448.2,0
2016-01-11,4443.6,4443.6,4443.6,4443.6,0
2016-01-12,4379.2,4439.0,4439.0,4379.2,2608
2016-01-13,4448.2,4522.49,4522.49,4448.2,0
2016-01-14,4485.0,4485.0,4485.0,4485.0,2
2016-01-15,4485.0,4485.0,4485.0,4485.0,0
2016-01-19,4416.0,4416.0,4416.0,4416.0,0
2016-01-20,4429.8,4448.2,4462.0,4383.8,56
2016-01-21,4462.0,4462.0,4462.0,4462.0,2
2016-01-22,4462.0,4462.0,4462.0,4462.0,0
2016-01-25,4462.0,4462.0,4462.0,4462.0,0
2016-01-26,4462.0,4462.0,4462.0,4462.0,0
2016-01-27,4462.0,4452.8,4508.0,4393.0,10
2016-01-28,4439.0,4439.0,4439.0,4439.0,0
2016-01-29,4402.2,4429.8,4434.4,4397.6,655
2016-02-01,4429.8,4429.8,4429.8,4429.8,0
2016-02-02,4429.8,4429.8,4429.8,4429.8,1
2016-02-03,4448.2,4448.2,4448.2,4448.2,0
2016-02-04,4416.0,4443.6,4443.6,4416.0,436
2016-02-05,4452.8,4452.8,4452.8,4452.8,0
2016-02-08,4452.8,4452.8,4452.8,4452.8,0
2016-02-09,4452.8,4452.8,4452.8,4452.8,0
2016-02-11,4462.0,4462.0,4462.0,4462.0,0
2016-02-12,4462.0,4462.0,4462.0,4462.0,0
2016-02-16,4462.0,4462.0,4462.0,4462.0,0
2016-02-17,4448.2,4448.2,4448.2,4448.2,0
2016-02-18,4448.2,4448.2,4448.2,4448.2,0
2016-02-19,4411.4,4425.2,4425.2,4402.2,1597
2016-02-22,4425.2,4425.2,4425.2,4425.2,0
2016-02-23,4425.2,4425.2,4425.2,4425.2,0
2016-02-24,4425.2,4425.2,4425.2,4425.2,0
2016-02-25,4425.2,4425.2,4425.2,4425.2,0
2016-02-26,4425.2,4425.2,4425.2,4425.2,0
2016-02-29,4425.2,4425.2,4425.2,4425.2,0
2016-03-01,4429.8,4429.8,4429.8,4429.8,0
2016-03-02,4429.8,4429.8,4429.8,4429.8,0
2016-03-03,4429.8,4434.4,4429.8,4429.8,0
2016-03-04,4434.4,4434.4,4434.4,4434.4,0
2016-03-07,4439.0,4439.0,4439.0,4439.0,0
2016-03-08,4439.0,4439.0,4439.0,4439.0,0
2016-03-09,4439.0,4439.0,4439.0,4439.0,0
2016-03-10,4439.0,4439.0,4439.0,4439.0,0
2016-03-11,4439.0,4462.0,4439.0,4439.0,326
2016-03-15,4443.6,4443.6,4443.6,4443.6,1
2016-03-16,NaN,4443.6,NaN,NaN,0
2016-03-17,4443.6,4443.6,4443.6,4443.6,0
2016-03-18,4452.8,4452.8,4452.8,4452.8,0
2016-03-24,4452.8,4452.8,4452.8,4452.8,0
2016-04-01,4452.8,4452.8,4452.8,4452.8,0
2016-04-04,4531.0,4531.0,4554.0,4512.6,2535
2016-04-05,4531.0,4521.8,4531.0,4531.0,129
2016-04-06,4521.8,4521.8,4521.8,4521.8,1
2016-04-07,4526.4,4526.4,4531.0,4526.4,323
2016-04-08,4531.0,4531.0,4531.0,4531.0,8
2016-04-11,4531.0,4526.4,4531.0,4521.8,5
2016-04-12,4517.2,4526.4,4526.4,4517.2,5
2016-04-13,4517.2,4525.894,4531.046,4512.6,148
2016-04-14,4526.4,4526.4,4528.7,4521.8,58
2016-04-15,4525.94,4526.4,4531.0,4521.8,68
2016-04-18,4524.56,4524.56,4524.56,4524.56,0
2016-04-19,4503.4,4489.6,4526.4,4489.6,15
2016-04-20,4526.4,4502.02,4526.4,4485.0,7
2016-04-21,4508.0,4531.0,4531.0,4503.4,294
2016-04-22,4521.8,4531.0,4531.0,4521.8,2
2016-04-25,4525.894,4517.2,4526.4,4503.4,7
2016-04-26,4511.68,4517.2,4521.8,4498.8,6
2016-04-27,4517.2,4526.4,4526.4,4517.2,0
2016-04-28,4525.02,4508.0,4526.032,4508.0,0
2016-04-29,4508.0,4508.0,4508.0,4508.0,0
2016-05-02,4521.8,4521.432,4531.046,4508.0,16
2016-05-03,4508.0,4526.4,4531.0,4508.0,2
2016-05-04,4526.4,4508.0,4531.0,4508.0,26
2016-05-05,4516.694,4520.42,4520.42,4516.694,0
2016-05-06,4521.8,4530.632,4530.632,4521.8,6
2016-05-09,4531.0,4530.632,4531.0,4517.2,1
2016-05-10,4531.0,4531.0,4531.0,4531.0,0
2016-05-11,4531.0,4512.6,4531.0,4512.6,0
2016-05-12,4525.02,4503.4,4526.032,4503.4,0
2016-05-13,4520.42,4530.632,4530.632,4494.2,1
2016-05-16,4512.6,4521.34,4521.34,4512.6,2
2016-05-17,4508.0,4525.894,4525.894,4508.0,3
2016-05-18,4523.824,4523.824,4523.824,4523.824,0
2016-05-19,4526.354,4526.354,4526.354,4526.354,0
2016-05-20,4494.2,4517.2,4517.2,4494.2,2
2016-05-23,4489.6,4521.432,4521.8,4489.6,29
2016-05-24,4521.8,4521.8,4521.8,4485.0,5
2016-05-25,4494.2,4521.432,4521.432,4494.2,0
2016-05-26,4494.2,4521.8,4521.8,4494.2,0
2016-05-27,4526.4,4517.2,4526.4,4503.4,9
2016-05-31,4521.8,4524.468,4540.2,4508.0,616
2016-06-01,4526.4,4526.4,4526.4,4526.4,0
2016-06-02,4526.354,4531.0,4531.0,4475.8,68
2016-06-03,4526.4,4526.4,4526.4,4526.4,0
2016-06-06,4526.4,4526.4,4526.4,4526.4,0
2016-06-07,NaN,4526.4,NaN,NaN,0
2016-06-08,4512.6,4508.0,4512.6,4498.8,0
2016-06-09,4508.0,4508.0,4508.0,4508.0,0
2016-06-10,4521.8,4521.8,4521.8,4521.8,0
2016-06-13,4517.2,4508.0,4517.2,4342.4,2
2016-06-14,4517.614,4517.614,4517.614,4517.614,0
2016-06-15,4517.2,4517.2,4517.2,4517.2,0
2016-06-16,4466.6,4457.4,4517.2,4411.4,67
2016-06-17,4466.6,4461.494,4484.494,4425.2,26
2016-06-20,4439.0,4429.8,4439.0,4393.0,27
2016-06-21,4462.0,4416.0,4462.0,4416.0,40
2016-06-22,4416.0,4416.0,4416.0,4416.0,0
2016-06-23,4416.0,4416.0,4416.0,4416.0,0
2016-06-24,4416.0,4462.0,4462.0,4402.2,15
2016-06-27,4462.0,4462.0,4462.0,4462.0,0
2016-06-28,4448.2,4466.6,4466.6,4425.2,63
2016-06-29,4494.2,4471.2,4494.2,4466.6,5
2016-06-30,4507.08,4507.08,4507.08,4507.08,0
2016-07-01,4489.6,4489.6,4489.646,4489.6,0
2016-07-05,4489.6,4489.6,4489.6,4489.6,0
2016-07-06,4485.0,4485.0,4485.0,4485.0,0
2016-07-07,4526.354,4489.6,4526.354,4457.4,5
2016-07-08,4457.446,4485.0,4485.046,4457.4,6
2016-07-11,4480.4,4480.4,4480.4,4480.4,0
2016-07-12,4457.4,4480.032,4480.032,4452.8,1
2016-07-13,4471.2,4480.4,4480.4,4471.2,0
2016-07-14,4531.0,4540.2,4540.2,4489.6,534
2016-07-15,4540.2,4554.0,4554.0,4540.2,21
2016-07-18,4554.0,4558.6,4567.8,4554.0,4
2016-07-19,4540.2,4540.706,4540.706,4540.2,3
2016-07-20,4554.0,4544.8,4558.6,4540.154,69
2016-07-21,4503.4,4531.0,4531.0,4462.0,5
2016-07-22,4439.0,4494.2,4498.8,4439.0,0
2016-07-25,4480.4,4517.2,4554.0,4466.6,43
2016-07-26,4517.2,4517.2,4517.2,4517.2,3
2016-07-27,4512.6,4526.4,4526.4,4512.6,0
2016-07-28,4512.6,4512.6,4512.6,4512.6,0
2016-07-29,4439.0,4494.2,4494.2,4370.0,3
2016-08-01,4471.2,4494.66,4494.66,4471.2,2
2016-08-02,4494.2,4494.2,4494.2,4494.2,0
2016-08-03,4494.2,4494.2,4494.2,4494.2,0
2016-08-04,4520.512,4485.0,4526.354,4475.8,69
2016-08-05,4416.0,4485.0,4526.4,4416.0,94
2016-08-08,NaN,4485.0,NaN,NaN,0
2016-08-09,4485.0,4485.0,4485.0,4485.0,0
2016-08-10,4485.0,4485.0,4510.024,4485.0,1
2016-08-11,4489.6,4489.6,4489.6,4489.6,0
2016-08-12,4489.6,4489.6,4489.6,4489.6,0
2016-08-15,NaN,4489.6,NaN,NaN,0
2016-08-16,4485.0,4484.632,4489.6,4471.2,23
2016-08-17,4485.0,4508.0,4526.4,4484.08,3212
2016-08-18,4526.4,4508.0,4531.0,4494.2,66
2016-08-19,4549.4,4535.6,4554.0,4508.322,23
2016-08-22,4512.6,4508.0,4544.8,4503.4,48
2016-08-23,4503.4,4503.4,4503.4,4503.4,0
2016-08-24,NaN,4503.4,NaN,NaN,0
2016-08-25,4517.2,4521.8,4521.8,4512.6,3
2016-08-29,4517.2,4517.2,4517.2,4485.0,23
2016-08-30,4498.846,4498.8,4498.846,4498.8,4
2016-08-31,4489.6,4500.18,4521.8,4489.6,5
2016-09-01,4498.8,4498.8,4498.8,4498.8,0
2016-09-02,NaN,4498.8,NaN,NaN,0
2016-09-06,4494.2,4489.646,4503.4,4480.4,115
2016-09-07,4485.322,4494.2,4508.0,4457.4,6
2016-09-08,4508.0,4508.0,4508.0,4508.0,2
2016-09-09,4508.0,4515.59,4517.154,4494.43,4
2016-09-12,4512.6,4512.6,4512.6,4508.0,1
2016-09-13,4471.2,4503.4,4508.0,4471.2,1
2016-09-15,4508.0,4508.0,4508.0,4508.0,0
2016-09-16,4503.4,4521.8,4521.8,4503.4,0
2016-09-19,4508.0,4508.0,4508.0,4508.0,0
2016-09-20,4498.8,4503.032,4544.8,4494.2,13
2016-09-21,4503.4,4503.4,4503.4,4503.4,0
2016-09-22,4498.8,4485.0,4512.6,4439.0,54
2016-09-23,4549.4,4549.4,4549.4,4549.4,0
2016-09-26,4530.954,4517.2,4530.954,4503.4,10
2016-09-27,4508.0,4508.0,4508.0,4508.0,0
2016-09-29,NaN,4508.0,NaN,NaN,0
2016-10-05,4508.0,4508.0,4531.0,4508.0,3298
2016-10-06,4508.0,4508.0,4508.0,4508.0,66
2016-10-07,4498.8,4508.0,4512.6,4498.8,5
2016-10-12,4508.0,4508.0,4531.0,4508.0,20
2016-10-13,4508.0,4512.6,4514.9,4507.356,232
2016-10-14,4512.6,4512.6,4517.2,4512.6,13
2016-10-17,4508.138,4517.2,4535.6,4448.2,1256
2016-10-18,4512.6,4511.312,4517.2,4511.312,24
2016-10-19,NaN,4511.312,NaN,NaN,0
2016-10-20,4512.6,4531.0,4549.4,4512.6,23
2016-10-21,4521.8,4540.2,4540.2,4508.0,13
2016-10-24,4531.0,4531.0,4531.0,4531.0,1
2016-10-25,4521.8,4526.4,4535.6,4517.2,770
2016-10-28,4549.354,4549.354,4549.354,4549.354,0
2016-10-31,4544.8,4540.2,4544.8,4540.2,1
2016-11-01,4540.2,4554.0,4554.0,4535.6,9
2016-11-02,4549.4,4540.2,4549.4,4540.2,108
2016-11-03,4535.6,4531.046,4535.646,4531.0,12
2016-11-04,NaN,4531.046,NaN,NaN,0
2016-11-08,NaN,4531.046,NaN,NaN,0
2016-11-10,4544.8,4535.6,4544.8,4535.6,2
2016-11-11,4521.8,4530.034,4530.494,4521.8,4
2016-11-15,4526.446,4544.8,4544.8,4521.8,25
2016-11-17,4535.6,4535.6,4535.646,4499.996,59
2016-11-18,4531.0,4531.0,4531.0,4531.0,21
2016-11-25,4540.2,4540.2,4540.2,4540.2,0
2016-11-29,NaN,4540.2,NaN,NaN,0
2016-11-30,4540.2,4540.2,4540.2,4540.2,9
2016-12-01,4544.248,4544.248,4544.248,4544.248,0
2016-12-06,NaN,4544.248,NaN,NaN,0
2016-12-07,4540.2,4540.2,4540.246,4540.2,29
2016-12-09,4544.846,4554.0,4554.0,4544.8,3
2016-12-12,4554.0,4554.0,4554.0,4554.0,1
2016-12-13,4549.4,4544.8,4549.4,4544.8,25
2016-12-14,4544.8,4544.8,4551.654,4531.0,80
2016-12-15,4540.2,4544.8,4544.8,4535.6,7
2016-12-16,4540.154,4544.8,4544.8,4540.154,15
2016-12-19,4544.8,4554.0,4554.0,4544.754,6
2016-12-20,4544.846,4545.168,4546.18,4544.8,14
2016-12-21,4554.0,4540.246,4554.0,4540.2,18
2016-12-22,4549.354,4558.6,4558.6,4549.354,4
2016-12-23,4577.0,4600.0,4636.8,4577.0,3263
2016-12-27,4641.4,4636.8,4650.6,4632.2,538
2016-12-28,4623.0,4627.6,4646.0,4618.4,114
2016-12-29,4627.6,4641.4,4641.4,4627.6,166
2016-12-30,4641.354,4636.846,4646.0,4631.05,2322
2017-01-03,4641.4,4645.908,4650.6,4631.832,783
2017-01-04,4646.0,4682.8,4687.4,4641.4,5579
2017-01-05,4669.0,4687.4,4692.0,4669.0,2361
2017-01-06,4682.8,4696.6,4715.0,4682.8,1354
2017-01-09,4705.8,4696.6,4710.4,4669.414,382
2017-01-10,4692.0,4705.8,4710.4,4692.0,1706
2017-01-11,4705.662,4701.2,4705.662,4692.0,27
2017-01-12,4692.0,4669.0,4701.2,4669.0,102
2017-01-13,4696.6,4673.6,4701.2,4655.2,350
2017-01-17,4655.2,4692.0,4701.2,4651.06,356
2017-01-18,4687.4,4678.2,4715.0,4641.4,2452
2017-01-19,4701.2,4715.0,4738.0,4692.0,3655
2017-01-20,4733.4,4669.0,4733.4,4669.0,238
2017-01-23,4687.4,4646.0,4692.0,4623.0,437
2017-01-24,4646.0,4664.4,4682.8,4646.0,155
2017-01-25,4655.2,4655.2,4669.0,4641.4,194
2017-01-26,4669.0,4659.8,4669.0,4623.0,276
2017-01-27,4669.0,4669.0,4692.0,4646.0,178
2017-01-30,4623.0,4655.2,4669.0,4560.9,313
2017-01-31,4655.2,4641.4,4655.2,4600.0,969
2017-02-01,4641.4,4623.0,4641.4,4622.264,149
2017-02-02,4641.4,4632.2,4659.8,4632.2,544
2017-02-03,4627.6,4641.4,4641.4,4623.0,184
2017-02-06,4641.4,4636.8,4641.4,4623.0,504
2017-02-07,4641.4,4618.4,4641.4,4618.4,347
2017-02-08,4622.172,4613.8,4623.0,4613.8,39
2017-02-09,4600.0,4600.0,4622.954,4577.0,217
2017-02-10,4600.0,4618.4,4618.4,4590.8,164
2017-02-13,4623.0,4623.0,4623.0,4600.0,147
2017-02-14,4618.4,4613.8,4623.0,4604.6,253
2017-02-15,4604.6,4609.2,4618.4,4581.6,182
2017-02-16,4609.2,4609.2,4613.8,4600.0,258
2017-02-17,4609.2,4604.6,4609.2,4587.626,102
2017-02-21,4600.0,4590.8,4604.6,4590.8,88
2017-02-22,4599.954,4600.0,4600.0,4581.6,151
2017-02-23,4604.6,4590.8,4617.94,4590.8,104
2017-02-24,4618.354,4586.2,4618.354,4433.48,7709
2017-02-27,4577.0,4701.2,4784.0,4577.0,373
2017-08-01,4531.0,4512.6,4531.0,4503.4,3591
2017-08-02,4512.6,4512.6,4512.6,4512.6,1086
2017-08-03,4512.6,4517.2,4535.6,4512.6,1869
2017-08-04,4512.6,4517.2,4517.2,4512.6,459
2017-08-07,4521.8,4513.106,4526.4,4512.6,259
2017-08-08,4517.2,4517.2,4517.2,4517.2,2
2017-08-14,4517.2,4526.4,4526.4,4517.2,4
2017-08-15,4508.046,4508.0,4508.046,4508.0,2
2017-08-16,4489.6,4503.4,4503.4,4485.0,10
2017-08-17,4485.0,4498.8,4498.8,4485.0,338
2017-08-18,4485.0,4508.0,4508.0,4485.0,5
2017-08-21,4508.0,4485.0,4508.0,4485.0,803
2017-08-22,4489.646,4489.6,4508.0,4489.6,138
2017-08-24,4485.0,4485.0,4485.0,4485.0,156
2017-08-25,4485.0,4485.0,4485.0,4485.0,8
2017-08-28,4498.8,4489.6,4498.8,4489.6,4
2017-08-29,4494.2,4508.0,4508.0,4494.2,89
2017-08-30,4508.0,4521.8,4798.49,4508.0,141
2017-08-31,4379.2,4498.8,4577.0,4126.2,39
2017-09-01,4498.8,4521.8,4521.8,4498.8,9
2017-09-05,4508.0,4531.0,4531.0,4508.0,80
2017-09-06,4521.8,4521.8,4521.8,4521.8,49
2017-09-07,4508.0,4508.0,4516.556,4508.0,161
2017-09-08,4512.6,4508.0,4512.6,4508.0,4
2017-09-11,4503.4,4508.0,4508.0,4503.4,202
2017-09-12,4531.0,4508.0,4531.0,4508.0,0
2017-09-13,4508.0,4531.0,4531.0,4485.0,197
2017-09-14,4508.0,4508.0,4508.0,4508.0,32
2017-09-18,4517.2,4521.8,4521.8,4517.2,10
2017-09-19,4508.0,4517.2,4521.8,4508.0,103
2017-09-20,4485.0,4517.2,4521.754,4485.0,33
2017-09-21,4496.5,4496.5,4496.5,4496.5,0
2017-09-26,4508.0,4512.6,4512.6,4508.0,6
2017-09-28,4531.0,4521.8,4535.6,4521.8,38
2017-09-29,4535.6,4535.6,4535.6,4535.6,17
2017-10-02,4521.8,4512.6,4521.8,4512.6,108
2017-10-03,4521.8,4512.6,4521.8,4512.6,4
2017-10-05,4521.8,4521.8,4521.8,4521.8,1
2017-10-09,4567.8,4508.0,4567.8,4508.0,108
2017-10-10,4512.278,4521.8,4521.8,4512.278,5
2017-10-11,4512.6,4512.6,4512.6,4512.6,4
2017-10-13,4517.2,4512.646,4517.2,4512.646,15
2017-10-17,4512.6,4512.6,4512.6,4512.6,0
2017-10-18,4517.2,4531.0,4531.0,4517.2,223
2017-10-20,4517.2,4531.0,4531.0,4517.2,32
2017-10-23,4526.4,4521.8,4526.4,4521.8,1
2017-10-24,NaN,4521.8,NaN,NaN,0
2017-10-25,4521.846,4531.0,4531.0,4521.8,3
2017-10-26,4512.6,4517.2,4517.2,4493.694,38
2017-10-27,4526.4,4508.0,4526.4,4508.0,8
2017-10-30,4512.6,4505.7,4512.6,4505.7,3
2017-10-31,4498.8,4508.0,4508.0,4498.8,221
2017-11-01,4508.0,4508.0,4508.0,4508.0,77
2017-11-03,4512.6,4512.6,4512.6,4512.6,0
2017-11-06,4512.6,4505.7,4512.6,4503.4,13
2017-11-07,4503.4,4503.4,4503.4,4503.4,1
2017-11-09,NaN,4503.4,NaN,NaN,0
2017-11-10,4508.0,4508.0,4508.0,4508.0,2
2017-11-13,4512.6,4508.0,4512.6,4508.0,2
2017-11-14,4508.0,4508.0,4512.6,4485.0,953
2017-11-16,4508.0,4503.4,4508.0,4498.8,12
2017-11-17,4508.0,4503.4,4517.2,4494.43,489
2017-11-20,4508.0,4498.8,4508.0,4498.8,627
2017-11-21,4508.0,4517.2,4517.2,4508.0,35
2017-11-22,4521.8,4513.106,4521.8,4513.106,4
2017-11-24,NaN,4513.106,NaN,NaN,0
2017-11-27,4517.2,4512.6,4519.5,4498.8,9
2017-11-28,4517.2,4503.4,4517.2,4498.8,77
2017-11-29,4503.4,4517.154,4517.154,4503.4,3
2017-11-30,4508.0,4512.6,4517.2,4503.4,247
2017-12-01,4508.0,4508.0,4508.0,4508.0,3077
2017-12-04,4563.2,4508.0,4563.2,4508.0,6
2017-12-05,4512.6,4512.6,4512.6,4512.6,13
2017-12-06,4512.6,4512.6,4512.6,4512.6,1
2017-12-08,4508.0,4512.6,4512.6,4503.4,15
2017-12-11,4503.4,4503.4,4517.2,4503.4,19
2017-12-13,4503.4,4498.8,4503.4,4498.8,1049
2017-12-14,4503.4,4512.6,4512.6,4498.8,20
2017-12-18,4508.0,4508.0,4508.0,4508.0,0
2017-12-19,4508.0,4503.4,4508.0,4498.8,56
2017-12-20,4498.8,4508.0,4508.0,4498.8,28
2017-12-21,4503.4,4508.0,4508.0,4498.8,35
2017-12-27,NaN,4508.0,NaN,NaN,0
2017-12-28,4521.8,4498.8,4521.8,4498.8,1
2017-12-29,4498.8,4508.0,4508.0,4498.8,8
2018-01-02,4508.0,4508.0,4508.0,4508.0,2
2018-01-03,4508.0,4512.6,4521.8,4508.0,550
2018-01-04,4508.0,4521.8,4521.8,4508.0,9
2018-01-05,4512.6,4531.0,4531.0,4512.6,6
2018-01-08,4526.4,4517.2,4825.4,4512.6,31
2018-01-10,4530.954,4531.0,4531.0,4517.2,56
2018-01-11,4531.0,4531.0,4531.506,4526.4,503
2018-01-12,4531.0,4531.0,4535.6,4521.8,84
2018-01-16,4531.0,4526.86,4535.6,4526.4,18
2018-01-17,4544.754,4544.8,4554.0,4531.0,109
2018-01-18,4544.8,4544.8,4544.8,4540.2,4
2018-01-19,4549.4,4558.6,4558.6,4549.4,30
2018-01-24,4544.8,4544.8,4544.8,4544.8,220
2018-01-25,4544.8,4544.846,4544.846,4544.8,3
2018-01-30,4544.8,4549.4,4549.4,4544.8,2
2018-01-31,4544.8,4544.8,4544.8,4544.8,0
2018-02-01,4549.4,4554.0,4554.0,4544.8,19
2018-02-02,4544.8,4535.646,4549.4,4535.6,15
2018-02-05,4540.2,4535.6,4540.2,4535.6,8
2018-02-06,4521.8,4512.6,4540.2,4512.6,53
2018-02-07,4526.446,4535.6,4544.8,4526.4,110
2018-02-08,4531.0,4526.4,4535.6,4521.8,215
2018-02-09,4526.722,4531.0,4531.0,4526.4,1090
2018-02-12,4540.2,4535.6,4540.2,4526.4,6
2018-02-13,4531.0,4540.154,4540.154,4525.158,116
2018-02-14,4540.2,4540.2,4540.2,4540.2,0
2018-02-15,4540.2,4526.4,4540.2,4526.4,206
2018-02-16,4535.6,4531.0,4535.6,4531.0,60
2018-02-20,4540.2,4544.8,4544.8,4540.2,1
2018-02-22,4544.8,4544.8,4544.8,4544.8,2
2018-02-23,4986.4,4544.8,4986.4,4577.0,6
2018-02-26,4544.8,4544.8,4547.1,4540.2,2854
2018-02-27,4544.8,4531.0,4544.846,4531.0,40
2018-02-28,4540.2,4531.0,4540.2,4531.0,3
2018-03-01,4535.6,4535.6,4535.6,4535.6,4
2018-03-02,4508.0,4540.2,4540.2,4485.0,22
2018-03-05,4531.0,4531.0,4531.0,4531.0,108
2018-03-06,4535.6,4535.6,4544.8,4535.6,345
2018-03-09,4531.0,4544.8,4549.4,4531.0,249
2018-03-12,4544.8,4540.246,4544.8,4540.2,413
2018-03-14,4540.2,4540.2,4544.8,4540.2,168
2018-03-15,4540.2,4540.2,4540.2,4540.2,13
2018-03-16,4540.2,4540.246,4540.246,4540.2,10
2018-03-19,4544.8,4544.8,4544.8,4544.8,154
2018-03-20,4544.8,4544.8,4544.8,4540.2,26
2018-03-21,4544.8,4544.8,4544.8,4544.8,3
2018-03-22,4549.4,4549.4,4549.4,4549.4,2
2018-03-23,4692.0,4600.0,4692.0,4544.8,111
2018-03-26,4554.0,4595.4,4595.4,4549.4,25
2018-03-27,4558.6,4558.6,4558.6,4558.6,0
2018-03-29,4554.0,4554.0,4554.0,4554.0,178
2018-04-02,4558.6,4554.0,4558.6,4554.0,137
2018-04-03,4558.278,4567.8,4567.8,4558.278,4
2018-04-04,4544.8,4567.8,4568.444,4544.8,281
2018-04-05,4558.6,4558.6,4558.6,4558.6,0
2018-04-06,4563.2,4563.2,4563.2,4563.2,11
2018-04-09,4568.582,4567.8,4568.582,4567.8,3
2018-04-10,4558.646,4572.4,4572.4,4558.646,15
2018-04-12,4572.4,4572.4,4572.4,4572.4,10
2018-04-13,4567.8,4567.8,4567.8,4563.2,18
2018-04-16,4563.246,4567.8,4572.4,4563.246,41
2018-04-17,4567.8,4567.8,4567.8,4567.8,5
2018-04-18,4567.8,4572.032,4572.032,4567.8,43
2018-04-19,4576.632,4572.4,4576.632,4572.4,3
2018-04-20,4572.032,4600.0,4600.0,4572.032,8
2018-04-23,4586.2,4586.2,4586.2,4581.6,4
2018-04-24,4586.2,4577.0,4586.2,4577.0,15
2018-04-25,4577.0,4585.832,4586.2,4577.0,4127
2018-04-26,4595.4,4586.2,4595.4,4581.6,7
2018-04-27,4586.2,4567.8,4586.2,4567.8,2
2018-04-30,4577.0,4577.0,4581.6,4577.0,257
2018-05-01,4581.6,4586.2,4586.2,4577.0,224
2018-05-02,4577.0,4581.6,4590.8,4577.0,18
2018-05-03,4577.0,4577.0,4577.0,4577.0,0
2018-05-04,4604.6,4604.6,4604.6,4604.6,0
2018-05-07,4577.0,4577.0,4577.0,4577.0,1
2018-05-08,4586.2,4586.2,4586.2,4581.6,10
2018-05-09,4586.2,4581.6,4586.982,4581.6,58
2018-05-10,4577.0,4595.4,4595.4,4577.0,1
2018-05-11,4581.6,4581.6,4581.6,4581.6,0
2018-05-14,4581.6,4581.6,4581.6,4581.6,1
2018-05-15,4581.6,4586.2,4595.4,4581.6,654
2018-05-16,4586.2,4586.2,4586.2,4586.2,82
2018-05-17,NaN,4586.2,NaN,NaN,0
2018-05-18,4784.0,4650.6,5060.0,4595.4,41
2018-05-21,4581.6,4613.8,4613.8,4581.6,6
2018-05-22,4646.0,4604.6,4646.0,4604.6,0
2018-05-23,NaN,4604.6,NaN,NaN,0
2018-05-24,4595.4,4586.2,4600.0,4586.2,12
2018-05-25,4600.0,4600.0,4600.0,4600.0,4
2018-05-29,4600.0,4600.0,4600.0,4600.0,0
2018-05-31,NaN,4600.0,NaN,NaN,0
2018-06-01,4595.4,4600.0,4600.0,4595.4,223
2018-06-05,4590.8,4590.8,4590.8,4590.8,0
2018-06-06,4604.6,4600.0,4623.0,4600.0,444
2018-06-07,4618.4,4618.4,4618.4,4618.4,10
2018-06-08,4613.8,4614.26,4614.26,4613.8,0
2018-06-11,4613.8,4606.9,4613.8,4606.9,165
2018-06-12,4623.0,4623.0,4623.0,4623.0,69
2018-06-13,4623.0,4623.0,4623.0,4623.0,259
2018-06-14,4618.4,4618.4,4618.4,4618.4,217
2018-06-15,4613.8,4618.4,4618.4,4610.12,6
2018-06-18,4618.4,4611.04,4618.4,4611.04,1
2018-06-19,4595.4,4613.8,4613.8,4595.4,54
2018-06-25,4623.0,4618.4,4623.0,4618.4,2
2018-06-26,4687.4,4669.0,4687.4,4664.4,11817
2018-06-27,4678.2,4669.0,4682.8,4669.0,4337
2018-06-28,4669.0,4664.4,4673.6,4664.4,3202
2018-06-29,4669.0,4664.4,4669.0,4659.8,1122
2018-07-02,4669.0,4669.0,4669.0,4669.0,5
2018-07-05,4664.4,4659.8,4664.4,4659.8,217
2018-07-06,4659.8,4659.8,4669.0,4659.8,881
2018-07-09,4668.31,4669.0,4669.0,4668.31,9
2018-07-10,4664.4,4659.8,4669.0,4659.8,1997
2018-07-11,4659.8,4659.8,4669.0,4657.5,112
2018-07-12,4664.4,4657.5,4664.4,4657.5,2
2018-07-13,4659.8,4655.844,4659.8,4655.2,94
2018-07-16,4655.2,4651.704,4655.2,4646.0,3834
2018-07-17,4655.2,4650.6,4655.2,4650.6,2
2018-07-18,4646.0,4655.2,4659.8,4636.8,1069
2018-07-19,4646.0,4650.6,4655.2,4646.0,164
2018-07-20,4655.2,4650.6,4659.8,4650.6,329
2018-07-23,4655.2,4636.8,4655.2,4636.8,17
2018-07-24,4636.8,4655.2,4655.2,4636.8,25
2018-07-25,4644.85,4646.0,4646.0,4636.8,460
2018-07-26,4636.8,4655.2,4655.2,4636.8,221
2018-07-27,NaN,4655.2,NaN,NaN,0
2018-07-30,4661.042,4659.8,4669.0,4655.2,13
2018-07-31,4650.6,4650.6,4650.6,4650.6,434
2018-08-01,4659.8,4659.8,4659.8,4659.8,1
2018-08-02,4659.8,4655.2,4659.8,4650.6,93
2018-08-03,4669.0,4655.2,4669.0,4655.2,2
2018-08-06,4669.0,4659.8,4669.0,4650.6,14
2018-08-07,4661.272,4643.7,4661.272,4643.7,145
2018-08-08,4646.0,4655.2,4659.8,4646.0,218
2018-08-09,4641.4,4655.2,4655.2,4641.4,34
2018-08-10,4636.8,4659.8,4659.8,4636.8,5
2018-08-13,4646.0,4595.4,4646.0,4595.4,4
2018-08-14,4650.83,4655.2,4664.4,4623.046,42
2018-08-15,4636.8,4641.4,4650.6,4636.8,347
2018-08-16,4646.0,4646.0,4646.0,4641.4,4
2018-08-17,4646.0,4641.4,4646.0,4641.4,71
2018-08-20,4646.0,4646.0,4659.8,4623.0,251
2018-08-21,4650.6,4650.6,4650.6,4650.6,0
2018-08-22,4646.0,4646.0,4646.0,4646.0,0
2018-08-23,4650.6,4636.8,4664.4,4636.8,6
2018-08-24,4655.2,4655.2,4655.2,4650.6,1
2018-08-27,4655.2,4632.2,4655.2,4632.2,1
2018-08-28,4687.4,4687.4,4687.4,4687.4,0
2018-08-29,4655.2,4655.2,4655.2,4655.2,0
2018-08-30,4669.0,4623.0,4692.0,4623.0,2321
2018-08-31,4687.4,4719.6,4719.6,4669.0,578
2018-09-04,4692.0,4682.8,4715.0,4673.6,82
2018-09-05,NaN,4682.8,NaN,NaN,0
2018-09-06,4715.0,4623.0,4715.0,4623.0,0
2018-09-07,4678.2,4664.4,4682.8,4664.4,2
2018-09-10,4705.8,4669.0,4705.8,4669.0,171
2018-09-11,4678.2,4678.2,4678.2,4678.2,0
2018-09-12,NaN,4678.2,NaN,NaN,0
2018-09-13,4715.0,4664.4,4715.0,4664.4,2
2018-09-14,4692.0,4667.942,4692.0,4667.942,55
2018-09-17,4669.0,4664.4,4669.0,4664.4,7
2018-09-18,4659.8,4650.6,4692.0,4650.6,1
2018-09-19,4705.8,4705.8,4705.8,4705.8,0
2018-09-20,4673.6,4687.4,4692.0,4669.0,5
2018-09-21,4678.2,4667.758,4682.8,4664.4,66
2018-09-24,4682.8,4679.58,4692.0,4673.6,70
2018-09-25,4687.446,4682.8,4705.8,4682.8,146
2018-09-26,4691.54,4682.8,4696.6,4682.8,45
2018-09-27,4682.616,4682.8,4692.0,4682.616,31
2018-09-28,4701.2,4687.4,4715.0,4682.8,75
2018-10-01,4696.6,4678.2,4696.6,4678.2,15
2018-10-02,4690.758,4669.0,4715.0,4669.0,152
2018-10-03,4681.098,4682.8,4687.4,4678.2,54
2018-10-04,4687.4,4667.574,4687.4,4655.2,97
2018-10-05,4676.636,4659.8,4687.4,4646.0,58
2018-10-08,4646.0,4666.378,4678.2,4646.0,21
2018-10-09,4664.4,4669.0,4669.0,4664.4,14
2018-10-10,4678.2,4678.2,4678.2,4662.1,4
2018-10-11,4659.8,4669.0,4669.0,4618.4,51
2018-10-12,4646.0,4613.8,4667.252,4613.8,13
2018-10-15,4678.2,4705.8,4719.6,4646.0,1929
2018-10-16,4710.4,4678.2,4747.2,4678.2,3655
2018-10-17,4693.702,4702.258,4705.8,4693.702,2
2019-04-16,4526.4,4526.4,4531.0,4517.2,1675
2019-04-17,4549.4,4526.4,4549.4,4521.8,300
2019-04-18,4540.2,4526.4,4756.4,4526.4,46
2019-04-22,NaN,4526.4,NaN,NaN,0
2019-04-23,4512.6,4512.6,4512.6,4512.6,0
2019-04-24,4526.4,4531.0,4531.0,4526.4,40
2019-04-25,4531.0,4540.2,4549.4,4531.0,308
2019-04-26,4544.8,4535.6,4544.8,4535.6,283
2019-04-29,NaN,4535.6,NaN,NaN,0
2019-04-30,4526.4,4526.4,4526.4,4526.4,23
2019-05-02,4535.6,4535.6,4535.6,4535.6,0
2019-05-03,4552.206,4535.6,4556.3,4535.6,1
2019-05-06,4535.6,4535.6,4540.2,4535.6,52
2019-05-08,NaN,4535.6,NaN,NaN,0
2019-05-09,4535.6,4535.6,4535.6,4535.6,7
2019-05-10,4535.6,4540.2,4540.2,4535.6,110
2019-05-13,4531.69,4531.69,4531.69,4531.69,0
2019-05-14,4531.0,4535.6,4540.2,4531.0,109
2019-05-15,4531.0,4540.2,4544.8,4531.0,427
2019-05-16,NaN,4540.2,NaN,NaN,0
2019-05-17,4540.2,4540.2,4540.2,4540.2,2844
2019-05-21,4540.2,4531.0,4540.2,4531.0,33
2019-05-22,4531.0,4535.6,4540.2,4531.0,138
2019-05-23,4531.0,4535.6,4535.6,4531.0,57
2019-05-24,4535.6,4540.2,4554.0,4531.0,83
2019-05-28,NaN,4540.2,NaN,NaN,0
2019-05-29,4540.2,4540.2,4540.2,4540.2,2
2019-05-30,4549.4,4544.8,4563.2,4531.0,183
2019-05-31,4544.8,4544.8,4549.4,4540.2,47
2019-06-04,4544.754,4544.8,4544.8,4544.754,8
2019-06-05,4544.8,4535.6,4544.8,4535.6,0
2019-06-06,4537.9,4544.8,4581.6,4537.9,314
2019-06-10,4544.8,4544.8,4544.8,4544.8,175
2019-06-11,4554.0,4554.0,4554.0,4554.0,132
2019-06-12,4577.0,4554.0,4577.0,4554.0,8
2019-06-13,4554.0,4544.8,4554.0,4544.8,10
2019-06-14,4544.8,4623.0,4623.0,4544.8,14
2019-06-17,4623.0,4577.0,4623.0,4577.0,111
2019-06-18,4567.8,4563.2,4567.8,4563.2,221
2019-06-20,4554.0,4554.0,4554.0,4554.0,76
2019-06-21,4563.2,4572.4,4577.0,4563.2,440
2019-06-24,4577.0,4577.0,4577.0,4577.0,0
2019-06-25,4577.0,4577.0,4577.0,4577.0,0
2019-06-26,4581.6,4574.7,4581.6,4574.7,63
2019-06-27,4563.2,4563.2,4577.0,4563.2,986
2019-06-28,4595.4,4554.0,4595.4,4554.0,8
2019-07-01,4554.0,4554.0,4558.6,4554.0,107
2019-07-02,4554.0,4554.0,4554.0,4549.4,86
2019-07-03,4554.0,4554.0,4554.0,4554.0,6
2019-07-05,NaN,4554.0,NaN,NaN,0
2019-07-08,4554.0,4554.0,4577.0,4554.0,81
2019-07-09,4554.0,4554.0,4554.0,4554.0,43
2019-07-10,4557.91,4567.8,4567.8,4557.91,113
2019-07-12,NaN,4567.8,NaN,NaN,0
2019-07-15,4574.194,4571.204,4577.0,4568.766,78
2019-07-16,4577.0,4588.5,4588.5,4577.0,799
2019-07-17,4588.5,4588.5,4588.5,4588.5,217
2019-07-18,4600.0,4600.0,4600.0,4600.0,2
2019-07-19,4600.0,4600.0,4600.0,4600.0,6
2019-07-22,NaN,4600.0,NaN,NaN,0
2019-07-23,4577.0,4577.0,4577.0,4567.8,3
2019-07-24,NaN,4577.0,NaN,NaN,0
2019-07-25,4581.6,4581.6,4581.6,4581.6,10
2019-07-26,4581.6,4581.6,4581.6,4581.6,0
2019-07-29,4581.6,4581.6,4581.6,4581.6,0
2019-07-30,NaN,4581.6,NaN,NaN,0
2019-07-31,4590.8,4595.4,4600.0,4581.6,9
2019-08-01,4600.0,4586.2,4600.0,4586.2,4909
2019-08-02,4590.8,4590.8,4590.8,4586.2,1793
2019-08-05,4586.2,4590.8,4590.8,4586.2,1
2019-08-06,4590.8,4600.0,4641.4,4590.8,1432
2019-08-07,4590.8,4600.0,4590.8,4590.8,287
2019-08-08,4600.0,4586.2,4600.0,4586.2,661
2019-08-12,NaN,4586.2,NaN,NaN,0
2019-08-13,4583.44,4583.44,4583.44,4583.44,0
2019-08-14,4586.2,4590.8,4590.8,4586.2,8
2019-08-15,4577.0,4595.4,4595.4,4572.4,166
2019-08-16,4590.8,4590.8,4590.8,4590.8,1
2019-08-19,4590.8,4590.8,4590.8,4590.8,10
2019-08-20,4595.4,4595.4,4595.4,4595.4,2
2019-08-21,4600.0,4600.0,4600.0,4600.0,21
2019-08-22,4590.8,4590.8,4590.8,4590.8,1
2019-08-23,4586.2,4586.2,4586.2,4577.046,25
2019-08-26,4586.2,4586.2,4586.2,4586.2,1
2019-08-27,4588.5,4590.8,4590.8,4586.2,203
2019-08-28,4600.0,4600.0,4600.0,4600.0,38
2019-08-29,4597.056,4597.056,4597.056,4597.056,2
2019-08-30,4600.0,4609.2,4609.2,4600.0,112
2019-09-03,4600.0,4600.0,4600.0,4600.0,9
2019-09-04,4600.0,4600.0,4600.0,4600.0,17
2019-09-05,4600.0,4600.0,4600.0,4600.0,4
2019-09-06,4600.0,4604.6,4604.6,4600.0,234
2019-09-09,4600.0,4600.0,4600.0,4600.0,163
2019-09-10,4600.0,4623.0,4623.0,4600.0,10
2019-09-11,4618.4,4609.2,4618.4,4609.2,23
2019-09-12,4609.2,4609.2,4609.2,4609.2,0
2019-09-13,4604.6,4604.6,4609.2,4604.6,4
2019-09-16,NaN,4604.6,NaN,NaN,0
2019-09-18,4604.6,4600.0,4604.6,4595.4,53
2019-09-19,4609.2,4609.2,4609.2,4609.2,22
2019-09-20,4609.2,4669.0,4680.5,4600.0,10
2019-09-23,4655.2,4655.2,4655.2,4655.2,0
2019-09-24,4636.8,4623.0,4636.8,4623.0,3
2019-09-25,4632.2,4600.0,4632.2,4600.0,19
2019-09-26,4600.0,4604.6,4604.6,4600.0,6
2019-09-27,NaN,4604.6,NaN,NaN,0
2019-09-30,NaN,4604.6,NaN,NaN,0
2019-10-02,NaN,4604.6,NaN,NaN,0
2019-10-07,4604.6,4604.6,4604.6,4604.6,4
2019-10-08,4664.4,4664.4,4664.4,4664.4,0
2019-10-09,4646.0,4641.4,4646.0,4641.4,1
2019-10-10,4627.6,4627.6,4627.6,4600.0,1
2019-10-11,4623.0,4581.6,4623.0,4581.6,16
2019-10-14,NaN,4581.6,NaN,NaN,0
2019-10-15,4600.0,4600.0,4600.0,4600.0,0
2019-10-16,4600.0,4600.0,4600.0,4600.0,0
2019-10-17,4600.0,4600.0,4600.0,4600.0,2
2019-10-18,4604.6,4613.8,4613.8,4604.6,8
2019-10-21,4627.6,4627.6,4627.6,4627.6,0
2019-10-23,NaN,4627.6,NaN,NaN,0
2019-10-29,4618.4,4618.4,4618.4,4618.4,0
2019-10-30,4622.08,4613.8,4627.6,4613.8,435
2019-10-31,4613.8,4623.0,4623.0,4613.8,5
2019-11-01,4623.0,4627.6,4627.6,4623.0,0
2019-11-05,4613.8,4623.0,4623.0,4613.8,7
2019-11-06,4627.6,4623.0,4627.6,4623.0,6
2019-11-07,4623.0,4623.0,4627.6,4623.0,113
2019-11-08,4636.8,4623.0,4636.8,4623.0,9
2019-11-11,4627.6,4627.6,4627.6,4627.6,0
2019-11-13,4618.4,4613.846,4618.4,4613.8,3
2019-11-18,4627.6,4613.8,4627.6,4613.8,0
2019-11-19,4618.4,4618.4,4618.4,4618.4,33
2019-11-20,4618.4,4618.4,4623.0,4618.4,7
2019-11-22,4623.0,4623.0,4623.0,4623.0,2
2019-11-25,4627.6,4627.6,4627.6,4627.6,2
2019-11-26,4627.6,4627.6,4627.6,4627.6,2
2019-11-27,4627.6,4627.6,4627.6,4627.6,2
2019-11-29,4627.6,4632.2,4632.2,4627.6,35
2019-12-02,4632.2,4632.2,4632.2,4632.2,0
2019-12-04,4636.8,4636.846,4636.846,4636.8,8
2019-12-05,4641.4,4641.4,4641.4,4641.4,5
2019-12-06,NaN,4641.4,NaN,NaN,0
2019-12-09,4636.8,4641.4,4641.4,4636.8,28
2019-12-10,4641.4,4641.4,4641.4,4636.8,58
2019-12-11,4646.0,4646.0,4646.0,4646.0,4
2019-12-12,4646.0,4646.0,4646.0,4646.0,80
2019-12-13,4646.0,4646.0,4646.0,4646.0,4
2019-12-16,4650.6,4664.4,4664.4,4650.6,12
2019-12-17,4659.8,4659.8,4659.8,4659.8,4
2019-12-18,4659.8,4659.8,4662.1,4655.2,13
2019-12-19,4664.4,4669.0,4669.0,4650.6,263
2019-12-20,4664.4,4669.0,4669.0,4664.4,53
2019-12-23,4664.4,4664.4,4664.4,4664.4,5
2019-12-26,4659.8,4659.8,4659.8,4659.8,2
2019-12-27,4664.4,4664.4,4664.4,4664.4,218
2019-12-30,4669.0,4673.6,4673.6,4669.0,11
2019-12-31,4664.4,4673.6,4673.6,4664.4,99
2020-01-02,4669.0,4673.6,4673.692,4669.0,139
2020-01-03,4673.6,4673.6,4673.6,4673.6,41
2020-01-06,4673.6,4682.8,4682.8,4673.6,115
2020-01-07,4692.0,4687.4,4692.0,4687.4,652
2020-01-08,4692.0,4710.4,4710.4,4692.0,1359
2020-01-09,4692.0,4692.0,4696.6,4692.0,85
2020-01-10,4692.0,4692.0,4692.0,4692.0,2
2020-01-13,NaN,4692.0,NaN,NaN,0
2020-01-14,4692.0,4692.0,4692.0,4692.0,1152
2020-01-15,4692.0,4701.2,4705.8,4692.0,1138
2020-01-16,4710.4,4715.0,4715.0,4701.2,164
2020-01-17,4705.8,4705.8,4705.8,4705.8,12
2020-01-21,4696.6,4705.8,4715.0,4696.6,1263
2020-01-22,4705.8,4719.6,4719.6,4705.8,11
2020-01-23,NaN,4719.6,NaN,NaN,0
2020-01-24,4715.0,4715.0,4715.0,4715.0,6
2020-01-27,4705.8,4704.098,4705.8,4704.098,39
2020-01-28,4705.8,4705.8,4710.4,4705.8,9
2020-01-30,4705.8,4705.8,4719.6,4705.8,81
2020-01-31,4705.8,4705.8,4705.8,4705.8,543
2020-02-03,4719.6,4710.4,4719.6,4710.4,15
2020-02-04,4719.6,4719.6,4728.8,4717.3,493
2020-02-05,4724.66,4719.6,4724.66,4715.0,452
2020-02-06,4728.8,4710.4,4733.4,4710.4,123
2020-02-07,4733.4,4724.2,4733.4,4724.2,7
2020-02-10,NaN,4724.2,NaN,NaN,0
2020-02-11,4724.2,4724.2,4724.2,4724.2,5
2020-02-12,NaN,4724.2,NaN,NaN,0
2020-02-13,4724.2,4724.2,4724.2,4724.2,0
2020-02-14,4774.8,4728.8,4774.8,4712.7,1065
2020-02-18,4733.4,4710.4,4733.4,4710.4,200
2020-02-19,4728.8,4719.6,4728.8,4719.6,8
2020-02-20,4747.2,4738.0,4747.2,4738.0,2
2020-02-21,4747.2,4738.0,4747.2,4747.2,9
2020-02-24,4774.8,4738.0,4774.8,4738.0,733
2020-02-25,4728.8,4715.0,4728.8,4715.0,16
2020-02-26,4719.6,4719.6,4719.6,4719.6,16
2020-02-27,4738.0,4738.0,4738.0,4738.0,0
2020-02-28,4728.8,4719.6,4728.8,4705.8,354
2020-03-02,4719.6,4715.0,4719.646,4715.0,1313
2020-03-03,4715.0,4715.0,4719.6,4710.4,454
2020-03-04,4710.4,4705.8,4710.4,4705.34,218
2020-03-05,4719.6,4715.0,4719.6,4715.0,22
2020-03-06,NaN,4715.0,NaN,NaN,3
2020-03-09,4715.0,4701.2,4715.0,4696.6,127
2020-03-10,4701.2,4692.0,4728.8,4682.8,9147
2020-03-11,4682.8,4701.2,4715.0,4678.2,136
2020-03-12,4627.6,4687.4,4687.4,4609.2,1221
2020-03-13,4703.5,4646.0,4719.6,4646.0,2829
2020-03-16,4641.4,4646.0,4641.4,4641.4,1304
2020-03-17,4577.0,4687.4,4738.0,4577.0,578
2020-03-18,4577.0,4485.0,4687.4,4236.6,1328
2020-03-19,4508.0,4517.2,4517.2,4485.0,2
2020-03-20,4581.6,4581.6,4581.6,4581.6,108
2020-03-23,4577.0,4558.6,4581.6,4549.4,169
2020-03-24,4563.292,4590.8,4590.8,4563.2,268
2020-03-25,4590.754,4604.6,4673.6,4577.0,115
2020-03-26,4715.0,4669.0,4715.0,4618.4,11
2020-03-27,4577.0,4636.8,4669.0,4577.0,52
2020-03-30,4646.0,4659.8,4664.4,4646.0,3
2020-03-31,4659.8,4650.6,4659.8,4650.6,1
2020-04-01,4650.6,4646.0,4659.8,4636.8,15
2020-04-02,4650.6,4636.8,4655.2,4636.8,79
2020-04-03,4650.6,4650.6,4659.8,4627.6,527
2020-04-06,4641.4,4650.6,4659.8,4641.4,80
2020-04-07,4636.8,4636.8,4636.8,4636.8,20
2020-04-08,4655.2,4659.8,4669.0,4655.2,25
2020-04-09,4646.0,4646.0,4664.4,4646.0,30
2020-04-13,4650.6,4650.6,4650.6,4650.6,0
2020-04-14,4664.4,4655.2,4664.4,4655.2,3
2020-04-15,4664.4,4664.4,4673.6,4646.0,223
2020-04-16,4669.0,4669.0,4738.0,4664.4,1412
2020-04-17,4669.0,4669.0,4678.2,4664.4,226
2020-04-20,4669.046,4669.046,4669.046,4669.046,1
2020-04-22,NaN,4669.046,NaN,NaN,0
2020-04-23,4678.2,4673.6,4678.2,4669.0,538
2020-04-24,4664.4,4664.4,4710.4,4659.8,2
2020-04-27,4669.0,4669.0,4673.6,4669.0,58
2020-04-28,4669.0,4669.0,4669.0,4669.0,1
2020-04-29,4489.6,4489.6,4489.6,4489.6,349
2020-04-30,NaN,4669.0,NaN,NaN,0
2020-05-04,NaN,4669.0,NaN,NaN,0
2020-05-05,4669.0,4669.0,4669.0,4669.0,4
2020-05-06,4673.6,4673.6,4673.6,4659.8,237
2020-05-07,4671.3,4671.3,4701.2,4669.0,57
2020-05-08,NaN,4671.3,NaN,NaN,0
2020-05-11,4673.6,4669.0,4673.6,4669.0,142
2020-05-12,4682.8,4682.8,4682.8,4682.8,0
2020-05-13,4678.2,4669.0,4678.2,4669.0,8
2020-05-14,4673.6,4678.2,4678.2,4673.6,2
2020-05-15,NaN,4678.2,NaN,NaN,0
2020-05-18,4682.8,4692.0,4692.0,4682.8,4
2020-05-19,4696.6,4692.0,4696.6,4692.0,115
2020-05-20,4692.0,4703.5,4712.7,4692.0,67
2020-05-21,NaN,4703.5,NaN,NaN,0
2020-05-22,4830.0,4710.4,5313.0,4705.8,235
2020-05-26,4885.2,4760.954,4885.2,4753.778,9
2020-05-28,4701.246,4701.246,4701.246,4701.246,1
2020-05-29,NaN,4701.246,NaN,NaN,0
2020-06-01,4715.0,4715.0,4715.0,4715.0,435
2020-06-02,4724.2,4738.0,4738.0,4724.2,188
2020-06-03,4719.6,4719.646,4719.646,4719.6,2
2020-06-04,4719.646,4719.646,4719.646,4719.646,5
2020-06-05,4738.0,4733.4,4761.0,4728.8,338
2020-06-08,NaN,4733.4,NaN,NaN,0
2020-06-09,4733.4,4761.0,4807.0,4733.4,275
2020-06-10,4747.2,4733.4,4747.2,4733.4,1698
2020-06-11,4733.4,4761.0,4802.4,4733.4,197
2020-06-12,4733.4,4784.0,4807.0,4733.4,30
2020-06-15,4761.0,4784.0,4784.0,4761.0,5
2020-06-16,NaN,4784.0,NaN,NaN,0
2020-06-17,4795.454,4784.0,4832.3,4765.6,200
2020-06-18,4784.0,4850.7,4895.688,4784.0,348
2020-06-19,4876.0,4871.4,4965.7,4830.0,175
2020-06-22,4899.0,4892.1,4899.0,4871.4,86
2020-06-23,4876.0,4876.0,4899.46,4876.0,12
2020-06-24,4811.6,4807.0,4811.6,4795.5,471
2020-06-25,4830.0,4788.6,4830.0,4788.6,37
2020-06-26,4804.7,4804.7,4816.2,4793.2,503
2020-06-29,4830.0,4875.954,4931.2,4807.0,1680
2020-06-30,4790.21,4945.0,4981.8,4788.6,119
2020-07-01,4991.0,4991.0,5014.0,4940.4,167
2020-07-02,5009.4,4945.0,5009.4,4899.0,137
2020-07-06,4990.954,4945.0,4991.0,4880.6,433
2020-07-07,4880.6,4899.0,4949.6,4855.3,347
2020-07-08,4940.4,4903.6,4945.0,4830.0,958
2020-07-09,4899.0,5050.8,5060.0,4899.0,1528
2020-07-10,5078.4,5106.0,5106.0,5060.0,1298
2020-07-13,5152.0,5073.8,5195.7,5037.0,655
2020-07-14,5073.8,5050.8,5165.8,4834.6,674
2020-07-15,5060.0,5073.8,5083.0,4986.4,769
2020-07-16,5092.2,5050.8,5092.2,4968.0,1277
2020-07-17,5106.0,5060.0,5106.0,5000.2,397
2020-07-20,5129.0,5066.9,5142.8,5014.0,946
2020-07-21,5096.8,5087.6,5106.0,5060.0,384
2020-07-22,5106.0,5106.0,5142.8,5046.246,963
2020-07-23,5543.0,5487.8,5704.0,5382.0,10358
2020-07-24,5299.2,5359.0,5474.0,5290.966,1325
2020-07-27,5391.246,5234.8,5428.0,5202.6,915
2020-07-28,5299.2,5198.0,5299.2,5129.0,601
2020-07-29,5184.2,5299.2,5322.2,5110.6,1884
2020-07-30,5147.4,5138.2,5244.0,5092.2,1136
2020-07-31,5152.0,5014.0,5152.0,4876.0,1684
2020-08-03,5096.8,5004.8,5106.0,4899.0,1342
2020-08-04,5267.0,5290.0,5377.4,5096.8,4781
2020-08-05,5336.0,5244.0,5359.0,5156.6,767
2020-08-06,5244.0,5234.8,5244.0,5060.0,886
2020-08-07,5147.4,5119.8,5202.6,5096.8,741
2020-08-10,5147.4,4963.4,5175.0,4853.0,4218
2020-08-11,5014.0,5050.8,5060.0,4940.4,1032
2020-08-12,5060.0,4991.0,5060.0,4954.2,722
2020-08-13,4968.0,4968.0,5023.2,4954.2,511
2020-08-14,4968.0,4963.4,5013.954,4940.4,567
2020-08-17,4991.0,4912.8,4991.0,4883.636,568
2020-08-18,4972.6,4825.4,5055.4,4802.4,20950
2020-08-19,4876.0,4820.8,4876.0,4761.0,5449
2020-08-20,4830.0,4807.0,4839.2,4779.4,2355
2020-08-21,4811.6,4797.8,4834.6,4770.2,3521
2020-08-24,4825.4,4880.6,4994.68,4811.6,3999
2020-08-25,4963.4,4991.0,5060.0,4912.8,5655
2020-08-26,5060.0,5050.8,5152.0,4981.8,4041
2020-08-27,5060.0,5032.4,5087.6,4940.4,4059
2020-08-28,5055.4,4991.0,5055.4,4968.0,1983
2020-08-31,5041.6,4963.4,5046.2,4935.8,1985
2020-09-01,5014.0,4917.4,5014.0,4848.4,2797
2020-09-02,4972.6,5037.0,5101.4,4968.0,5244
2020-09-03,5037.0,4968.0,5041.6,4876.0,2423
2020-09-04,4931.2,4958.8,5004.8,4811.6,2950
2020-09-08,4947.3,5060.0,5175.0,4940.4,3341
2020-09-09,5129.0,5087.6,5165.8,4954.2,3008
2020-09-10,5165.8,5129.0,5170.492,5060.0,2878
2020-09-11,5133.6,5331.4,5515.4,5110.6,5713
2020-09-14,5497.0,5846.6,6026.0,5455.6,10621
2020-09-15,5943.2,5980.0,6210.0,5892.646,7642
2020-09-16,6104.706,5888.0,6182.4,5796.0,4041
2020-09-17,5782.2,5704.0,5905.388,5589.0,2644
2020-09-18,5750.0,5612.0,5791.354,5451.0,2928
2020-09-21,5474.0,5354.4,5510.8,5248.6,4040
2020-09-22,5446.4,5474.0,5625.8,5290.0,2791
2020-09-23,5474.0,5110.6,5488.214,5014.0,5147
2020-09-24,4972.6,5041.6,5188.8,4862.2,4232
2020-09-25,5114.694,5152.0,5152.0,5060.0,2375
2020-09-28,5211.8,5198.0,5240.412,5073.8,1626
2020-09-29,5138.2,5138.2,5174.954,5083.0,1171
2020-09-30,5175.0,5124.4,5175.0,5087.6,1314
2020-10-01,5115.2,5119.8,5152.0,4977.2,1849
2020-10-02,4935.8,5050.8,5129.0,4926.6,1756
2020-10-05,5050.8,4954.2,5092.2,4899.0,2219
2020-10-06,4940.4,4857.6,4968.0,4779.4,3145
2020-10-07,4839.2,4834.6,4876.0,4793.2,1719
2020-10-08,4807.0,4908.2,4912.8,4807.0,1170
2020-10-09,4954.2,4876.0,4963.4,4850.7,1013
2020-10-12,4843.8,4811.6,4885.2,4804.7,1706
2020-10-13,4825.4,4784.0,4828.068,4738.0,1899
2020-10-14,4807.0,4807.0,4811.6,4751.8,747
2020-10-15,4802.4,4774.8,4807.0,4747.2,578
2020-10-16,4756.4,4788.6,4807.0,4756.4,719
2020-10-19,4765.6,4853.0,4853.0,4765.6,1118
2020-10-20,4843.8,4774.8,4843.8,4774.8,957
2020-10-21,4770.2,4761.0,4788.6,4761.0,950
2020-10-22,4761.0,4788.6,4816.2,4744.9,2047
2020-10-23,4784.0,4761.0,4784.0,4751.8,718
2020-10-26,4751.8,4756.4,4765.6,4747.2,1130
2020-10-27,4747.2,4742.6,4784.0,4742.6,1132
2020-10-28,4733.4,4742.6,4742.6,4682.8,1393
2020-10-29,4701.2,4710.4,4756.4,4701.2,549
2020-10-30,4705.8,4715.0,4724.2,4692.0,875
2020-11-02,4715.0,4705.8,4738.0,4701.2,612
2020-11-03,4710.4,4705.8,4738.0,4701.2,492
2020-11-04,4710.4,4705.8,4747.246,4705.8,752
2020-11-05,4710.4,4705.8,4751.8,4701.2,874
2020-11-06,4705.8,4724.2,4733.4,4705.8,498
2020-11-09,4751.8,4738.0,4751.8,4701.2,3832
2020-11-10,4738.0,4705.8,4742.6,4705.8,707
2020-11-11,4733.4,4715.0,4735.7,4705.8,659
2020-11-12,4705.8,4705.8,4728.8,4705.8,702
2020-11-13,4738.0,4724.2,4738.0,4708.1,1096
2020-11-16,4738.0,4715.0,4747.844,4705.8,1843
2020-11-17,4719.6,4715.0,4738.0,4715.0,993
2020-11-18,4738.0,4770.2,4820.8,4728.8,2793
2020-11-19,4807.0,4926.6,5009.4,4797.8,6473
2020-11-20,4969.564,4922.0,4984.376,4853.0,2786
2020-11-23,5014.0,5198.0,5317.6,5014.0,8761
2020-11-24,5368.2,5147.4,5658.0,5060.0,8173
2020-11-25,5106.0,5299.2,5326.8,5064.6,4806
2020-11-27,5667.2,5777.6,5897.2,5579.8,7523
2020-11-30,6210.0,5980.0,6665.4,5699.4,12154
2020-12-01,6192.29,5740.8,6205.4,5487.8,5647
2020-12-02,5294.6,5437.2,5566.0,5138.2,4559
2020-12-03,5612.0,5598.2,5750.0,5520.0,3090
2020-12-04,5750.0,6187.0,6210.0,5748.988,13237
2020-12-07,7962.6,8372.0,8537.6,7590.0,40264
2020-12-08,8229.4,8247.8,8735.4,7737.2,13167
2020-12-09,8749.2,9200.0,9627.8,8514.6,17480
2020-12-10,8772.2,10120.0,10317.8,8542.2,14116
2020-12-11,9922.2,9328.8,9922.2,8698.646,12689
2020-12-14,9591.0,8896.4,9591.0,8574.4,7568
2020-12-15,8806.47,8289.2,8813.6,7640.6,10863
2020-12-16,8660.88,9163.2,9338.0,8169.6,8649
2020-12-17,8832.0,8694.0,9425.4,8224.8,15037
2020-12-18,8740.0,8873.4,9117.2,8372.0,8607
2020-12-21,8832.0,8965.4,9328.8,8694.0,9567
2020-12-22,10465.0,8689.4,11454.0,8326.0,28886
2020-12-23,9287.4,8924.0,9384.0,8740.0,18490
2020-12-24,9039.0,8192.6,9062.0,7935.0,14020
2020-12-28,7866.0,7079.4,7866.0,7038.0,19779
2020-12-29,7033.4,6729.8,7051.8,6453.8,12820
2020-12-30,6674.6,6587.2,7245.0,6573.4,11153
2020-12-31,6670.0,6348.0,6711.4,6219.2,10511
2021-01-04,6361.8,5750.0,6371.0,5520.0,16533
2021-01-05,6348.0,6481.4,6633.2,6164.0,15950
2021-01-06,6614.8,6458.4,6941.4,6302.0,12305
2021-01-07,6665.4,6527.4,6794.2,6412.4,8185
2021-01-08,7084.0,6900.0,7130.0,6490.6,13423
2021-01-11,7219.7,7843.0,7912.0,7120.8,17010
2021-01-12,7544.0,7691.2,7797.0,7429.0,15244
2021-01-13,9163.2,8740.0,9200.0,8201.8,47384
2021-01-14,8896.4,8022.4,8924.0,7985.6,22700
2021-01-15,8026.862,7774.0,8224.8,7686.6,9746
2021-01-19,7906.296,7672.8,7990.2,7369.2,10778
2021-01-20,7795.39,7985.6,8265.05,7705.0,9612
2021-01-21,8229.4,7875.2,8257.0,7751.0,7261
2021-01-22,7847.6,7820.0,7861.4,7668.2,6055
2021-01-25,7820.0,7728.0,7898.2,7199.0,9465
2021-01-26,7498.0,7456.6,7530.2,7291.0,11591
2021-01-27,7163.12,6964.4,7452.0,6808.0,11113
2021-01-28,7038.0,7116.2,7254.2,6854.0,7292
2021-01-29,6946.0,6932.2,7176.0,6808.046,11132
2021-02-01,7005.8,7130.0,7447.4,6688.446,8510
2021-02-02,7477.3,7254.2,7498.0,7176.0,6608
2021-02-03,7410.6,7544.0,7935.0,7410.6,14914
2021-02-04,8174.2,8671.0,8684.8,7898.2,33224
2021-02-05,8629.6,8109.8,8648.0,8017.8,17040
2021-02-08,7861.4,7824.6,8031.6,7603.11,14150
2021-02-09,7842.954,7737.2,7957.954,7557.8,10315
2021-02-10,7767.79,7599.2,7925.8,7194.4,8722
2021-02-11,7613.0,7461.2,7631.4,7360.0,5699
2021-02-12,7465.8,7672.8,7879.8,7300.2,6898
2021-02-16,7820.0,7677.4,7820.0,7534.8,7344
2021-02-17,7636.0,7562.4,7663.6,7327.8,7137
2021-02-18,7378.4,7222.0,7442.8,7111.6,7758
2021-02-19,7254.2,7042.6,7350.8,7005.8,6882
2021-02-22,6936.8,6743.6,7033.4,6716.0,7280
2021-02-23,6210.0,6058.2,6343.4,5750.0,12636
2021-02-24,6219.2,6536.6,6578.0,6144.266,7076
2021-02-25,6486.0,6219.2,6734.354,6122.6,5923
2021-02-26,6118.0,5915.6,6263.452,5865.0,8928
2021-03-01,6108.8,6564.2,6739.0,5984.6,9529
2021-03-02,6499.8,6384.8,6555.0,6283.6,4597
2021-03-03,6467.6,5993.8,6472.2,5943.2,7363
2021-03-04,5928.48,5257.8,5996.1,5014.0,11322
2021-03-05,5336.0,5142.8,5400.4,4452.8,13117
2021-03-08,5179.6,5119.8,5589.0,5073.8,6554
2021-03-09,5360.748,5621.2,5736.2,5326.8,8496
2021-03-10,5800.6,5929.4,6196.2,5722.4,9247
2021-03-11,6072.0,6748.2,6826.4,6049.0,17718
2021-03-12,6941.4,6817.2,7360.0,6509.0,28485
2021-03-15,7106.632,7222.0,7498.0,6918.4,17673
2021-03-16,7268.0,7102.4,7672.8,6932.2,16545
2021-03-17,6794.2,7194.4,7419.8,6740.61,19417
2021-03-18,6992.0,7061.0,7456.6,6918.4,14015
2021-03-19,7130.0,7074.8,7217.4,6844.8,29845
2021-03-22,7203.6,7042.6,7291.0,6854.0,11666
2021-03-23,6936.8,6794.2,7079.4,6743.6,11541
2021-03-24,6900.0,5973.1,6900.0,5970.8,11011
2021-03-25,5704.0,5888.0,5970.8,5520.0,8991
2021-03-26,5911.0,5731.6,6108.8,5469.4,7885
2021-03-29,5731.6,5428.0,5768.4,5359.0,11510
2021-03-30,4434.4,4278.0,4498.8,3919.246,78935
2021-03-31,4393.0,4153.8,4416.0,4121.6,28219
2021-04-01,4278.0,4135.4,4429.8,4121.6,17198
2021-04-05,4213.6,3896.2,4213.6,3703.0,26767
2021-04-06,3845.6,4259.6,4324.0,3827.2,17234
2021-04-07,4167.6,4383.8,4899.0,4103.2,22763
2021-04-08,4544.8,4751.8,4774.8,4466.6,13746
2021-04-09,4609.2,4494.2,4682.8,4388.4,8680
2021-04-12,4480.4,4112.4,4480.4,4043.4,9728
2021-04-13,4112.4,4227.4,4255.0,3914.6,9847
2021-04-14,4140.0,4213.6,4291.8,4103.2,5923
2021-04-15,4149.2,3845.6,4181.4,3772.046,13325
2021-04-16,3822.6,3776.6,3877.8,3735.2,7656
2021-04-19,3762.8,3808.8,3923.8,3707.6,7151
2021-04-20,3657.0,3519.0,3693.8,3450.0,11371
2021-04-21,3450.0,3960.6,3979.0,3371.8,10831
2021-04-22,3942.2,3882.4,4066.4,3800.382,7437
2021-04-23,3864.0,4006.6,4089.4,3827.2,4207
2021-04-26,4071.0,4126.2,4222.8,3960.6,4297
2021-04-27,4187.518,4130.8,4195.2,4057.2,2901
2021-04-28,4061.8,4365.4,4388.4,4034.2,5927
2021-04-29,4319.4,4190.6,4383.754,4090.228,4141
2021-04-30,4089.4,4057.2,4213.6,3988.2,3228
2021-05-03,4103.2,3864.0,4112.4,3813.4,3654
2021-05-04,3818.0,3730.6,3854.8,3657.69,4928
2021-05-05,3721.4,3691.5,3762.8,3661.6,3195
2021-05-06,3664.774,3397.1,3676.734,3328.1,7167
2021-05-07,3445.4,3555.8,3689.2,3367.2,6211
2021-05-10,3514.4,3261.4,3551.2,3220.0,6208
2021-05-11,3155.278,3643.2,3684.6,2994.6,9387
2021-05-12,3454.6,3390.2,3560.4,3321.2,4635
2021-05-13,3413.2,3279.8,3574.2,3243.0,4362
2021-05-14,3371.8,3358.0,3486.8,3302.8,3629
2021-05-17,3390.2,3473.0,3661.6,3344.2,6277
2021-05-18,3542.0,3491.4,3643.2,3256.8,13278
2021-05-19,3358.0,3574.2,3592.6,3302.8,5437
2021-05-20,3569.6,3555.8,3592.6,3463.8,4123
2021-05-21,3578.8,3523.6,3638.6,3500.6,4255
2021-05-24,3726.0,3560.4,3784.88,3477.6,4682
2021-05-25,3542.0,3473.0,3583.4,3413.246,4128
2021-05-26,3471.988,3634.0,3726.0,3459.2,5069
2021-05-27,3657.0,3772.0,3790.4,3592.6,9382
2021-05-28,3772.0,3643.2,3887.0,3634.0,4101
2021-06-01,3680.0,3749.0,3781.2,3601.8,3610
2021-06-02,3776.6,4071.0,4140.0,3707.6,12334
2021-06-03,4052.6,4098.6,4264.062,3910.0,12467
2021-06-04,4144.6,3992.8,4190.6,3938.29,6530
2021-06-07,4080.2,4094.0,4218.2,3960.6,6795
2021-06-08,4153.8,4926.6,5483.2,4153.8,57543
2021-06-09,5561.4,4618.4,5605.1,4512.6,29428
2021-06-10,4586.2,4489.6,4705.8,4259.6,12617
2021-06-11,4526.4,4462.0,4581.6,4301.0,7344
2021-06-14,4439.0,4351.6,4600.0,4324.0,5429
2021-06-15,4347.0,5083.0,5244.0,4318.894,69463
2021-06-16,4931.2,4692.0,5078.4,4521.8,21255
2021-06-17,4751.8,4567.8,4897.712,4420.6,15928
2021-06-18,4595.4,4586.2,4761.0,4521.8,13808
2021-06-21,4498.8,4356.2,4553.816,4289.5,11340
2021-06-22,4382.374,4360.8,4425.2,4199.8,7328
2021-06-23,4411.032,4600.0,4636.8,4393.0,7126
2021-06-24,4604.6,4517.2,4667.988,4443.6,6808
2021-06-25,4517.2,4448.2,4595.4,4420.6,29055
2021-06-28,4494.936,4517.2,4566.88,4406.8,6002
2021-06-29,4546.18,4517.2,4696.6,4434.4,12173
2021-06-30,4494.2,4572.4,4742.6,4439.0,8988
2021-07-01,4632.2,4356.2,4655.108,4347.0,5443
2021-07-02,4370.0,4176.8,4455.698,4158.4,4882
2021-07-06,4253.85,4195.2,4270.364,4107.8,3553
2021-07-07,4195.2,4052.6,4199.8,3928.4,4906
2021-07-08,3900.8,4061.8,4075.6,3870.21,2938
2021-07-09,4084.8,4144.6,4163.0,4002.0,2238
2021-07-12,4149.2,4190.6,4245.202,4026.058,2644
2021-07-13,4176.8,4126.2,4209.0,4043.4,2622
2021-07-14,4163.0,4006.6,4229.7,3988.2,3327
2021-07-15,4011.2,4057.2,4324.0,3960.462,3880
2021-07-16,4057.2,3905.4,4066.4,3887.0,2627
2021-07-19,3785.8,3831.8,3868.6,3650.79,3508
2021-07-20,3841.0,3914.6,3974.4,3726.0,2722
2021-07-21,3873.2,4020.4,4043.4,3841.0,2637
2021-07-22,4071.0,3882.4,4080.2,3868.6,2126
2021-07-23,3864.0,3772.0,3894.82,3721.4,2123
2021-07-26,3739.8,3841.0,3988.2,3697.02,3048
2021-07-27,3841.0,3721.4,3841.0,3643.2,3816
2021-07-28,3741.042,3854.8,3891.6,3712.2,2635
2021-07-29,3864.0,3735.2,3873.2,3735.2,2982
2021-07-30,3703.0,3739.8,3822.6,3675.4,2371
2021-08-02,3795.0,3675.4,3795.0,3667.58,2608
2021-08-03,3735.2,3606.4,3735.2,3575.166,2311
2021-08-04,3574.2,3509.8,3698.4,3505.2,2642
2021-08-05,3509.8,3657.0,3730.6,3502.9,2837
2021-08-06,3680.0,3684.6,3730.6,3634.0,1755
2021-08-09,3675.4,3670.8,3795.0,3657.0,3593
2021-08-10,3729.266,3675.4,3804.2,3634.0,3692
2021-08-11,3680.0,3652.4,3712.2,3592.6,2583
2021-08-12,3657.0,3514.4,3657.0,3477.6,3852
2021-08-13,3537.4,3229.2,3560.4,3224.6,5933
2021-08-16,3220.0,3022.2,3243.0,3013.0,7469
2021-08-17,3013.0,2921.0,3013.0,2827.942,6478
2021-08-18,2990.322,2829.0,3003.8,2815.2,5480
2021-08-19,2796.8,2681.8,2815.2,2645.0,8494
2021-08-20,2668.0,2718.6,2842.8,2663.4,5181
2021-08-23,2824.4,3583.4,3620.2,2806.0,34109
2021-08-24,3413.2,3477.6,3486.8,3183.2,15704
2021-08-25,3390.2,3450.0,3661.6,3381.0,9140
2021-08-26,3453.036,3519.0,3712.2,3404.0,7336
2021-08-27,3532.8,3385.6,3574.2,3312.0,7707
2021-08-30,3408.6,3275.2,3408.6,3210.8,4396
2021-08-31,3262.964,3316.6,3339.6,3233.8,3618
2021-09-01,3266.0,3394.8,3455.52,3252.2,5491
2021-09-02,3394.8,3551.2,3611.0,3390.2,6037
2021-09-03,3519.0,3500.6,3703.0,3481.74,7433
2021-09-07,3583.952,3588.0,3781.2,3551.246,7585
2021-09-08,3588.0,3371.8,3588.0,3261.4,5389
2021-09-09,3371.8,3325.8,3418.536,3284.4,3592
2021-09-10,3381.0,3155.6,3404.0,3151.0,5130
2021-09-13,3178.6,3220.0,3307.4,3111.9,3704
2021-09-14,3247.6,3164.8,3307.4,3123.4,3505
2021-09-15,3155.6,3160.2,3210.8,3105.0,4122
2021-09-16,3114.2,3072.8,3128.0,3059.0,4020
2021-09-17,3077.4,3141.8,3240.7,3077.4,12320
2021-09-20,2985.4,3118.8,3141.8,2957.8,7265
2021-09-21,3128.0,3077.4,3183.2,2957.8,8812
2021-09-22,3089.636,3013.0,3089.636,2893.4,12088
2021-09-23,3137.2,3413.2,3615.6,3137.2,27190
2021-09-24,3537.4,4158.4,4218.2,3482.2,55639
2021-09-27,4103.2,3827.2,4236.6,3684.6,23449
2021-09-28,3726.0,3532.8,3900.8,3519.0,9490
2021-09-29,3606.4,3417.8,3864.0,3390.2,13570
2021-09-30,3477.6,3537.4,3578.8,3387.9,5893
2021-10-01,3532.8,3302.8,3574.2,3275.2,6548
2021-10-04,3289.0,3132.6,3302.8,3072.8,5711
2021-10-05,3169.4,3160.2,3231.5,3118.8,4770
2021-10-06,3095.8,3059.0,3169.4,3022.2,4369
2021-10-07,3114.2,3054.4,3169.4,3044.05,3900
2021-10-08,3077.4,2976.2,3100.4,2967.0,4166
2021-10-11,3030.066,3049.8,3142.858,2963.32,3775
2021-10-12,3049.8,3201.6,3224.6,3044.464,4056
2021-10-13,3233.8,3321.2,3339.6,3210.8,3400
2021-10-14,3325.8,3312.0,3367.2,3213.1,4235
2021-10-15,3362.6,3348.8,3385.6,3270.6,3583
2021-10-18,3152.61,3247.6,3311.954,3151.0,3681
2021-10-19,3261.4,3316.6,3335.0,3238.4,2461
2021-10-20,3335.0,3279.8,3335.0,3243.0,1795
2021-10-21,3270.278,3390.2,3404.0,3247.14,4582
2021-10-22,3358.0,3215.4,3391.074,3187.8,3434
2021-10-25,3293.6,3436.2,3514.4,3259.1,6340
2021-10-26,3436.2,3496.0,3636.3,3436.2,4835
2021-10-27,3500.6,3381.0,3578.8,3358.0,2388
2021-10-28,3404.0,3670.8,3749.0,3404.0,7110
2021-10-29,3670.8,3689.2,3822.6,3643.2,4280
2021-11-01,3730.6,3850.2,3910.0,3726.0,6574
2021-11-02,3845.6,3827.2,3859.4,3670.8,3526
2021-11-03,3818.0,3896.2,3988.2,3794.08,3832
2021-11-04,3946.8,3836.4,3977.39,3804.2,2514
2021-11-05,3873.2,3937.6,4006.6,3824.624,4625
2021-11-08,4052.6,4176.8,4264.2,4002.276,8438
2021-11-09,4310.2,3914.6,4314.8,3826.694,6653
2021-11-10,3785.8,3703.0,4043.952,3634.0,7245
2021-11-11,3795.0,3905.4,3953.838,3689.66,4159
2021-11-12,4002.0,3951.4,4029.6,3887.0,2811
2021-11-15,3942.2,3887.0,3960.6,3758.2,4988
2021-11-16,3946.8,4807.0,4853.0,3910.0,43639
2021-11-17,5520.0,4968.0,5814.4,4627.6,153669
2021-11-18,4761.0,4457.4,4871.4,4186.46,29621
2021-11-19,4572.998,4609.2,4724.2,4503.4,14909
2021-11-22,4646.0,5257.8,5446.4,4613.8,50518
2021-11-23,5193.4,5308.4,5336.0,4793.2,25148
2021-11-24,5133.6,5694.8,5722.4,5115.2,30890
2021-11-26,5244.0,5621.2,5660.3,5198.0,14980
2021-11-29,5750.0,5929.4,6141.0,5455.6,31632
2021-11-30,5814.86,5506.2,5851.2,5244.0,23780
2021-12-01,5630.4,5202.6,5713.2,5083.0,14660
2021-12-02,4981.8,5244.0,5294.6,4820.8,18179
2021-12-03,5175.0,4687.4,5216.4,4641.4,14272
2021-12-06,4517.2,4462.0,4720.014,4259.6,11769
2021-12-07,4655.66,4572.4,4705.8,4524.1,7244
2021-12-08,4600.0,4678.2,4820.8,4489.6,5764
2021-12-09,4600.0,4342.4,4655.2,4328.6,6731
2021-12-10,4379.2,4305.6,4526.4,4271.1,6436
2021-12-13,4305.6,4176.8,4383.8,4087.1,8208
2021-12-14,4029.6,3974.4,4140.0,3859.4,8691
2021-12-15,3969.708,3974.4,4034.2,3712.2,9429
2021-12-16,4227.4,3873.2,4356.2,3847.9,14404
2021-12-17,3877.8,4112.4,4211.3,3716.8,10223
2021-12-20,3928.4,3887.0,4013.5,3818.0,5683
2021-12-21,3923.8,3919.2,3956.0,3735.2,6903
2021-12-22,3919.2,3845.6,4013.5,3772.0,5543
2021-12-23,3841.0,3914.6,3992.8,3735.2,5216
2021-12-27,3896.2,3836.4,3928.4,3788.1,5554
2021-12-28,3785.8,3680.0,3868.6,3657.0,6261
2021-12-29,3675.4,3523.6,3689.2,3482.2,6291
2021-12-30,3523.6,3726.0,3806.5,3491.4,12014
2021-12-31,3707.6,3551.2,3788.1,3544.3,5013
2022-01-03,3652.4,3730.6,3790.4,3611.0,5506
2022-01-04,3758.2,3565.0,3780.188,3473.0,7127
2022-01-05,3565.0,3353.4,3622.5,3279.8,9297
2022-01-06,3417.8,3210.8,3417.8,3192.4,9374
2022-01-07,3229.2,3220.0,3371.8,3174.0,5995
2022-01-10,3192.4,3151.0,3224.554,3017.6,7503
2022-01-11,3146.4,3335.0,3394.8,3091.2,6370
2022-01-12,3358.0,3293.6,3408.6,3270.6,3060
2022-01-13,3307.4,3155.6,3335.0,3128.0,4645
2022-01-14,3151.0,3100.4,3217.7,2999.2,6012
2022-01-18,3041.796,2898.0,3061.3,2893.4,7213
2022-01-19,2939.4,2769.2,2950.624,2764.6,6970
2022-01-20,2842.8,2727.8,2921.0,2711.7,6222
2022-01-21,2746.2,2548.4,2755.4,2548.4,12935
2022-01-24,2518.362,2589.8,2608.2,2286.2,13750
2022-01-25,2520.8,2580.6,2642.7,2419.6,7329
2022-01-26,2720.9,2654.2,2921.92,2635.8,11350
2022-01-27,2690.08,2424.2,2691.0,2392.0,9161
2022-01-28,2424.2,2479.4,2486.3,2313.8,7136
2022-01-31,2507.0,2815.2,2824.4,2497.8,6580
2022-02-01,2838.2,2911.8,2971.6,2778.4,5992
2022-02-02,2930.2,2732.4,2930.2,2658.8,6528
2022-02-03,2668.0,2585.2,2732.906,2585.2,4646
2022-02-04,2603.6,2691.0,2746.2,2553.0,5016
2022-02-07,2709.4,2691.0,2831.3,2658.8,3688
2022-02-08,2691.0,2824.4,2846.94,2658.8,4136
2022-02-09,2861.2,2916.4,2916.4,2787.554,4086
2022-02-10,2796.8,2783.0,2962.4,2753.1,4916
2022-02-11,2787.6,2691.0,2865.8,2649.6,5847
2022-02-14,2668.0,2737.0,2925.6,2654.2,9807
2022-02-15,2801.4,2861.2,2895.7,2760.0,4281
2022-02-16,2838.2,2875.0,2888.8,2787.646,3719
2022-02-17,2810.6,2769.2,2953.2,2760.0,4985
2022-02-18,2806.23,2617.4,2819.018,2580.6,5068
2022-02-22,2577.426,2479.4,2656.5,2440.3,5674
2022-02-23,2543.8,2359.8,2562.2,2355.2,4369
2022-02-24,2263.2,2617.4,2626.6,2254.0,6212
2022-02-25,2658.8,2645.0,2674.9,2511.6,5493
2022-02-28,2631.2,2640.4,2686.354,2548.4,6720
2022-03-01,2442.6,2516.2,2658.8,2442.6,8081
2022-03-02,2557.6,2571.4,2578.3,2428.8,4515
2022-03-03,2571.4,2405.8,2585.154,2350.6,6079
2022-03-04,2392.0,2258.6,2438.0,2221.8,6837
2022-03-07,2277.0,2277.0,2378.2,2249.4,4830
2022-03-08,2281.6,2318.4,2415.0,2212.6,5690
2022-03-09,2433.4,2686.4,2691.0,2410.4,8654
2022-03-10,2580.6,2672.6,2674.9,2526.458,4031
2022-03-11,2700.2,2626.6,2704.8,2516.2,3784
2022-03-14,2553.0,2382.8,2557.6,2369.0,6265
2022-03-15,2410.4,2562.2,2580.6,2346.0,5375
2022-03-16,2612.8,2649.6,2681.8,2527.7,4988
2022-03-17,2626.6,2700.2,2727.8,2576.552,3519
2022-03-18,2686.4,2792.2,2856.232,2682.26,5550
2022-03-21,2806.0,2700.2,2806.0,2642.7,3847
2022-03-22,2718.6,2750.8,2796.8,2672.6,4207
2022-03-23,2700.2,2658.8,2746.798,2622.0,3842
2022-03-24,2727.8,2741.6,2806.0,2649.6,4431
2022-03-25,2718.6,2539.2,2741.6,2497.8,5294
2022-03-28,2608.2,2562.2,2608.2,2461.0,4044
2022-03-29,2617.4,2769.2,2783.0,2603.6,8754
2022-03-30,2750.8,2686.4,2815.2,2656.5,5553
2022-03-31,2709.4,2539.2,2718.6,2539.2,4596
2022-04-01,2599.0,2497.8,2599.0,2493.2,5140
2022-04-04,2534.6,2847.4,2875.0,2511.6,9150
2022-04-05,2847.4,2668.0,2870.4,2645.0,5787
2022-04-06,2612.8,2562.2,2622.0,2493.2,4911
2022-04-07,2553.0,2479.4,2580.6,2421.9,3582
2022-04-08,2507.0,2415.0,2507.0,2415.0,2989
2022-04-11,2382.8,2382.8,2470.2,2336.8,2835
2022-04-12,2442.6,2332.2,2516.2,2323.0,2868
2022-04-13,2378.2,2373.6,2415.0,2302.3,6594
2022-04-14,2350.6,2295.4,2369.0,2277.0,5494
2022-04-18,2295.4,2240.2,2318.4,2221.8,4746
2022-04-19,2249.4,2318.4,2350.6,2166.6,3247
2022-04-20,2323.0,2249.4,2330.912,2221.8,2617
2022-04-21,2300.0,2166.6,2392.0,2162.0,5013
2022-04-22,2157.4,2277.0,2300.0,2120.6,4907
2022-04-25,2254.0,2382.8,2419.6,2251.7,3982
2022-04-26,2346.0,2295.4,2355.246,2205.7,4806
2022-04-27,2318.4,2240.2,2346.0,2221.8,3971
2022-04-28,2258.6,2309.2,2325.3,2208.0,2877
2022-04-29,2304.6,2208.0,2336.8,2198.8,2519
2022-05-02,2198.8,2231.0,2249.492,2148.2,3201
2022-05-03,2208.0,2185.0,2267.8,2159.7,2290
2022-05-04,2180.4,2258.6,2277.0,2102.2,3984
2022-05-05,2212.6,2065.4,2237.9,2030.9,4598
2022-05-06,2042.4,2056.2,2116.0,1959.6,4048
2022-05-09,1978.0,1750.3,2026.3,1748.0,7884
2022-05-10,1849.2,1660.6,1850.488,1596.2,7010
2022-05-11,1545.6,1283.4,1582.4,1278.8,15917
2022-05-12,1173.0,1380.0,1393.8,1173.0,9681
2022-05-13,1449.0,1508.8,1577.8,1403.0,5640
2022-05-16,1577.8,1531.8,1656.0,1499.6,11848
2022-05-17,1633.0,1651.4,1688.2,1536.4,6230
2022-05-18,1637.6,1554.8,1711.2,1541.0,3783
2022-05-19,1536.4,1674.4,1715.8,1531.8,6647
2022-05-20,1688.2,1554.8,1711.798,1504.2,4070
2022-05-23,1582.4,1490.4,1587.0,1472.0,4131
2022-05-24,1476.6,1426.0,1490.4,1384.6,4713
2022-05-25,1421.4,1462.8,1485.8,1393.8,3241
2022-05-26,1462.8,1531.8,1577.8,1435.2,3823
2022-05-27,1573.2,1619.2,1644.5,1552.5,3054
2022-05-31,1614.6,1541.0,1619.2,1522.6,9174
2022-06-01,1545.6,1531.8,1591.6,1508.8,3242
2022-06-02,1559.4,1568.6,1637.6,1513.4,2554
2022-06-03,1550.2,1527.2,1550.2,1462.8,2799
2022-06-06,1559.4,1462.8,1582.4,1458.2,2974
2022-06-07,1467.4,1476.6,1484.696,1416.8,2478
2022-06-08,1462.8,1559.4,1610.552,1462.8,2697
2022-06-09,1559.4,1476.6,1559.4,1472.0,1740
2022-06-10,1449.0,1403.0,1488.1,1398.4,2079
2022-06-13,1357.0,1278.8,1400.7,1255.8,6189
2022-06-14,1292.6,1209.8,1306.4,1205.2,4847
2022-06-15,1219.0,1269.6,1304.468,1191.4,7106
2022-06-16,1209.8,1177.6,1232.8,1163.8,4874
2022-06-17,1163.8,1108.6,1200.6,1099.4,14566
2022-06-21,1131.6,1196.0,1311.0,1120.1,15460
2022-06-22,1145.4,1062.6,1209.8,1048.8,14607
2022-06-23,1085.6,1030.4,1099.4,1012.0,11884
2022-06-24,1035.0,1025.8,1085.6,1012.0,14183
2022-06-27,1035.0,979.8,1039.6,961.4,8808
2022-06-28,970.6,938.4,1025.8,929.2,6559
2022-06-29,933.8,933.8,938.4,878.6,17141
2022-06-30,906.2,851.0,922.3,846.4,8336
2022-07-01,855.6,864.8,887.8,821.1,6071
2022-07-05,864.8,989.0,998.2,805.0,13562
2022-07-06,984.4,984.4,1025.8,952.2,5391
2022-07-07,993.6,1117.8,1173.0,972.9,11082
2022-07-08,1117.8,1186.8,1311.0,1076.4,10618
2022-07-11,1242.0,1090.2,1242.0,1058.0,5343
2022-07-12,2139.0,1669.8,2300.0,1646.8,378215
2022-07-13,1688.2,1642.2,1706.6,1499.6,78152
2022-07-14,1794.0,2120.6,2300.0,1706.6,401967
2022-07-15,2106.8,1968.8,2129.8,1918.2,121517
2022-07-18,1959.6,1821.6,1968.8,1784.8,63909
2022-07-19,1863.0,1840.0,1904.4,1799.152,38318
2022-07-20,1853.8,1904.4,1991.8,1821.6,42260
2022-07-21,1872.2,1863.0,1876.8,1798.6,23781
2022-07-22,1835.4,1771.0,1913.6,1676.7,24633
2022-07-25,1752.6,1706.6,1752.6,1614.6,15214
2022-07-26,1646.8,1610.0,1683.554,1596.2,14804
2022-07-27,1646.8,1656.0,1660.6,1545.6,11686
2022-07-28,1651.4,1646.8,1711.2,1628.4,15390
2022-07-29,1626.1,1591.6,1651.4,1578.72,10519
2022-08-01,1605.4,1573.2,1647.72,1568.6,9802
2022-08-02,1545.646,1660.6,1748.0,1531.8,15239
2022-08-03,1674.4,1720.4,1729.6,1637.6,11063
2022-08-04,1697.4,1642.2,1812.354,1628.4,14847
2022-08-05,1646.8,1702.0,1715.8,1587.0,10493
2022-08-08,1775.6,1812.4,1927.4,1743.4,34035
2022-08-09,1695.1,1568.6,1695.1,1467.4,28911
2022-08-10,1600.8,1651.4,1651.4,1531.8,12439
2022-08-11,1679.0,1729.6,1987.2,1665.2,38994
2022-08-12,1734.2,1968.8,1968.8,1660.6,30803
2022-08-15,1920.5,1821.6,2019.4,1771.0,19452
2022-08-16,1835.4,1821.6,1863.0,1738.8,18575
2022-08-17,1803.2,1798.6,1945.8,1766.4,29196
2022-08-18,1840.0,1752.6,1844.6,1702.0,13020
2022-08-19,1688.2,1683.6,1731.9,1619.2,11209
2022-08-22,1646.8,1651.4,1660.6,1591.6,8536
2022-08-23,1651.4,1550.2,1706.6,1536.4,16895
2022-08-24,1550.2,1679.0,1720.4,1531.8,10121
2022-08-25,1688.2,1706.6,1738.8,1679.0,5464
2022-08-26,1715.8,1605.4,1738.248,1596.2,7960
2022-08-29,1577.8,1527.2,1651.4,1522.6,9686
2022-08-30,1536.4,1426.0,1545.6,1389.2,13896
2022-08-31,1426.0,1467.4,1476.6,1405.3,8545
2022-09-01,1421.4,1384.6,1430.6,1338.6,11720
2022-09-02,1389.2,1329.4,1393.8,1311.0,10556
2022-09-06,1352.4,1274.2,1361.6,1242.0,9599
2022-09-07,1246.6,1246.6,1306.354,1200.6,10482
2022-09-08,1196.0,1232.8,1274.2,1191.4,7850
2022-09-09,1251.2,1242.0,1278.8,1232.8,8392
2022-09-12,1255.8,1246.6,1285.7,1196.0,12089
2022-09-13,1186.8,1173.0,1237.4,1163.8,11112
2022-09-14,1168.4,1196.0,1196.0,1122.4,11375
2022-09-15,1219.0,1288.0,1343.2,1196.0,28055
2022-09-16,1251.2,1152.3,1271.9,1140.8,21396
2022-09-19,1140.8,1150.0,1168.4,1104.0,8921
2022-09-20,1122.4,1071.8,1136.2,1062.6,10764
2022-09-21,1076.4,1104.0,1154.6,1062.6,8133
2022-09-22,1090.2,1035.0,1110.9,989.0,12933
2022-09-23,1002.8,1021.2,1030.4,984.4,7730
2022-09-26,1012.0,938.4,1060.3,933.8,12071
2022-09-27,952.2,933.8,989.0,924.6,13070
2022-09-28,933.8,970.6,984.4,910.8,10721
2022-09-29,920.0,910.8,938.4,864.8,14689
2022-09-30,897.0,862.5,913.1,860.2,8490
2022-10-03,864.8,846.4,867.1,814.2,9989
2022-10-04,864.8,860.2,897.0,846.4,16684
2022-10-05,851.0,795.8,857.9,777.4,19337
2022-10-06,786.6,745.2,807.3,745.2,14483
2022-10-07,736.0,690.0,749.8,680.8,14772
2022-10-10,717.6,630.2,717.6,625.6,12477
2022-10-11,648.6,625.6,669.3,611.8,26804
2022-10-12,634.8,639.4,657.8,618.7,17060
2022-10-13,616.4,630.2,648.6,593.4,16340
2022-10-14,644.0,593.4,648.6,588.8,11923
2022-10-17,641.7,667.0,726.8,621.0,53836
2022-10-18,740.6,671.6,740.6,644.0,47016
2022-10-19,657.8,653.2,667.0,639.4,14677
2022-10-20,648.6,634.8,667.0,625.6,12853
2022-10-21,616.4,637.1,644.0,602.6,10660
2022-10-24,630.2,625.6,648.554,598.0,12045
2022-10-25,634.8,648.6,676.2,625.6,29582
2022-10-26,671.6,648.6,708.4,644.0,27959
2022-10-27,667.0,634.8,671.6,630.2,9802
2022-10-28,639.4,634.8,644.0,598.0,10429
2022-10-31,644.0,630.2,648.6,621.0,11486
2022-11-01,648.6,630.2,653.2,625.6,12587
2022-11-02,644.0,607.2,644.0,607.2,12521
2022-11-03,602.6,611.8,630.2,598.0,11116
2022-11-04,625.6,607.2,639.4,593.4,11528
2022-11-07,621.0,607.2,621.0,593.4,12072
2022-11-08,611.8,600.3,625.6,584.2,12997
2022-11-09,584.2,538.2,588.8,533.6,20168
2022-11-10,602.6,556.6,607.2,542.8,49561
2022-11-11,565.8,726.8,759.0,538.2,79308
2022-11-14,768.2,701.5,772.8,653.2,58761
2022-11-15,717.6,676.2,736.0,671.6,27703
2022-11-16,671.6,611.8,680.8,607.2,24518
2022-11-17,593.4,575.0,598.0,565.846,19307
2022-11-18,588.8,570.4,591.1,556.6,20241
2022-11-21,561.2,533.6,570.4,524.4,22213
2022-11-22,515.2,485.3,519.8,469.2,28216
2022-11-23,487.6,496.8,506.0,487.6,16417
2022-11-25,584.2,519.8,588.8,515.2,37400
2022-11-28,542.8,542.8,575.0,529.0,33309
2022-11-29,565.8,570.4,579.6,547.4,18567
2022-11-30,588.8,616.4,616.4,561.2,37777
2022-12-01,653.2,634.8,683.1,611.8,34781
2022-12-02,630.2,662.4,680.616,589.49,32794
2022-12-05,662.4,644.0,676.2,639.4,19807
2022-12-06,644.0,621.0,653.2,579.6,18468
2022-12-07,598.0,630.2,639.4,584.2,13012
2022-12-08,630.2,616.4,646.3,602.6,14308
2022-12-09,611.8,588.8,632.5,579.6,15673
2022-12-12,598.0,588.8,607.2,584.2,14328
2022-12-13,616.4,588.8,630.2,575.0,17004
2022-12-14,593.4,556.6,602.6,542.8,26764
2022-12-15,542.8,579.6,584.2,533.6,22997
2022-12-16,570.4,565.8,584.2,542.8,32990
2022-12-19,556.6,561.2,565.8,538.2,13218
2022-12-20,542.8,538.2,561.2,529.0,15708
2022-12-21,538.2,556.6,570.4,515.2,12642
2022-12-22,538.2,515.2,547.4,496.8,17405
2022-12-23,515.2,533.6,533.6,506.0,11168
2022-12-27,533.6,487.6,533.6,478.4,19058
2022-12-28,492.2,492.2,501.4,487.6,10719
2022-12-29,501.4,561.2,561.2,478.4,34909
2022-12-30,556.6,565.8,611.8,538.2,20149
2023-01-03,584.2,575.0,588.8,542.8,13286
2023-01-04,579.6,570.4,588.8,556.6,11810
2023-01-05,552.0,538.2,556.6,524.4,12204
2023-01-06,506.0,501.4,533.6,496.8,16019
2023-01-09,510.6,496.8,519.8,492.2,21978
2023-01-10,506.0,506.0,510.6,492.2,10826
2023-01-11,510.6,547.4,561.2,506.0,18998
2023-01-12,547.4,598.0,602.6,533.6,19312
2023-01-13,575.0,616.4,630.2,575.0,17106
2023-01-17,621.0,611.8,634.8,588.8,14828
2023-01-18,611.8,607.2,621.0,588.8,13583
2023-01-19,588.8,584.2,593.4,556.6,8609
2023-01-20,593.4,570.4,598.0,565.8,14943
2023-01-23,575.0,611.8,616.4,561.2,21684
2023-01-24,602.6,584.2,621.0,579.6,11341
2023-01-25,644.0,575.0,648.6,570.4,72709
2023-01-26,593.4,547.4,598.0,524.4,48276
2023-01-27,538.2,634.8,676.2,529.0,77271
2023-01-30,607.2,561.2,607.2,561.2,37672
2023-01-31,565.8,552.0,570.4,547.4,26122
2023-02-01,538.2,556.6,561.2,506.0,69505
2023-02-02,563.5,556.6,602.6,552.0,57646
2023-02-03,547.4,575.0,588.8,538.2,30209
2023-02-06,460.0,503.7,524.4,454.526,179684
2023-02-07,501.4,473.8,506.0,460.0,82807
2023-02-08,478.4,483.0,496.8,464.6,44368
2023-02-09,483.0,441.646,487.6,432.4,62689
2023-02-10,456.136,457.608,469.2,442.658,49634
2023-02-13,455.4,415.932,457.7,409.86,63229
2023-02-14,414.552,431.112,432.17,400.66,63240
2023-02-15,424.948,434.332,441.6,407.1,55741
2023-02-16,418.6,411.884,427.8,410.09,44115
2023-02-17,418.278,404.754,418.554,391.23,37159
2023-02-21,401.35,397.946,413.908,395.6,39647
2023-02-22,400.66,378.12,402.5,369.886,65749
2023-02-23,377.798,360.824,380.742,335.8,93152
2023-02-24,351.532,335.662,360.732,331.292,56683
2023-02-27,335.202,322.138,340.4,319.93,72418
2023-02-28,326.6,344.31,349.508,319.24,69978
2023-03-01,345.414,328.164,345.414,323.242,43785
2023-03-02,326.6,318.182,330.832,308.2,44937
2023-03-03,322.0,341.504,351.9,317.4,56623
2023-03-06,340.4,322.184,352.406,322.0,77926
2023-03-07,326.048,299.69,326.048,299.0,69548
2023-03-08,303.554,285.338,303.554,281.842,74864
2023-03-09,285.2,276.0,301.3,271.446,61458
2023-03-10,274.574,267.858,276.0,257.692,33810
2023-03-13,259.486,270.94,284.97,253.0,50271
2023-03-14,276.598,268.64,289.34,266.938,55420
2023-03-15,263.718,260.452,266.8,249.366,51381
2023-03-16,251.16,271.4,275.954,251.16,83705
2023-03-17,266.938,269.606,271.768,255.53,94566
2023-03-20,269.422,294.952,295.32,266.846,54114
2023-03-21,308.2,320.85,325.358,300.38,49075
2023-03-22,316.802,268.318,321.862,266.846,53959
2023-03-23,278.76,258.06,280.6,257.6,32092
2023-03-24,265.88,269.836,273.90654,253.0,26780
2023-03-27,269.468,267.03,286.672,262.292,24276
2023-03-28,267.03,268.088,272.78,261.97,25916
2023-03-29,268.226,283.268,286.304,268.226,27841
2023-03-30,289.524,286.58,303.416,285.614,41185
2023-03-31,282.348,300.196,307.05,271.446,42541
2023-04-03,319.332,285.108,320.804,277.196,43720
2023-04-04,285.2,273.562,287.362,268.226,20148
2023-04-05,271.538,252.54,276.0,249.458,31724
2023-04-06,253.0,239.2,257.462,239.154,27909
2023-04-10,247.158,244.03,248.4,231.242,34608
2023-04-11,250.47,260.36,280.6,246.61704,43392
2023-04-12,257.6,291.226,310.5,257.6,37845
2023-04-13,308.2,296.884,308.2,284.096,19202
2023-04-14,292.836,311.742,317.032,291.64,17963
2023-04-17,320.988,343.436,357.696,319.01,56159
2023-04-18,358.34,330.464,358.34,322.0,33304
2023-04-19,317.446,339.802,354.062,308.2,40213
2023-04-20,334.788,356.592,363.354,331.66,33121
2023-04-21,354.66,349.968,357.88,335.846,20847
2023-04-24,345.0,323.932,349.6,313.743,30151
2023-04-25,319.976,345.0,351.854,310.914,43014
2023-04-26,335.938,342.7,353.74,332.718,27988
2023-04-27,344.908,348.542,354.2,336.26,29560
2023-04-28,349.6,347.3,357.42,337.64,22101
2023-05-01,347.116,353.464,359.536,343.252,22153
2023-05-02,349.6,352.544,363.354,345.0,20536
2023-05-03,346.656,369.84,371.22,346.656,33138
2023-05-04,369.84,329.866,372.508,329.82,42811
2023-05-05,340.4,325.404,340.4,325.358,24026
2023-05-08,327.152,336.076,346.932,325.49646,24470
2023-05-09,330.786,311.42,335.8,299.46,42072
2023-05-10,316.94,305.9,318.78,305.9,18547
2023-05-11,299.0,286.902,304.658,285.246,19605
2023-05-12,289.8,270.71,296.7,269.1,23580
2023-05-15,271.4,276.0,277.426,263.442,21700
2023-05-16,289.8,285.246,335.8,273.056,72296
2023-05-17,289.8,302.128,310.5,277.242,23347
2023-05-18,303.6,296.654,304.612,286.212,19857
2023-05-19,299.0,308.246,317.4,294.4,36336
2023-05-22,308.246,299.184,312.294,293.94,36686
2023-05-23,297.114,295.182,297.114,287.13292,28197
2023-05-24,285.2,283.268,290.651,272.918,31516
2023-05-25,284.74,263.028,285.108,259.946,32520
2023-05-26,266.8,272.32,290.674,263.948,30244
2023-05-30,276.46,264.086,278.024,250.7,47266
2023-05-31,264.04,255.76,264.5,250.7,31010
2023-06-01,253.0,252.126,256.634,250.7,25525
2023-06-02,257.6,253.0,257.784,249.044,20777
2023-06-05,257.6,256.726,266.8,253.0,44740
2023-06-06,256.634,259.348,262.2,251.712,36874
2023-06-07,262.2,267.49,278.438,262.2,41452
2023-06-08,271.4,247.296,274.482,240.718,52527
2023-06-09,253.046,241.086,254.84,241.04,32434
2023-06-12,244.766,247.572,255.438,241.27,34026
2023-06-13,245.042,258.06,259.187,240.58,47465
2023-06-14,259.9,258.888,274.988,258.106,34334
2023-06-15,262.2,304.382,328.854,260.038,142775
2023-06-16,325.634,303.6,345.0,303.6,112312
2023-06-20,308.016,258.244,315.1,256.91,88214
2023-06-21,262.2,243.202,264.5,234.6,102390
2023-06-22,243.8,238.142,249.872,236.946,48081
2023-06-23,239.2,230.0,249.32,227.24,134784
2023-06-26,234.6,207.782,234.6,207.782,60191
2023-06-27,212.98,195.27,214.544,190.21,65915
2023-06-28,197.708,199.778,204.24,193.2,43197
2023-06-29,207.69,215.648,229.678,199.64,76118
2023-06-30,219.42,220.524,226.78,215.602,46787
2023-07-03,232.668,248.4,248.4,231.84,64337
2023-07-05,253.0,252.908,257.554,247.48,47580
2023-07-06,247.664,237.268,247.756,230.0,40543
2023-07-07,240.994,254.426,258.29,235.336,43398
2023-07-10,293.756,230.0,294.354,228.16,239333
2023-07-11,234.14,237.682,240.488,231.15,77471
2023-07-12,252.54,252.77,259.808,239.568,73523
2023-07-13,253.0,255.392,257.6,244.03,57407
2023-07-14,264.5,325.128,339.434,258.934,411767
2023-07-17,310.454,319.884,336.49,290.72,138243
2023-07-18,322.368,322.0,364.78,312.8,176956
2023-07-19,345.046,330.096,389.94154,322.644,217235
2023-07-20,338.1,305.992,343.896,299.552,98404
2023-07-21,316.25,296.378,320.98754,282.946,88365
2023-07-24,294.4,280.14,296.102,270.296,72489
2023-07-25,284.28,251.482,288.742,250.7,91033
2023-07-26,255.116,265.742,269.054,250.93,65419
2023-07-27,271.538,239.982,271.86,239.292,76943
2023-07-28,245.64,249.32,264.914,239.246,81522
2023-07-31,257.6,296.792,301.024,255.53,144825
2023-08-01,302.588,301.806,310.362,285.844,77472
2023-08-02,289.8,289.478,299.92,276.92,48625
2023-08-03,283.176,297.896,302.404,275.54,52288
2023-08-04,303.6,277.242,304.152,272.412,68087
2023-08-07,275.08,261.74,275.08,241.5,105728
2023-08-08,252.126,256.358,262.2,250.7,39112
2023-08-09,253.0,244.352,256.496,233.174,61345
2023-08-10,247.02,239.844,247.204,233.956,51432
2023-08-11,239.2,236.762,243.57,230.184,52067
2023-08-14,239.844,234.278,243.8,220.8,83094
2023-08-15,241.04,222.778,242.282,216.2,85759
2023-08-16,213.9,201.112,215.05,197.8,80554
2023-08-17,203.78,203.136,211.37,198.582,47140
2023-08-18,193.2,203.228,204.7,193.2,35483
2023-08-21,201.94,219.19,223.376,198.812,45242
2023-08-22,219.236,236.9,237.82,218.96,72259
2023-08-23,234.6,245.686,252.862,234.6,54391
2023-08-24,247.066,236.486,250.24,223.836,61039
2023-08-25,230.368,243.064,250.838,230.184,65224
2023-08-28,243.8,296.24,296.24,243.662,248408
2023-08-29,279.128,293.296,316.848,262.2,131807
2023-08-30,292.56,309.35,319.24,292.56,99539
2023-08-31,308.2,272.55,311.788,266.846,85511
2023-09-01,284.05,271.63,288.65,266.8,47119
2023-09-05,273.7,273.976,283.59,266.8,37638
2023-09-06,270.526,255.76,274.758,254.15,35299
2023-09-07,243.8,247.02,248.4,231.932,38376
2023-09-08,243.8,228.436,246.1,223.1,50988
2023-09-11,242.696,242.696,242.696,242.696,0
2023-09-12,239.568,241.684,260.866,239.2,30310
2023-09-13,242.236,234.6,243.33954,232.806,20816
2023-09-14,237.544,234.6,245.226,232.116,28583
2023-09-15,238.832,221.812,240.028,216.798,67115
2023-09-18,224.388,212.474,224.48,209.622,71590
2023-09-19,216.2,219.328,227.838,204.7,59720
2023-09-20,219.742,208.426,223.1,208.196,29553
2023-09-21,208.058,203.918,212.014,201.342,27149
2023-09-22,206.494,207.0,210.68,198.582,30279
2023-09-25,202.722,210.496,211.416,196.558,31125
2023-09-26,209.622,216.2,232.99,207.0,59417
2023-09-27,214.13,225.308,225.4,211.6,44763
2023-09-28,218.04,222.87,225.4,216.154,14970
2023-09-29,218.5,225.4,228.574,218.5,34608
2023-10-02,223.468,205.298,226.228,202.4,40083
2023-10-03,206.31,204.746,208.794,200.146,22700
2023-10-04,202.4,197.846,207.0,193.246,32323
2023-10-05,198.444,204.24,204.654,184.0,41774
2023-10-06,193.752,191.636,196.466,188.646,43637
2023-10-09,187.128,176.64,187.726,171.718,64035
2023-10-10,175.72,179.584,186.714,175.72,39503
2023-10-11,182.068,169.372,186.07,169.372,41164
2023-10-12,169.602,154.974,170.108,151.8,60364
2023-10-13,156.032,153.64,158.7,149.362,43509
2023-10-16,158.056,148.028,159.252,147.798,32935
2023-10-17,151.8,154.238,160.264,151.34,41415
2023-10-18,152.49,143.75,156.952,142.554,39246
2023-10-19,142.6,128.8,142.6,128.8,57751
2023-10-20,127.88,120.612,128.8,120.612,42894
2023-10-23,121.67,128.432,132.848,118.818,38781
2023-10-24,134.826,137.126,144.9,131.468,38451
2023-10-25,142.6,124.706,142.83,122.958,39906
2023-10-26,124.016,124.062,128.8,120.06,27900
2023-10-27,126.27,121.762,126.5,118.726,34005
2023-10-30,122.406,120.612,126.27,115.644,34207
2023-10-31,117.76,126.086,126.086,115.0,19572
2023-11-01,124.2,118.404,127.42,116.15,31650
2023-11-02,120.52,126.5,137.954,118.956,61944
2023-11-03,124.66,125.672,130.272,122.958,49587
2023-11-06,131.008,120.382,131.054,117.484,46313
2023-11-07,122.268,118.68,122.452,112.24,65149
2023-11-08,118.312,107.824,118.91,106.812,53826
2023-11-09,108.974,104.144,109.848,101.246,49309
2023-11-10,105.8,112.7,112.7,101.89,45147
2023-11-13,115.0,116.242,116.61,107.456,58301
2023-11-14,119.83,124.2,129.03,118.22,74081
2023-11-15,134.366,125.166,150.374,124.246,114789
2023-11-16,126.454,119.6,133.124,116.518,73040
2023-11-17,123.372,138.69,139.242,122.222,87419
2023-11-20,147.2,167.348,176.18,145.406,223614
2023-11-21,174.248,158.286,174.294,156.4,98222
2023-11-22,162.058,151.202,162.334,144.9,73591
2023-11-24,146.28,147.936,151.8,140.07,34328
2023-11-27,144.21,152.674,153.686,140.3,46196
2023-11-28,156.4,158.654,162.196,150.972,48328
2023-11-29,161.0,142.6,165.324,142.6,77976
2023-11-30,146.51,142.6,149.845,142.6,63959
2023-12-01,140.99,133.4,142.6,133.4,68221
2023-12-04,138.0,124.2,138.0,123.74,76692
2023-12-05,123.74,117.944,124.2,115.046,63289
2023-12-06,119.646,123.97,129.49,115.92,58310
2023-12-07,123.648,115.0,124.982,115.0,49441
2023-12-08,115.0,113.988,117.254,111.32,52306
2023-12-11,115.644,114.494,120.658,110.952,47488
2023-12-12,112.7,111.32,114.218,106.858,57044
2023-12-13,107.594,111.964,113.528,104.42,72895
2023-12-14,116.104,117.3,123.694,115.0,76865
2023-12-15,120.796,117.714,124.154,116.472,90162
2023-12-18,120.75,119.6,126.73,118.91,99059
2023-12-19,123.74,117.3,124.2,113.942,105670
2023-12-20,115.46,115.966,119.554,114.08,64971
2023-12-21,116.472,111.09,117.76,108.284,91361
2023-12-22,111.32,109.02,114.54,108.974,90544
2023-12-26,109.894,107.64,110.4,104.88,85125
2023-12-27,106.858,113.482,113.62,106.858,71425
2023-12-28,112.654,121.026,124.936,112.654,115407
2023-12-29,123.188,118.312,124.752,116.61,68076
2024-01-02,116.84,105.8,118.312,105.524,88071
2024-01-03,105.8,106.628,107.778,103.684,55720
2024-01-04,104.742,98.164,106.03,97.52,95307
2024-01-05,106.72,109.572,110.032,95.128,190740
2024-01-08,127.972,115.92,141.68,112.24,466456
2024-01-09,105.8,97.98,109.158,97.704,215319
2024-01-10,100.97,100.602,109.48,97.98,155991
2024-01-11,101.2,96.83,104.558,96.6,126712
2024-01-12,96.968,93.472,98.55822,92.644,116549
2024-01-16,93.748,84.87,94.3,82.8,155873
2024-01-17,83.95,82.892,89.01,81.328,121175
2024-01-18,83.168,80.73,83.49,74.612,132927
2024-01-19,78.2,75.854,78.246,73.002,99566
2024-01-22,74.842,85.1,85.1,74.29,134480
2024-01-23,83.766,79.672,84.364,76.36,122959
2024-01-24,82.8,77.326,84.41,75.9,90313
2024-01-25,79.534,74.842,79.534,73.094,149852
2024-01-26,75.164,71.438,76.084,71.3,120085
2024-01-29,73.048,85.974,86.388,71.53,212690
2024-01-30,85.652,82.938,93.794,79.626,189754
2024-01-31,84.18,93.932,97.98,81.42,202071
2024-02-01,96.6,82.892,102.074,81.42,203628
2024-02-02,82.478,78.2,84.042,78.2,124297
2024-02-05,79.12,71.806,80.04,70.84,176662
2024-02-06,72.726,74.014,74.934,71.024,129247
2024-02-07,74.014,75.9,79.258,71.3,123766
2024-02-08,75.808,75.44,77.97,74.014,127320
2024-02-09,76.774,71.3,77.05,70.748,182594
2024-02-12,72.404,69.966,74.152,69.276,146493
2024-02-13,69.0,66.608,69.368,64.814,128499
2024-02-14,67.666,65.504,68.034,65.09,112750
2024-02-15,66.608,66.93,71.438,65.32,156650
2024-02-16,66.7,64.814,68.54,63.986,155898
2024-02-20,65.504,59.064,65.826,57.96,208756
2024-02-21,59.8,57.546,61.18,57.5,86023
2024-02-22,55.844,53.498,56.12,51.842,197225
2024-02-23,52.9,53.222,54.602,48.024,151226
2024-02-26,53.82,48.346,53.866,46.644,231777
2024-02-27,48.484,52.348,52.854,46.046,258264
2024-02-28,54.28,48.346,54.28,47.886,248317
2024-02-29,49.864,48.392,51.06,46.92,308686
2024-03-01,48.208,48.254,48.944,46.92,169466
2024-03-04,47.886,44.206,48.3,42.78,238997
2024-03-05,44.39,43.7,45.586,43.332,124707
2024-03-06,39.422,39.928,40.94,36.8,230661
2024-03-07,39.928,45.54,50.14,38.042,318073
2024-03-08,45.4,42.6,49.4,42.6,215010
2024-03-11,41.2,35.9,41.4,34.098,235021
2024-03-12,35.0,27.2,35.4,25.6,659180
2024-03-13,27.2,27.2,29.4,26.2,317787
2024-03-14,27.6,26.2,27.6,24.4,242308
2024-03-15,25.8,38.8,41.6,25.6,1493852
2024-03-18,46.8,58.0,77.6,44.0,5419006
2024-03-19,58.0,55.6,63.6,50.2,887545
2024-03-20,54.8,68.2,71.0,52.2,1183788
2024-03-21,77.6,86.8,96.176,74.0,2322280
2024-03-22,83.8,85.6,92.0,74.4,1140850
2024-03-25,88.0,84.0,93.4,79.0,566225
2024-03-26,77.6,68.8,77.8,64.4,718123
2024-03-27,70.2,65.0,70.2,63.6,337158
2024-03-28,65.6,71.4,74.7,64.6,535429
2024-04-01,74.2,77.4,78.6,68.3,680706
2024-04-02,49.602,56.0,58.4,47.0,659724
2024-04-03,51.8,49.4,57.4,48.1,418022
2024-04-04,50.6,44.8,52.8,44.0,308217
2024-04-05,44.0,42.6,45.4,42.2,198694
2024-04-08,43.2,48.2,50.8,43.2,358758
2024-04-09,49.2,48.4,51.0,46.6,227340
2024-04-10,47.0,47.4,49.6,46.2,106210
2024-04-11,47.2,45.6,47.5,44.0,105206
2024-04-12,44.2,48.0,48.0,41.4,182753
2024-04-15,46.4,49.6,51.2,44.2,200679
2024-04-16,47.6,58.6,65.97,47.598,734446
2024-04-17,61.4,57.2,69.8,56.8,452130
2024-04-18,60.4,60.0,64.6,58.418,288110
2024-04-19,60.2,57.0,62.0,55.0,179792
2024-04-22,57.6,68.0,68.2,53.6,299045
2024-04-23,65.4,63.4,69.0,62.8,176883
2024-04-24,65.0,58.0,65.69,57.4,196682
2024-04-25,57.8,54.0,59.8,53.6,187451
2024-04-26,55.2,55.4,56.6,54.0,113286
2024-04-29,55.2,56.4,57.796,54.2,95685
2024-04-30,56.0,57.6,57.9,53.8,101426
2024-05-01,55.8,55.8,58.8,55.0,100456
2024-05-02,56.0,56.6,56.6,52.6,131946
2024-05-03,56.2,55.4,57.798,55.0,102298
2024-05-06,54.6,52.6,55.4,52.2,151276
2024-05-07,52.4,51.6,52.8,47.6,167419
2024-05-08,50.4,50.8,51.6,49.0,92006
2024-05-09,51.0,50.6,52.0,48.8,110343
2024-05-10,50.6,51.2,51.8,50.0,127483
2024-05-13,52.6,54.4,57.6,52.6,244715
2024-05-14,56.2,55.8,60.4,54.8,400965
2024-05-15,54.0,53.0,55.4,50.6,312449
2024-05-16,52.8,57.4,58.2,52.4,258249
2024-05-17,56.6,55.6,57.2,54.0,191294
2024-05-20,54.6,54.6,56.378,53.5,121678
2024-05-21,55.2,51.8,55.2,51.4,112135
2024-05-22,51.4,51.2,53.0,50.6,88845
2024-05-23,51.6,47.2,51.8,47.0,111020
2024-05-24,49.0,49.2,49.6,46.932,89229
2024-05-28,49.8,48.0,50.1,47.0,106962
2024-05-29,46.9,43.6,47.2,43.4,190551
2024-05-30,44.2,41.8,45.4,41.4,132607
2024-05-31,43.0,45.0,49.4,42.2,316210
2024-06-03,45.6,42.0,47.5,41.0,259432
2024-06-04,42.2,41.2,42.4,40.4,131204
2024-06-05,41.4,42.2,42.4,40.6,108990
2024-06-06,42.4,42.4,42.8,41.5,62583
2024-06-07,42.0,40.8,42.0,40.0,81608
2024-06-10,40.2,40.8,41.4,38.6,100909
2024-06-11,40.8,40.4,41.2,39.002,63259
2024-06-12,41.0,40.6,42.6,40.6,139474
2024-06-13,41.2,43.6,52.2,41.0,525097
2024-06-14,44.2,36.0,53.0,28.8,1439550
2024-06-17,39.0,39.6,40.1,36.4,239507
2024-06-18,38.8,36.2,39.0,35.8,158070
2024-06-20,36.8,36.2,37.386,35.6,126566
2024-06-21,35.8,37.6,37.8,35.8,177215
2024-06-24,37.4,34.0,38.2,34.0,159250
2024-06-25,34.4,32.4,34.4,32.4,160357
2024-06-26,33.2,39.2,40.0,33.2,281046
2024-06-27,38.6,39.8,42.0,38.2,221201
2024-06-28,40.2,42.6,43.0,38.6,586004
2024-07-01,41.6,40.4,42.7,39.6,119129
2024-07-02,40.4,46.6,47.2,40.2,377332
2024-07-03,46.6,44.6,46.854,43.8,121926
2024-07-05,45.0,42.4,45.4,41.8,117074
2024-07-08,43.8,45.2,46.0,43.0,105743
2024-07-09,45.8,48.8,49.4,44.6,222863
2024-07-10,48.8,48.8,51.3,48.0,118504
2024-07-11,46.2,47.6,47.8,45.3,117436
2024-07-12,47.8,50.4,52.8,47.7,254541
2024-07-15,49.8,53.6,53.8,47.802,140780
2024-07-16,53.0,55.6,56.2,52.82,158207
2024-07-17,55.2,52.8,56.3,52.2,108146
2024-07-18,52.8,47.2,55.2,46.5,155446
2024-07-19,47.0,46.0,48.6,44.7,113639
2024-07-22,46.6,43.0,46.6,41.8,170035
2024-07-23,43.2,42.4,43.4,41.0,135324
2024-07-24,41.0,38.6,41.79,38.4,162729
2024-07-25,39.2,41.2,42.2,38.2,98798
2024-07-26,42.4,41.4,42.4,40.4,52378
2024-07-29,41.0,39.0,42.0,38.2,132016
2024-07-30,39.0,41.2,42.1,38.4,137878
2024-07-31,41.8,40.2,42.7,39.8,122679
2024-08-01,40.0,37.4,40.0,37.0,154788
2024-08-02,35.6,36.0,37.2,35.2,114710
2024-08-05,32.8,34.2,34.8,30.8,178433
2024-08-06,35.6,33.4,35.6,33.0,119130
2024-08-07,33.6,33.6,34.0,32.8,110538
2024-08-08,33.8,35.2,35.8,33.212,82703
2024-08-09,35.2,35.6,35.8,34.6,70552
2024-08-12,35.6,31.0,35.7,30.6,216820
2024-08-13,32.0,30.0,33.4,29.8,318022
2024-08-14,30.0,28.2,30.2,28.0,264812
2024-08-15,29.8,30.8,31.4,28.8,249236
2024-08-16,30.2,30.0,31.2,29.4,123596
2024-08-19,29.8,28.0,30.6,27.4,254790
2024-08-20,28.2,27.6,28.8,27.2,116585
2024-08-21,28.0,28.6,29.0,27.6,116451
2024-08-22,28.2,28.2,29.8,28.2,90356
2024-08-23,28.8,29.4,29.4,28.2,92694
2024-08-26,29.4,29.8,30.0,28.2,130333
2024-08-27,29.6,29.4,30.0,28.4,93773
2024-08-28,29.2,28.8,29.4,28.2,79933
2024-08-29,29.0,28.6,29.3,27.6,67064
2024-08-30,28.8,30.4,31.2,28.4,105073
2024-09-03,30.4,31.2,32.2,29.6,98235
2024-09-04,31.2,31.0,32.3,30.6,73028
2024-09-05,31.8,29.4,32.2,29.4,269402
2024-09-06,29.4,28.8,29.6,28.2,83718
2024-09-09,29.0,26.2,29.0,25.8,176573
2024-09-10,26.4,24.6,26.4,23.2,301028
2024-09-11,24.6,24.4,25.2,23.8,104297
2024-09-12,24.8,24.8,25.198,24.0,78411
2024-09-13,25.2,25.0,26.0,24.8,129695
