2011-05-27,50.15,50.15,50.15,50.15,100200
2011-05-31,50.77,50.77,50.77,50.77,0
2011-06-02,49.22,49.22,49.22,49.22,500
2011-06-07,48.37,47.78,48.37,47.78,200
2011-06-08,47.54,47.54,47.54,47.54,100
2011-06-10,47.21,47.21,47.21,47.21,200
2011-06-23,47.25,47.26,47.26,47.25,300
2011-06-24,47.6,47.6,47.6,47.6,200
2011-06-30,49.67,49.67,49.67,49.67,200
2011-07-01,50.37,50.37,50.37,50.37,102
2011-07-08,50.53,50.52,50.53,50.52,500
2011-07-29,46.64,47.0,47.0,46.5,900
2011-08-01,46.74,46.74,46.74,46.74,100
2011-08-03,45.0,45.0,45.0,45.0,100
2011-08-05,42.5,42.5,42.5,42.5,425
2011-08-08,41.14,40.97,41.14,40.97,1400
2011-08-12,41.93,42.01,42.01,41.93,1440
2011-08-18,39.82,39.43,40.28,39.43,750
2011-08-23,38.74,38.81,38.81,38.74,400
2011-08-30,42.54,42.54,42.54,42.54,100
2011-09-07,41.44,41.44,41.44,41.44,300
2011-09-22,38.49,38.49,38.49,38.49,240
2011-10-07,39.55,39.44,39.65,39.44,100700
2011-10-13,40.96,41.0,41.0,40.96,30200
2011-10-18,41.1799,41.1799,41.1799,41.1799,163
2011-11-01,42.5,42.45,42.63,42.43,2400
2011-11-04,43.86,44.12,44.3,43.86,65500
2011-11-07,43.96,43.83,44.01,43.77,106300
2011-11-08,44.74,44.66,44.74,44.66,6100
2011-11-09,43.47,42.85,43.5,42.78,33700
2011-11-10,43.32,43.3,43.32,43.19,13134
2011-11-11,44.25,44.242,44.25,44.242,1019
2011-11-16,43.85,43.8404,43.85,43.8404,1323
2011-11-17,42.244,42.244,42.244,42.244,423
2011-11-18,42.35,42.49,42.49,42.07,25131
2011-11-22,41.49,41.24,41.5,41.22,6000
2011-11-23,40.32,40.264,40.38,40.264,6285
2011-11-28,41.52,41.22,41.55,41.21,15000
2011-11-29,41.47,41.47,41.49,41.47,1995
2011-11-30,43.07,43.05,43.07,42.993,2633
2011-12-01,43.44,43.44,43.44,43.44,913
2011-12-02,43.9401,43.9,43.9401,43.9,2347
2011-12-05,44.61,44.58,44.61,44.58,1322
2011-12-06,44.22,44.22,44.22,44.22,1000
2011-12-07,43.85,43.85,43.85,43.85,1853
2011-12-12,42.7,42.68,42.7,42.68,10000
2011-12-14,41.48,41.93,41.93,41.48,2300
2011-12-19,41.36,41.54,41.54,41.36,1300
2011-12-20,42.36,42.73,42.73,42.35,11200
2011-12-21,42.27,42.2784,42.2784,42.27,1500
2011-12-22,43.03,43.03,43.03,43.03,100
2011-12-23,43.04,43.21,43.21,43.04,5500
2011-12-27,43.11,43.09,43.11,43.09,2000
2011-12-29,42.77,42.87,42.87,42.63,11100
2011-12-30,42.82,42.92,42.92,42.79,10540
2012-01-27,47.11,47.11,47.11,47.11,200
2012-01-30,46.4147,46.7294,46.7294,46.3934,950
2012-01-31,47.26,47.26,47.26,47.26,800
2012-02-06,48.23,48.22,48.23,48.22,400
2012-02-07,47.95,48.2405,48.2405,47.95,719
2012-02-08,48.13,48.35,48.35,48.13,15500
2012-02-09,48.1601,48.53,48.53,48.1601,5240
2012-02-10,47.8,47.7085,47.8,47.68,899
2012-03-08,48.5399,48.5901,48.5901,48.5399,600
2012-03-09,48.7599,49.12,49.12,48.7599,1620
2012-03-14,49.96,49.96,49.96,49.96,100
2012-03-15,50.36,50.36,50.36,50.36,2633
2012-03-16,50.5,50.11,50.5,50.11,1300
2012-03-19,50.5501,50.3099,50.5501,50.2399,2200
2012-03-20,49.71,50.19,50.19,49.71,2500
2012-03-21,50.1801,50.0899,50.1801,50.06,1000
2012-03-22,49.5601,49.5,49.5901,49.43,1000
2012-03-23,49.84,49.84,49.84,49.84,100
2012-03-26,49.86,49.89,49.89,49.86,4000
2012-03-28,49.9001,49.55,49.9001,49.55,6000
2012-03-30,49.76,49.79,49.876,49.76,300
2012-04-02,49.79,49.73,49.79,49.73,200
2012-04-03,49.73,49.7,49.73,49.7,200
2012-04-04,48.81,48.81,48.81,48.81,100
2012-04-05,49.04,49.04,49.04,49.04,100
2012-04-16,48.32,48.32,48.32,48.32,100
2012-04-18,48.82,48.82,48.82,48.82,100
2012-04-20,48.59,48.59,48.59,48.59,100
2012-04-27,48.8099,49.0102,49.0102,48.8098,4300
2012-04-30,48.5598,48.65,48.8202,48.53,17610
2012-05-01,49.24,49.19,49.4,49.09,12610
2012-05-02,48.73,48.81,48.81,48.63,1800
2012-05-04,47.74,47.75,47.75,47.74,525
2012-05-08,46.76,46.91,46.91,46.76,508
2012-05-11,46.3,46.45,46.45,46.3,286
2012-05-21,44.66,44.66,44.66,44.66,100
2012-05-31,44.42,44.84,45.02,44.42,5750
2012-06-15,45.07,45.25,45.25,44.92,3200
2012-06-18,45.57,45.57,45.57,45.57,100
2012-07-06,45.21,45.32,45.32,45.21,400
2012-07-17,44.89,44.9,44.9,44.89,700
2012-07-20,45.18,45.2356,45.2356,45.1553,330
2012-07-24,44.01,44.01,44.01,44.01,100
2012-07-27,46.29,46.29,46.29,46.29,100
2012-07-30,45.97,45.99,46.07,45.9,1000
2012-08-02,44.97,45.37,45.37,44.97,600
2012-08-08,47.06,47.14,47.14,47.06,220
2012-08-15,47.5099,47.39,47.5099,47.39,200
2012-08-17,48.1753,48.1753,48.1753,48.1753,650
2012-08-22,48.02,48.19,48.19,48.02,200
2012-08-23,47.76,47.85,47.86,47.76,5196
2012-08-24,47.62,47.62,47.62,47.62,100
2012-08-31,47.68,47.79,47.79,47.68,724
2012-09-07,49.0,49.0,49.0,49.0,500
2012-09-10,49.16,49.16,49.16,49.16,200
2012-09-11,49.08,49.08,49.08,49.08,210
2012-09-28,48.7683,48.7683,48.7683,48.7683,300
2012-10-08,49.07,49.1523,49.1526,49.07,600
2012-10-16,49.07,49.07,49.07,49.07,499
2025-01-23,25.36,25.4191,25.5099,25.34,14260
2025-01-24,25.48,25.3566,25.48,25.3566,654
2025-01-27,24.66,24.5652,24.68,24.515,12052
2025-01-28,25.09,25.0568,25.09,25.0568,4000
2025-01-29,24.97,24.9142,25.01,24.9142,4298
2025-01-30,24.84,25.102,25.102,24.84,3004
2025-01-31,25.42,24.9706,25.42,24.9706,1049
2025-02-03,24.76,24.703,24.78,24.703,2048
2025-02-04,24.9199,25.0099,25.0099,24.8862,121535
2025-02-05,24.9716,25.1081,25.12,24.91,161501
2025-02-06,25.18,25.3,25.3,25.15,12335
2025-02-07,25.21,24.9567,25.39,24.94,3021
2025-02-10,25.19,25.1663,25.22,25.16,10776
2025-02-11,25.13,25.1181,25.18,25.03,39745
2025-02-12,25.11,25.0507,25.11,25.0507,2678
2025-02-13,25.28,25.3931,25.3931,25.17,2696
2025-02-14,25.43,25.4871,25.4871,25.3801,2654
2025-02-18,25.44,25.4701,25.4701,25.35,8179
2025-02-19,25.26,25.5305,25.5305,25.26,4819
2025-02-20,25.23,25.325,25.34,25.23,68462
2025-02-21,25.18,24.692,25.18,24.692,3922
2025-02-24,24.54,24.4216,24.68,24.4216,1509
2025-02-25,24.34,24.1675,24.3501,23.89,1270
2025-02-26,24.51,24.2405,24.51,24.18,5439
2025-02-27,24.17,23.5865,24.1895,23.5865,1791
2025-02-28,23.61,24.0703,24.0703,23.6,2831
2025-03-03,23.92,23.355,24.02,23.23,8237
2025-03-04,23.13,23.0428,23.45,22.8,3287
2025-03-05,20.83,23.4121,23.4121,20.83,5907
2025-03-06,22.77,22.7098,22.77,22.7098,842
2025-03-07,22.2608,22.8059,22.8059,22.2608,3663
2025-03-10,22.09,21.8253,22.09,21.72,3391
2025-03-11,21.83,21.7746,21.83,21.75,4122
2025-03-12,22.01,22.015,22.015,21.9899,894
2025-03-13,21.79,21.5065,21.79,21.4601,12574
2025-03-14,21.83,22.1544,22.1544,21.81,433
