2022-12-19,5.5,4.8,9.36,4.5,643973
2022-12-20,3.7,2.07,3.89,1.72,1332399
2022-12-21,2.32,1.74,2.32,1.65,3684975
2022-12-22,1.67,1.13,1.67,1.02,1597125
2022-12-23,1.22,1.29,1.9,0.95,8112875
2022-12-27,1.17,1.11,1.255,1.03,962305
2022-12-28,1.05,1.04,1.07,0.97,441074
2022-12-29,1.0,1.1,1.1099,1.0,446189
2022-12-30,1.13,1.27,1.33,1.04,697815
2023-01-03,1.23,1.32,1.4499,1.22,450706
2023-01-04,1.31,1.24,1.3563,1.18,357919
2023-01-05,1.2,1.21,1.22,1.091,208150
2023-01-06,1.13,1.25,1.34,1.13,388457
2023-01-09,1.22,1.24,1.33,1.22,134382
2023-01-10,1.24,1.22,1.2699,1.1901,67963
2023-01-11,1.22,1.21,1.3,1.15,116113
2023-01-12,1.21,1.21,1.26,1.2,72990
2023-01-13,1.2,1.29,1.32,1.174,97883
2023-01-17,1.2872,1.47,2.08,1.26,8138323
2023-01-18,1.45,1.58,1.64,1.32,733274
2023-01-19,1.58,1.68,1.75,1.52,626644
2023-01-20,1.73,1.6,1.86,1.41,596624
2023-01-23,1.57,1.56,1.6799,1.51,140821
2023-01-24,1.53,1.5,1.58,1.45,140288
2023-01-25,1.495,1.51,1.56,1.4201,115563
2023-01-26,1.5,1.56,1.56,1.46,100685
2023-01-27,1.56,1.53,1.58,1.52,126055
2023-01-30,1.62,1.48,1.62,1.4538,177826
2023-01-31,1.49,1.59,1.59,1.49,77760
2023-02-01,1.55,1.69,1.7,1.5301,120001
2023-02-02,1.69,1.63,1.75,1.6,138655
2023-02-03,1.61,1.58,1.72,1.58,51506
2023-02-06,1.65,1.72,1.73,1.54,81691
2023-02-07,1.67,1.63,1.75,1.61,107046
2023-02-08,1.665,1.66,1.7,1.6,68778
2023-02-09,1.669,1.6,1.68,1.6,60882
2023-02-10,1.6,1.68,1.68,1.5611,29467
2023-02-13,1.65,1.65,1.7,1.59,62818
2023-02-14,1.64,1.52,1.64,1.45,178233
2023-02-15,1.55,1.52,1.61,1.51,50176
2023-02-16,1.53,1.5,1.58,1.49,61246
2023-02-17,1.62,1.55,1.65,1.5067,49287
2023-02-21,1.52,1.43,1.6,1.41,106508
2023-02-22,1.47,1.24,1.5,1.2,159397
2023-02-23,1.23,1.29,1.35,1.0973,231925
2023-02-24,1.29,1.24,1.365,1.22,89295
2023-02-27,1.19,1.13,1.24,1.12,82729
2023-02-28,1.2,1.12,1.2,1.06,230159
2023-03-01,1.14,1.1,1.14,1.048,121754
2023-03-02,1.12,1.0,1.37,0.9502,932445
2023-03-03,0.991,0.889,1.03,0.842201,389731
2023-03-06,0.891,0.888501,0.905099,0.8482,200107
2023-03-07,0.89,0.890539,0.922,0.8604,79642
2023-03-08,0.8901,0.91,0.93,0.89,78805
2023-03-09,0.9,0.899,0.93,0.88,73310
2023-03-10,0.88,0.9187,0.9301,0.88,80591
2023-03-13,0.9188,0.939599,0.9599,0.9,48421
2023-03-14,0.9,0.9108,0.946,0.9,37217
2023-03-15,0.9,0.93,0.93,0.9,19218
2023-03-16,0.93,0.9275,0.95,0.89,51184
2023-03-17,0.8907,1.0499,1.12,0.8907,80992
2023-03-20,1.08,0.99,1.08,0.9496,49267
2023-03-21,1.03,1.0299,1.05,1.0004,42686
2023-03-22,0.9973,1.1043,1.1492,0.9973,23026
2023-03-23,1.1,1.08,1.2,1.0046,147762
2023-03-24,1.05,1.1299,1.1777,1.05,57461
2023-03-27,1.1,1.1,1.2955,1.05,138567
2023-03-28,1.07,1.13,1.2,1.07,49457
2023-03-29,1.15,1.13,1.22,1.12,78375
2023-03-30,1.11,1.07,1.155,1.06,35387
2023-03-31,1.07,1.155,1.167,1.07,55779
2023-04-03,1.14,1.11,1.3,1.08,240164
2023-04-04,1.09,1.0628,1.1347,1.03,34917
2023-04-05,1.08,1.04,1.12,0.9887,19154
2023-04-06,1.0,0.96,1.03,0.9501,38840
2023-04-10,0.95,0.88,0.9675,0.816,76306
2023-04-11,0.8536,0.9098,0.91,0.85,23132
2023-04-12,0.9098,0.917599,0.9199,0.87,32968
2023-04-13,1.03,0.96,1.03,0.91,32948
2023-04-14,0.91,0.994299,0.9944,0.9,45917
2023-04-17,1.02,0.975,1.02,0.951,18833
2023-04-18,0.981,0.98,0.9999,0.98,22468
2023-04-19,0.9476,0.935,0.99,0.935,16561
2023-04-20,0.9163,0.88,0.94,0.8635,30025
2023-04-21,0.87,0.7871,0.87,0.728,61225
2023-04-24,0.84,1.17,1.45,0.84,5225582
2023-04-25,0.99,0.99,1.07,0.7899,1123009
2023-04-26,0.9499,0.95,1.12,0.88,609637
2023-04-27,0.91,0.9158,0.97,0.89,67992
2023-04-28,0.94,0.91,0.94,0.85,90806
2023-05-01,0.8973,0.949899,0.95343,0.8924,74210
2023-05-02,0.96,0.905,0.999499,0.905,29937
2023-05-03,0.92,0.8876,0.94,0.881,33324
2023-05-04,0.9774,0.92,0.9774,0.85,30559
2023-05-05,0.91,0.939499,0.9399,0.85,22320
2023-05-08,0.880842,0.9204,0.93,0.862,70019
2023-05-09,0.9204,0.93,0.94,0.9,34924
2023-05-10,0.9368,0.959899,1.03,0.9013,38923
2023-05-11,0.944,0.9483,0.96996,0.931,7712
2023-05-12,0.948,0.96,0.98,0.8995,10480
2023-05-15,0.94925,0.985,1.0299,0.93,74116
2023-05-16,0.99,0.93,0.99,0.9005,54600
2023-05-17,0.9479,0.9,0.95,0.84,54050
2023-05-18,0.86,0.85,0.8751,0.8101,31305
2023-05-19,0.83,0.899899,0.9895,0.83,131262
2023-05-22,0.88,0.821,0.88,0.82,47864
2023-05-23,0.82,0.8172,0.82,0.785,53051
2023-05-24,0.8,0.721,0.8,0.72,84022
2023-05-25,0.711,0.6545,0.8568,0.645,180788
2023-05-26,0.67,0.6602,0.6792,0.6511,48671
2023-05-30,0.67,0.64,0.6997,0.625,49327
2023-05-31,0.62,0.637499,0.6495,0.59,43678
2023-06-01,0.608,0.624406,0.65,0.57,59381
2023-06-02,0.6199,0.64,0.65,0.6101,70403
2023-06-05,0.6401,0.6,0.6401,0.59,26351
2023-06-06,0.63,0.61,0.63,0.5603,48163
2023-06-07,0.570101,0.632,0.6376,0.57,41383
2023-06-08,0.600101,0.6001,0.610399,0.6,20058
2023-06-09,0.61,0.6,0.61,0.57,16474
2023-06-12,0.5536,0.57,0.5799,0.51,52775
2023-06-13,0.59,0.562,0.608951,0.562,19710
2023-06-14,0.6,0.590208,0.6,0.5301,17243
2023-06-15,0.6,0.5801,0.6,0.5301,11180
2023-06-16,0.585,0.585,0.599,0.550001,7468
2023-06-20,0.58,0.597,0.599,0.55,31842
2023-06-21,0.5647,0.5302,0.597,0.5301,55668
2023-06-22,0.53,0.4541,0.5545,0.45,103905
2023-06-23,0.454,0.5294,0.5736,0.454,92807
2023-06-26,0.507483,0.5,0.53,0.44,18691
2023-06-27,0.54,0.51,0.54,0.506123,12501
2023-06-28,0.51,0.54095,0.5799,0.5,31994
2023-06-29,0.5102,0.5299,0.5529,0.481,20633
2023-06-30,0.5,0.522949,0.53,0.4999,9951
2023-07-03,0.541599,0.571,0.62,0.5169,98236
2023-07-05,0.633599,0.569799,0.633599,0.51,51998
2023-07-06,0.56,0.55,0.5999,0.5208,38319
2023-07-07,0.549599,0.5555,0.5692,0.5397,19987
2023-07-10,0.5731,0.5499,0.5731,0.5329,99156
2023-07-11,0.5946,0.595,0.619,0.542,91551
2023-07-12,0.5875,0.617299,0.6174,0.560101,8098
2023-07-13,0.58329,0.57,0.600626,0.57,26750
2023-07-14,0.570001,0.566,0.605299,0.555,9446
2023-07-17,0.5575,0.589,0.625,0.55,25278
2023-07-18,0.5831,0.5569,0.5831,0.5203,37795
2023-07-19,0.5568,0.605,0.605,0.55,11204
2023-07-20,0.5974,0.5899,0.5974,0.57,5617
2023-07-21,0.5854,0.62,0.6245,0.552,16585
2023-07-24,0.5905,0.618999,0.6199,0.5905,1953
2023-07-25,0.552,0.5957,0.608902,0.552,14046
2023-07-26,0.58,0.61,0.6101,0.5657,8668
2023-07-27,0.581,0.61,0.61,0.581,14318
2023-07-28,0.561101,0.62,0.62,0.561101,9232
2023-07-31,0.5985,0.619899,0.631999,0.577,39034
2023-08-01,0.62,0.632,0.6399,0.57,14005
2023-08-02,0.5829,0.5904,0.649899,0.5783,30967
2023-08-03,0.614,0.6295,0.638951,0.6041,10924
2023-08-04,0.605501,0.6061,0.62,0.573,25411
2023-08-07,0.596335,0.655,0.665,0.5878,117186
2023-08-08,0.645101,0.58,0.662,0.57055,108586
2023-08-09,0.57,0.552,0.5959,0.5503,24419
2023-08-10,0.59,0.585,0.5909,0.55301,18166
2023-08-11,0.56,0.5795,0.5799,0.538249,22601
2023-08-14,0.5512,0.55,0.570407,0.53625,73467
2023-08-15,0.521,0.5839,0.602501,0.521,11303
2023-08-16,0.548,0.560001,0.6149,0.548,22413
2023-08-17,0.572,0.5699,0.5923,0.55,39971
2023-08-18,0.5997,0.618,0.6199,0.5486,70279
2023-08-21,0.6175,0.6,0.617899,0.568101,27313
2023-08-22,0.6011,0.602,0.679899,0.6011,5806
2023-08-23,0.61,0.6,0.6205,0.5905,17568
2023-08-24,0.67,0.6254,0.67,0.5991,21623
2023-08-25,0.613,0.629951,0.66,0.613,12747
2023-08-28,0.563,0.540101,0.599,0.5101,74061
2023-08-29,0.6306,0.68,0.7415,0.6028,1470400
2023-08-30,0.6623,0.577751,0.6865,0.564064,235247
2023-08-31,0.550001,0.571,0.61,0.55,93743
2023-09-01,0.572,0.599,0.6,0.5501,32161
2023-09-05,0.6,0.6056,0.63,0.5816,67046
2023-09-06,0.6056,0.64,0.64,0.5851,27178
2023-09-07,0.65,0.611001,0.65,0.6045,43381
2023-09-08,0.630001,0.6439,0.648,0.5942,23743
2023-09-11,0.68,0.68,0.68,0.68,100
2023-09-12,0.6997,0.6451,0.6997,0.64,8554
2023-09-13,0.6231,0.677,0.679,0.6231,9207
2023-09-14,0.641,0.6501,0.6767,0.6402,6284
2023-09-15,0.632,0.675,0.675,0.62,22912
2023-09-18,0.679999,0.71,0.7187,0.6798,47366
2023-09-19,0.6751,0.6775,0.69985,0.5901,46697
2023-09-20,0.6909,0.6895,0.691,0.63,7204
2023-09-21,0.65,0.66025,0.67,0.6467,4864
2023-09-22,0.6932,0.685,0.6932,0.684,939
2023-09-25,0.64,0.66,0.66,0.64,5778
2023-09-26,0.657951,0.669,0.67,0.64,5230
2023-09-27,0.640001,0.669,0.669,0.64,4581
2023-09-28,0.669,0.68,0.7,0.6601,18957
2023-09-29,0.6999,0.683,0.6999,0.666,8039
2023-10-02,0.74,0.672201,0.76,0.6721,22764
2023-10-03,0.675,0.6695,0.6899,0.650001,21770
2023-10-04,0.659499,0.659,0.669,0.65,4264
2023-10-05,0.659,0.667819,0.68,0.651,10559
2023-10-06,0.6678,0.66,0.67,0.66,12693
2023-10-09,0.6601,0.6503,0.67,0.6403,16848
2023-10-10,0.64,0.648,0.66,0.629999,16037
2023-10-11,0.638304,0.65,0.6599,0.638304,12102
2023-10-12,0.6202,0.645,0.6499,0.6202,9548
2023-10-13,0.6303,0.6326,0.635,0.620801,11030
2023-10-16,0.6326,0.645,0.65,0.631971,9225
2023-10-17,0.6201,0.6101,0.6488,0.61,12874
2023-10-18,0.629,0.6797,0.7397,0.629,39296
2023-10-19,0.6749,0.6365,0.6749,0.6273,3467
2023-10-20,0.628,0.63,0.63,0.6,13498
2023-10-23,0.689399,0.639,0.689399,0.6198,3568
2023-10-24,0.601,0.6378,0.6385,0.601,8167
2023-10-25,0.6058,0.6299,0.649,0.605,7113
2023-10-26,0.607774,0.6299,0.6299,0.607774,1956
2023-10-27,0.653499,0.6283,0.653499,0.601,29281
2023-10-30,0.6002,0.601,0.601,0.6002,613
2023-10-31,0.6004,0.602,0.6099,0.6003,10756
2023-11-01,0.602,0.6,0.619,0.595,23333
2023-11-02,0.6,0.6188,0.619,0.590101,3042
2023-11-03,0.62,0.62,0.6298,0.5977,6590
2023-11-06,0.557501,0.609,0.6294,0.557501,2192
2023-11-07,0.5576,0.57,0.63,0.5576,22525
2023-11-08,0.565101,0.6144,0.615,0.565101,7933
2023-11-09,0.601,0.6,0.601,0.56,16967
2023-11-10,0.56,0.5998,0.5998,0.56,9971
2023-11-13,0.599,0.639,0.639799,0.599,11346
2023-11-14,0.6299,0.58,0.6299,0.58,15548
2023-11-15,0.59,0.6295,0.6298,0.59,10322
2023-11-16,0.5945,0.6278,0.6285,0.56031,6850
2023-11-17,0.618449,0.6269,0.6269,0.618449,2427
2023-11-20,0.6101,0.6269,0.6269,0.61,6534
2023-11-21,0.64,0.60475,0.64,0.59,14025
2023-11-22,0.57,0.6199,0.6199,0.54,9441
2023-11-24,0.612,0.6349,0.6349,0.58,5647
2023-11-27,0.63,0.63,0.63,0.60515,3033
2023-11-28,0.5815,0.5925,0.6,0.5811,3688
2023-11-29,0.58,0.58,0.6,0.56,19665
2023-11-30,0.580001,0.58,0.609,0.58,3095
2023-12-01,0.562,0.5702,0.6,0.562,2652
2023-12-04,0.49,0.6208,0.63,0.49,14213
2023-12-05,0.58,0.6089,0.61,0.5619,3781
2023-12-06,0.6031,0.6,0.609,0.58,6561
2023-12-07,0.61,0.5999,0.61,0.59964,1359
2023-12-08,0.5993,0.580201,0.5993,0.580201,3312
2023-12-11,0.5625,0.59955,0.6199,0.5619,9450
2023-12-12,0.5625,0.570601,0.5985,0.5625,5406
2023-12-13,0.543,0.5561,0.5698,0.5425,11233
2023-12-14,0.567399,0.5749,0.5985,0.5488,23410
2023-12-15,0.553,0.5645,0.57925,0.553,8605
2023-12-18,0.5689,0.512,0.569,0.5116,36716
2023-12-19,0.5124,0.5099,0.54,0.5099,15728
2023-12-20,0.516,0.5,0.564201,0.5,27468
2023-12-21,0.5,0.495,0.52,0.46,45323
2023-12-22,0.480001,0.4899,0.5,0.480001,14318
2023-12-26,0.49,0.5,0.54,0.4676,20704
2023-12-27,0.481,0.482,0.504951,0.4505,14198
2023-12-28,0.47,0.5249,0.5294,0.47,18823
2023-12-29,0.497501,0.4702,0.5249,0.47,65668
2024-01-02,0.47,0.485,0.4975,0.47,5991
2024-01-03,0.473,0.497,0.497,0.473,2924
2024-01-04,0.4869,0.475001,0.4869,0.47,31854
2024-01-05,0.4695,0.4507,0.4699,0.4507,17603
2024-01-08,0.451,0.46,0.4852,0.4505,31254
2024-01-09,0.4505,0.5098,0.51,0.4505,9320
2024-01-10,0.5097,0.5097,0.5097,0.5097,3369
2024-01-11,0.46,0.499,0.499501,0.4508,9198
2024-01-12,0.47,0.4949,0.499,0.47,28110
2024-01-16,0.48,0.46,0.489,0.46,6822
2024-01-17,0.46,0.456,0.485,0.456,27715
2024-01-18,0.4619,0.4507,0.4684,0.4505,8179
2024-01-19,0.4507,0.466,0.489999,0.4507,5947
2024-01-22,0.4724,0.4692,0.4724,0.4692,3280
2024-01-23,0.4689,0.466,0.4689,0.46,2475
2024-01-24,0.46,0.462,0.5988,0.46,1962
2024-01-25,0.4512,0.472499,0.472599,0.45,7312
2024-01-26,0.47,0.499,0.5,0.461,2948
2024-01-29,0.5145,0.4703,0.5145,0.4521,6050
2024-01-30,0.4938,0.452,0.4938,0.45,12834
2024-01-31,0.45,0.479,0.479,0.45,3439
2024-02-01,0.4949,0.450101,0.4949,0.45,2778
2024-02-02,0.494799,0.494799,0.494799,0.494799,163
2024-02-05,0.445,0.44,0.445,0.44,915
2024-02-06,0.4987,0.45,0.4987,0.45,1513
2024-02-07,0.5,0.4819,0.5,0.4401,8383
2024-02-08,0.52,0.525,0.5817,0.4423,45963
2024-02-09,0.5075,0.5319,0.53595,0.5075,30875
2024-02-12,0.5179,0.547,0.557,0.5179,8346
2024-02-13,0.53,0.6988,0.7399,0.5,89323
2024-02-14,0.69,0.7,0.7347,0.651,14865
2024-02-15,0.732,0.704,0.732,0.6672,21384
2024-02-16,0.73,0.67,0.73,0.67,20633
2024-02-20,0.68,0.6725,0.729,0.67,26154
2024-02-21,0.7,0.611,0.7,0.611,17918
2024-02-22,0.601,0.645,0.65,0.55,49921
2024-02-23,0.654,0.65,0.68,0.6301,2877
2024-02-26,0.6,0.67,0.67,0.6,23296
2024-02-27,0.6376,0.6799,0.69,0.6118,34505
2024-02-28,0.661,0.6321,0.68,0.614,11511
2024-02-29,0.66,0.5163,0.67,0.5,61800
2024-03-01,0.5583,0.5996,0.69,0.5286,191086
2024-03-04,0.5816,0.55,0.6024,0.55,47014
2024-03-05,0.533,0.521,0.5956,0.514,20115
2024-03-06,0.5794,0.51,0.5795,0.51,22526
2024-03-07,0.501,0.52,0.558899,0.5,20835
2024-03-08,0.5428,0.5334,0.5626,0.520001,3762
2024-03-11,0.549999,0.5656,0.5656,0.5168,2275
2024-03-12,0.541,0.536,0.5757,0.536,3814
2024-03-13,0.563,0.59,0.638,0.5537,17002
2024-03-14,0.5411,0.603,0.6317,0.540001,15807
2024-03-15,0.603,0.61,0.624,0.5776,9762
2024-03-18,0.596,0.6168,0.6333,0.5571,10646
2024-03-19,0.619,0.628,0.6356,0.5921,13382
2024-03-20,0.603499,0.6267,0.627,0.603499,6158
2024-03-21,0.6266,0.619,0.6267,0.5974,9031
2024-03-22,0.6289,0.62,0.629,0.58,5864
2024-03-25,0.62,0.6143,0.62,0.58,5887
2024-03-26,0.582,0.6,0.6143,0.5714,6549
2024-03-27,0.6,0.586374,0.6,0.58,4811
2024-03-28,0.5701,0.562,0.5991,0.5,18638
2024-04-01,0.5635,0.5915,0.6,0.5635,1881
2024-04-02,0.5991,0.609,0.609,0.5991,10412
2024-04-03,0.6,0.717,0.7199,0.5608,1241506
2024-04-04,0.7,0.68,0.7088,0.62,91465
2024-04-05,0.65,0.6298,0.65,0.61,14718
2024-04-08,0.63,0.7801,0.8258,0.6066,153308
2024-04-09,0.748,0.6899,0.76,0.66,48063
2024-04-10,0.6401,0.6855,0.7299,0.6401,13293
2024-04-11,0.69,0.7199,0.729999,0.6476,10611
2024-04-12,0.7198,0.72,0.73,0.68,8349
2024-04-15,0.719999,0.7199,0.72,0.6638,5132
2024-04-16,0.7199,0.91375,0.939999,0.6765,194231
2024-04-17,0.955,1.07,1.15,0.925,634620
2024-04-18,1.12,1.14,1.21,0.96,390048
2024-04-19,1.07,1.03,1.19,0.88,255111
2024-04-22,1.03,0.991,1.08,0.9405,106566
2024-04-23,0.94,0.98875,0.99,0.6078,1043757
2024-04-24,0.9823,1.025,1.025,0.7866,302898
2024-04-25,0.9632,1.02,1.02,0.92,128643
2024-04-26,0.9894,1.0,1.02,0.95,147723
2024-04-29,0.88,0.9892,1.01,0.7518,665071
2024-04-30,0.86,0.86,0.9594,0.7514,386509
2024-05-01,0.8229,0.931,0.9844,0.74,494538
2024-05-02,0.91,0.87,0.960101,0.8236,120287
2024-05-03,0.915,0.8764,0.92,0.83,25956
2024-05-06,0.91,0.873,0.9149,0.83,78145
2024-05-07,0.8361,0.831,0.88,0.82,104448
2024-05-08,0.848,0.7279,0.885,0.7078,245008
2024-05-09,0.714,0.754,0.885,0.714,50573
2024-05-10,0.75,0.72,0.7599,0.711,231710
2024-05-13,0.722,1.02,1.02,0.722,1288333
2024-05-14,0.98,0.99,1.01,0.9112,609904
2024-05-15,0.9885,1.03,1.0427,0.9002,233680
2024-05-16,1.01,1.02,1.03,0.94,215213
2024-05-17,1.01,1.03,1.03,0.9005,162424
2024-05-20,1.03,1.02,1.0474,0.975,109511
2024-05-21,1.02,1.02,1.0288,0.99,69257
2024-05-22,1.01,1.03,1.03,0.9615,221071
2024-05-23,1.04,1.06,1.06,0.995,141501
2024-05-24,1.09,1.12,1.1299,1.04,66639
2024-05-28,1.16,1.05,1.18,1.0,68793
2024-05-29,1.05,1.06,1.07,1.02,66853
2024-05-30,1.0,1.03,1.03,0.98,96869
2024-05-31,1.03,1.0281,1.03,0.9025,25058
2024-06-03,1.0,1.08,1.11,0.98,63358
2024-06-04,1.07,1.11,1.13,0.9942,33077
2024-06-05,1.1,1.14,1.14,1.0665,15058
2024-06-06,1.12,1.08,1.14,1.03,40305
2024-06-07,1.03,1.13,1.15,1.0,58106
2024-06-10,1.09,1.06,1.1582,1.0,73894
2024-06-11,1.0,1.04,1.09,0.98,93078
2024-06-12,1.02,0.9201,1.0296,0.92,89915
2024-06-13,0.95,0.8531,0.95,0.83,10834
2024-06-14,0.8551,0.9,0.95,0.8551,4072
2024-06-17,0.84,0.82,0.88,0.8006,19997
2024-06-18,0.82,0.83,0.833,0.8101,16081
2024-06-20,0.8,0.7964,0.83,0.78,6645
2024-06-21,0.8,0.8275,0.83,0.8,8272
2024-06-24,0.7825,0.85,0.879501,0.7811,408437
2024-06-25,0.8,0.8311,0.9,0.8,25075
2024-06-26,0.9232,1.0,1.0677,0.911549,35945
2024-06-27,0.8598,0.7403,0.895,0.7321,227369
2024-06-28,0.6844,0.5658,0.6844,0.553,299217
2024-07-01,0.5419,0.4901,0.55,0.43,328900
2024-07-02,0.5,0.4409,0.5199,0.395,151142
2024-07-03,0.47,0.4738,0.4941,0.43,174010
2024-07-05,0.46,0.52,0.52,0.46,51613
2024-07-08,0.536,0.567403,0.5819,0.52,128398
2024-07-09,0.5504,0.532,0.56,0.461,97782
2024-07-10,0.535,0.5249,0.5549,0.505,57493
2024-07-11,0.5255,0.525601,0.5549,0.52,60178
2024-07-12,0.5201,0.53,0.5617,0.5201,21367
2024-07-15,0.5204,0.535821,0.56,0.5204,2235
2024-07-16,0.56,0.57,0.579,0.55,4180
2024-07-17,0.56345,0.5489,0.57,0.5489,2158
2024-07-18,0.5397,0.4302,0.5397,0.4301,215265
2024-07-19,0.45,0.382,0.5497,0.382,324059
2024-07-22,0.406,0.3999,0.475,0.3911,42200
2024-07-23,0.4001,0.4299,0.45,0.4,31619
2024-07-24,0.4313,0.4727,0.545,0.413902,2395780
2024-07-25,0.418,0.4181,0.4322,0.3982,233242
2024-07-26,0.4132,0.4159,0.4451,0.41,32614
2024-07-29,0.4243,0.4024,0.4299,0.4,28828
2024-07-30,0.4102,0.496,0.599,0.4101,1597131
2024-07-31,0.494,0.4533,0.494,0.4533,73986
2024-08-01,0.451,0.4599,0.485001,0.442,51280
2024-08-02,0.4596,0.488234,0.5,0.45,21206
2024-08-05,0.49,0.4799,0.49,0.4511,33684
2024-08-06,0.465,0.46,0.48,0.45,9767
2024-08-07,0.45,0.469,0.4698,0.45,12678
2024-08-08,0.46,0.462,0.4852,0.46,22096
2024-08-09,0.4508,0.45,0.4652,0.45,24784
2024-08-12,0.45,0.46,0.468,0.43,28913
2024-08-13,0.4301,0.451,0.4516,0.4301,1063
2024-08-14,0.446,0.43,0.45,0.428,43037
2024-08-15,0.447,0.4303,0.4695,0.4303,18420
2024-08-16,0.47,0.455,0.47,0.4324,8449
2024-08-19,0.4301,0.4312,0.4688,0.4301,16654
2024-08-20,0.4304,0.432,0.4485,0.43,7364
2024-08-21,0.431,0.43,0.47,0.43,33783
2024-08-22,0.4301,0.421,0.441,0.41,28505
2024-08-23,0.43,0.4311,0.46,0.43,2992
2024-08-26,0.4163,0.43125,0.448373,0.4,121192
2024-08-27,0.448499,0.41,0.448499,0.41,10728
2024-08-28,0.41,0.401,0.421,0.401,4507
2024-08-29,0.4,0.408,0.417,0.4,18495
2024-08-30,0.4,0.4,0.401,0.4,5928
2024-09-03,0.4,0.409,0.42,0.4,11510
2024-09-04,0.4,0.4,0.4007,0.4,5464
2024-09-05,0.4,0.383,0.4,0.383,15475
2024-09-06,0.408,0.3811,0.4103,0.3811,2276
2024-09-09,0.429,0.28,0.438,0.21,502678
2024-09-10,0.285,0.3,0.3288,0.283,62310
2024-09-11,0.3,0.3166,0.3677,0.296,259173
2024-09-12,0.3075,0.305,0.36,0.298,17198
2024-09-13,0.301,0.31,0.3449,0.301,6393
