2023-05-15,35.07,35.07,35.08,35.04,12796
2023-05-16,35.04,34.93,35.0499,34.92,21349
2023-05-17,34.81,34.9158,34.98,34.81,12146
2023-05-18,34.78,34.883,34.92,34.67,21254
2023-05-19,34.85,34.85,34.92,34.76,13857
2023-05-22,34.96,34.9669,35.08,34.755,16022
2023-05-23,35.02,34.8522,35.02,34.79,18363
2023-05-24,34.98,34.7002,34.98,34.6675,17517
2023-05-25,34.6701,34.662,34.76,34.65,5516
2023-05-26,34.75,34.7943,34.845,34.65,8267
2023-05-30,35.2,34.9116,35.2,34.86,11772
2023-05-31,34.91,34.7503,34.91,34.78,4762
2023-06-01,34.8101,34.885,34.96,34.77,18790
2023-06-02,35.02,35.0519,35.17,34.91,13325
2023-06-05,35.0,35.0519,35.04,34.89,3516
2023-06-06,35.07,35.025,35.07,34.9101,2446
2023-06-07,35.09,34.9806,35.09,34.96,13339
2023-06-08,34.97,35.1142,35.12,34.97,1894
2023-06-09,35.05,35.1,35.15,35.05,1845
2023-06-12,35.05,35.1283,35.18,35.05,1804
2023-06-13,35.12,35.155,35.26,35.12,2722
2023-06-14,35.24,35.19,35.345,35.19,2373
2023-06-15,35.25,35.3383,35.38,35.24,25850
2023-06-16,35.2803,35.2745,35.49,35.25,7394
2023-06-20,35.26,35.2436,35.27,35.22,3435
2023-06-21,35.12,35.15,35.26,35.1101,4555
2023-06-22,35.056,35.07,35.09,34.92,3480
2023-06-23,35.0,34.995,35.03,34.96,12478
2023-06-26,35.01,35.0479,35.07,34.99,7086
2023-06-27,35.08,35.11,35.18,35.0401,2097
2023-06-28,35.15,35.2017,35.24,35.03,5143
2023-06-29,35.06,35.1443,35.2,35.02,2422
2023-06-30,35.22,35.1424,35.38,35.22,3718
2023-07-03,35.18,35.11,35.18,35.0946,3339
2023-07-05,34.98,35.02,35.205,34.98,3985
2023-07-06,34.8,34.7619,34.815,34.12,21821
2023-07-07,35.01,34.8042,35.01,34.8042,8083
2023-07-10,34.79,34.98,35.01,34.79,9609
2023-07-11,35.07,35.09,35.14,35.01,7417
2023-07-12,35.43,35.37,35.43,35.3,6463
2023-07-13,35.4,35.5786,35.61,35.4,7353
2023-07-14,35.59,35.345,35.59,35.345,270100
2023-07-17,35.34,35.4048,35.43,35.285,28082
2023-07-18,35.48,35.505,35.5699,35.48,9504
2023-07-19,35.57,35.5572,35.57,35.51,5093
2023-07-20,35.405,35.365,35.405,35.3,20474
2023-07-21,35.47,35.4822,35.59,35.47,56054
2023-07-24,35.51,35.47,35.6199,35.47,4418
2023-07-25,35.4,35.43,35.5,35.39,16685
2023-07-26,35.49,35.58,35.58,35.47,5824
2023-07-27,35.64,35.3155,35.64,35.255,10798
2023-07-28,35.47,35.51,35.51,35.2201,74090
2023-07-31,35.57,35.4483,35.65,35.56,13390
2023-08-01,35.36,35.2291,35.36,35.2,7420
2023-08-02,35.22,35.1674,35.22,35.08,9114
2023-08-03,35.03,35.0559,35.13,34.995,6616
2023-08-04,35.26,35.22,35.34,35.19,9129
2023-08-07,35.29,35.245,35.29,35.1601,4001
2023-08-08,35.23,35.3344,35.36,35.23,108577
2023-08-09,35.34,35.355,35.41,35.34,3245
2023-08-10,35.43,35.325,35.44,35.29,22620
2023-08-11,35.23,35.245,35.29,35.1906,4452
2023-08-14,35.16,35.3045,35.39,35.16,12877
2023-08-15,35.17,35.214,35.27,35.15,8702
2023-08-16,35.13,35.13,35.28,35.13,10812
2023-08-17,35.07,34.9298,35.07,34.9298,5632
2023-08-18,35.0191,34.94,35.04,34.88,9051
2023-08-21,35.03,34.9175,35.03,34.91,5425
2023-08-22,35.03,34.9797,35.03,34.96,3495
2023-08-23,35.12,35.2407,35.25,35.1,12699
2023-08-24,35.21,35.05,35.21,35.01,24897
2023-08-25,35.08,35.1644,35.22,35.05,20093
2023-08-28,35.28,35.3081,35.32,35.23,23569
2023-08-29,35.3097,35.48,35.5,35.285,103733
2023-08-30,35.48,35.4668,35.5395,35.45,17188
2023-08-31,35.475,35.2877,35.51,35.4,14117
2023-09-01,35.41,35.2488,35.41,35.22,5336
2023-09-05,35.29,35.113,35.29,35.1,5511
2023-09-06,35.04,35.055,35.09,35.01,7160
2023-09-07,35.09,35.1748,35.2,35.09,5961
2023-09-08,35.26,35.145,35.26,35.13,3366
2023-09-11,35.199,35.19,35.22,35.17,6747
2023-09-12,35.09,35.185,35.22,35.09,4151
2023-09-13,35.25,35.2517,35.31,35.23,4542
2023-09-14,35.28,35.285,35.3,35.26,1364
2023-09-15,35.21,35.2062,35.24,35.18,52004
2023-09-18,35.18,35.1907,35.25,35.18,6375
2023-09-19,35.19,35.1148,35.19,35.1,10497
2023-09-20,35.17,35.12,35.26,35.12,16008
2023-09-21,34.99,34.8853,34.99,34.885,3792
2023-09-22,35.02,34.97,35.0201,34.97,1778
2023-09-25,34.86,34.8747,34.91,34.81,14134
2023-09-26,34.89,34.755,34.89,34.7,7264
2023-09-27,34.84,34.7106,34.84,34.6209,17284
2023-09-28,34.69,34.8396,34.84,34.69,6642
2023-09-29,34.96,34.5984,34.985,34.8,5050
2023-10-02,34.45,34.3927,34.45,34.34,3308
2023-10-03,34.29,34.0703,34.32,34.05,11689
2023-10-04,34.13,34.2312,34.2324,34.05,3042
2023-10-05,34.21,34.225,34.26,34.17,6405
2023-10-06,34.05,34.2576,34.29,34.02,2052
2023-10-09,34.24,34.494,34.494,34.2301,5234
2023-10-10,34.37,34.4848,34.54,34.34,7090
2023-10-11,34.49,34.5,34.51,34.38,4974
2023-10-12,34.45,34.3171,34.45,34.24,2852
2023-10-13,34.48,34.2953,34.52,34.2953,2869
2023-10-16,34.26,34.2261,34.285,34.21,69314
2023-10-17,34.0868,34.11,34.1398,34.0868,10004
2023-10-18,34.03,33.9292,34.035,33.9292,8066
2023-10-19,34.02,33.8301,34.0209,33.8301,4809
2023-10-20,33.885,33.9061,33.96,33.885,10329
2023-10-23,33.86,34.05,34.12,33.86,2299
2023-10-24,34.09,34.175,34.2,34.09,3828
2023-10-25,34.13,34.005,34.13,33.98,7304
2023-10-26,34.08,34.1352,34.15,34.04,5042
2023-10-27,34.12,34.0567,34.14,34.01,38488
2023-10-30,34.12,34.0823,34.149,34.0008,19422
2023-10-31,34.17,33.9842,34.31,34.17,1864
2023-11-01,34.081,34.2302,34.25,34.07,1917
2023-11-02,34.565,34.5833,34.63,34.54,2980
2023-11-03,35.96,34.955,35.96,34.74,6979
2023-11-06,35.03,34.8507,35.03,34.796,6034
2023-11-07,34.75,34.86,34.9189,34.75,7609
2023-11-08,34.93,34.9,34.99,34.83,33993
2023-11-09,34.89,34.665,34.89,34.665,4176
2023-11-10,34.8,34.7852,34.87,34.7215,52848
2023-11-13,34.67,34.7714,34.8,34.67,6330
2023-11-14,35.21,35.1393,35.2299,35.12,8273
2023-11-15,35.035,35.08,35.08,34.99,11567
2023-11-16,35.07,35.1104,35.1586,35.05,4072
2023-11-17,35.17,35.1762,35.21,35.09,16957
2023-11-20,35.26,35.2619,35.3399,35.19,5651
2023-11-21,35.2613,35.27,35.27,35.24,10790
2023-11-22,35.26,35.3335,35.39,35.25,5543
2023-11-24,35.33,35.325,35.34,35.3175,2607
2023-11-27,35.34,35.3977,35.42,35.31,5963
2023-11-28,35.41,35.4998,35.55,35.32,77777
2023-11-29,35.7,35.686,35.77,35.66,16000
2023-11-30,35.57,35.4268,35.655,35.5049,19823
2023-12-01,35.49,35.7193,35.775,35.49,7828
2023-12-04,35.58,35.655,35.7,35.56,7691
2023-12-05,35.76,35.7133,35.76,35.675,11953
2023-12-06,35.7352,35.6968,35.84,35.6968,24475
2023-12-07,35.84,35.78,35.8689,35.69,28510
2023-12-08,35.75,35.7487,35.78,35.64,16371
2023-12-11,35.7,35.7317,35.785,35.62,22417
2023-12-12,35.66,35.86,35.865,35.66,3398
2023-12-13,35.82,36.3374,36.375,35.82,14906
2023-12-14,36.56,36.4489,36.72,36.4001,20464
2023-12-15,36.38,36.4391,36.5499,36.36,7543
2023-12-18,36.56,36.4664,36.56,36.3464,25484
2023-12-19,36.43,36.5365,36.6267,36.43,16962
2023-12-20,36.62,36.5847,36.77,36.56,91107
2023-12-21,36.8,36.7986,36.8,36.6,5609
2023-12-22,36.81,36.7,36.91,36.62,44633
2023-12-26,36.72,36.74,36.77,36.7,6038
2023-12-27,36.7317,36.6761,36.99,36.7317,11990
2023-12-28,36.73,36.5804,36.74,36.53,9789
2023-12-29,36.56,36.4983,36.56,36.4983,3448
2024-01-02,36.3321,36.358,36.4299,36.33,6432
2024-01-03,36.24,36.305,36.365,36.2,31264
2024-01-04,36.36,36.17,36.36,36.15,22236
2024-01-05,36.03,36.11,36.3099,36.03,13687
2024-01-08,36.13,36.3499,36.39,36.1265,9804
2024-01-09,36.32,36.43,36.43,36.29,30494
2024-01-10,36.52,36.4769,36.52,36.4,140106
2024-01-11,36.48,36.5754,36.59,36.4092,4911
2024-01-12,36.7,36.625,36.7,36.585,6870
2024-01-16,36.53,36.3702,36.55,36.3702,11357
2024-01-17,36.26,36.286,36.32,36.23,9659
2024-01-18,36.32,36.3515,36.38,36.28,9118
2024-01-19,36.33,36.37,36.39,36.2,40005
2024-01-22,36.5,36.425,36.5,36.39,43160
2024-01-23,36.45,36.4043,36.45,36.33,83728
2024-01-24,36.55,36.43,37.75,36.43,181529
2024-01-25,36.6,36.6365,36.64,36.5,59562
2024-01-26,36.6499,36.6347,36.7196,36.61,72943
2024-01-29,36.669,36.7028,36.7028,36.635,8398
2024-01-30,36.68,36.6652,36.7399,36.61,27883
2024-01-31,36.705,36.4132,36.73,36.5988,3422
2024-02-01,36.56,36.68,36.68,36.53,53264
2024-02-02,36.41,36.5,36.59,36.4,111860
2024-02-05,36.41,36.22,36.41,36.19,37210
2024-02-06,36.31,36.4531,36.5,36.3,5396
2024-02-07,36.57,36.459,36.57,36.37,29505
2024-02-08,36.48,36.4612,36.5,36.4,14600
2024-02-09,36.48,36.5493,36.59,36.4705,6954
2024-02-12,36.49,36.4644,36.59,36.4644,200809
2024-02-13,36.26,36.24,36.3,36.17,23887
2024-02-14,36.26,36.3654,36.4,36.26,35344
2024-02-15,36.39,36.4966,36.52,36.39,79707
2024-02-16,36.34,36.3673,36.39,36.31,5109
2024-02-20,36.39,36.47,36.52,36.36,19382
2024-02-21,36.44,36.41,36.46,36.34,17442
2024-02-22,36.54,36.5362,36.58,36.5,46117
2024-02-23,36.59,36.56,36.61,36.53,14961
2024-02-26,36.58,36.4,36.58,36.39,11926
2024-02-27,36.42,36.44,36.5199,36.42,9000
2024-02-28,36.39,36.44,36.52,36.39,84322
2024-02-29,36.54,36.3588,36.68,36.4606,32785
2024-03-01,36.31,36.47,36.49,36.31,10608
2024-03-04,36.4,36.49,36.5,36.3814,20360
2024-03-05,36.45,36.4194,36.52,36.4019,13708
2024-03-06,36.57,36.5172,36.59,36.48,15039
2024-03-07,36.63,36.505,36.63,36.505,16105
2024-03-08,36.61,36.5699,36.78,36.5699,57141
2024-03-11,36.55,36.53,36.66,36.5,17319
2024-03-12,36.56,36.59,36.59,36.51,17932
2024-03-13,36.57,36.62,36.83,36.57,10818
2024-03-14,36.63,36.44,36.63,36.4,11686
2024-03-15,36.3801,36.4795,36.51,36.3801,13197
2024-03-18,36.59,36.5197,36.59,36.49,2392
2024-03-19,36.47,36.66,36.66,36.47,6506
2024-03-20,36.57,36.78,36.87,36.57,24812
2024-03-21,36.84,36.7333,36.84,36.73,8849
2024-03-22,36.79,36.73,36.79,36.68,24540
2024-03-25,36.71,36.71,36.73,36.6701,8274
2024-03-26,36.677,36.6502,36.7,36.65,5022
2024-03-27,36.71,36.81,36.81,36.68,21505
2024-03-28,36.79,36.5683,36.85,36.76,98685
2024-04-01,36.65,36.41,36.65,36.41,28254
2024-04-02,36.35,36.36,36.39,36.3,24614
2024-04-03,36.3395,36.36,36.39,36.3,11972
2024-04-04,36.42,36.35,36.46,36.35,22004
2024-04-05,36.38,36.29,36.38,36.29,15003
2024-04-08,36.28,36.3643,36.39,36.28,198576
2024-04-09,36.44,36.45,36.47,36.41,12303
2024-04-10,36.15,36.1646,36.3164,36.15,11834
2024-04-11,36.18,36.18,36.2327,36.092,115685
2024-04-12,36.15,36.08,36.15,36.06,7575
2024-04-15,36.05,35.9148,36.07,35.89,15860
2024-04-16,35.86,35.825,35.8897,35.8,4572
2024-04-17,35.93,35.85,35.93,35.85,12956
2024-04-18,35.9,35.88,35.9,35.82,7840
2024-04-19,35.89,35.93,35.96,35.88,6154
2024-04-22,35.98,36.09,36.09,35.94,10126
2024-04-23,36.08,36.18,36.25,36.08,25917
2024-04-24,36.1328,36.15,36.17,36.09,10061
2024-04-25,36.02,36.04,36.08,35.92,22457
2024-04-26,36.1,36.1,36.18,36.1,40445
2024-04-29,36.15,36.21,36.23,36.15,9266
2024-04-30,36.09,35.8203,36.17,36.02,6543
2024-05-01,35.89,36.015,36.0439,35.87,6844
2024-05-02,36.05,36.12,36.17,36.03,26356
2024-05-03,36.28,36.345,36.385,36.28,15463
2024-05-06,36.43,36.41,36.45,36.41,4671
2024-05-07,36.51,36.423,36.51,36.41,22192
2024-05-08,36.39,36.38,36.4,36.35,8608
2024-05-09,36.34,36.42,36.43,36.34,16053
2024-05-10,36.34,36.3135,36.37,36.31,4891
2024-05-13,36.35,36.31,36.4,36.31,7819
2024-05-14,36.335,36.36,36.37,36.3,9005
2024-05-15,36.51,36.53,36.56,36.47,8489
2024-05-16,36.47,36.5001,36.67,36.47,36303
2024-05-17,36.4596,36.4741,36.5,36.44,6237
2024-05-20,36.52,36.49,36.52,36.47,10908
2024-05-21,36.56,36.53,36.58,36.52,8630
2024-05-22,36.4531,36.43,36.51,36.42,39761
2024-05-23,36.47,36.35,36.47,36.3,45474
2024-05-24,36.37,36.45,36.46,36.34,27800
2024-05-28,36.46,36.33,36.46,36.33,15943
2024-05-29,36.21,36.2441,36.28,36.21,10610
2024-05-30,36.26,36.3494,36.38,36.26,20779
2024-05-31,36.36,36.2707,36.48,36.36,27501
2024-06-03,36.3,36.3486,36.4,36.3,11361
2024-06-04,36.38,36.3775,36.44,36.3601,34245
2024-06-05,36.45,36.4714,36.48,36.4,17367
2024-06-06,36.52,36.47,36.52,36.42,114344
2024-06-07,36.4,36.34,36.42,36.3,10734
2024-06-10,36.27,36.33,36.3753,36.27,7158
2024-06-11,36.34,36.41,36.41,36.3,21570
2024-06-12,36.63,36.55,36.64,36.53,11884
2024-06-13,36.54,36.5,36.54,36.47,16692
2024-06-14,36.34,36.37,36.43,36.34,8538
2024-06-17,36.36,36.4485,36.58,36.31,14232
2024-06-18,36.5,36.5831,36.61,36.47,10611
2024-06-20,36.5,36.5019,36.69,36.42,23455
2024-06-21,36.5,36.54,36.59,36.48,38108
2024-06-24,36.58,36.49,37.05,36.49,37331
2024-06-25,36.51,36.51,36.88,36.47,10486
2024-06-26,36.44,36.43,36.494,36.42,9914
2024-06-27,36.56,36.48,36.56,36.45,13159
2024-06-28,36.52,36.206,36.5422,36.4,34251
2024-07-01,36.27,36.1837,36.63,36.11,19959
2024-07-02,36.3,36.33,36.33,36.21,22543
2024-07-03,36.35,36.425,36.44,36.35,5395
2024-07-05,36.52,36.53,38.33,36.4,71668
2024-07-08,36.4827,36.52,36.53,36.46,35786
2024-07-09,36.49,36.5,36.528,36.45,33266
2024-07-10,36.48,36.58,36.58,36.48,19589
2024-07-11,36.66,36.73,36.75,36.65,12513
2024-07-12,36.74,36.7851,36.81,36.72,7474
2024-07-15,37.06,36.74,37.06,36.7,16601
2024-07-16,38.58,36.9,38.58,36.795,11121
2024-07-17,36.77,36.84,36.88,36.76,23668
2024-07-18,36.81,36.7833,37.15,36.76,18692
2024-07-19,36.81,36.79,36.81,36.74,12322
2024-07-22,36.91,36.92,37.22,36.83,21869
2024-07-23,36.83,36.8954,36.9597,36.83,12420
2024-07-24,36.88,36.73,37.38,36.73,8500
2024-07-25,36.83,36.74,36.9,36.74,10777
2024-07-26,36.8719,36.8595,36.88,36.82,10026
2024-07-29,36.94,36.79,37.36,36.76,8507
2024-07-30,36.83,36.85,37.32,36.7824,9447
2024-07-31,37.0,36.7842,37.24,36.9,30983
2024-08-01,36.79,36.7,37.01,36.65,13363
2024-08-02,36.67,36.59,36.67,36.55,16884
2024-08-05,36.2,36.32,36.87,35.23,25187
2024-08-06,36.54,36.4664,37.62,36.33,107699
2024-08-07,36.61,36.44,37.02,34.94,16416
2024-08-08,36.53,36.62,36.6501,36.53,70194
2024-08-09,36.74,36.63,36.74,36.59,45747
2024-08-12,36.66,36.67,37.37,36.65,8603
2024-08-13,37.06,36.83,37.06,36.73,9438
2024-08-14,36.77,36.88,37.43,36.77,6105
2024-08-15,36.83,36.8999,36.91,36.83,12896
2024-08-16,36.88,37.0415,37.41,36.88,11290
2024-08-19,37.18,37.0708,37.18,36.92,12249
2024-08-20,37.09,37.04,37.14,37.03,27427
2024-08-21,37.04,37.2,37.27,37.04,40626
2024-08-22,37.1,37.09,37.46,37.07,14567
2024-08-23,37.22,37.24,37.45,37.1361,17829
2024-08-26,37.22,37.215,37.29,37.19,16216
2024-08-27,37.29,37.2328,37.32,37.2114,30110
2024-08-28,37.23,37.22,37.28,37.22,26151
2024-08-29,37.34,37.285,37.34,37.23,9251
2024-08-30,37.3,37.0631,37.58,37.2371,12501
2024-09-03,37.21,36.975,37.21,36.9516,15496
2024-09-04,37.01,37.1,37.13,37.01,12122
2024-09-05,37.09,37.1601,37.18,36.37,29233
2024-09-06,37.26,37.1217,37.28,37.06,17462
2024-09-09,37.24,37.2126,37.26,37.13,25223
2024-09-10,37.26,37.18,37.3,37.104,20336
2024-09-11,37.21,37.2018,37.37,37.07,6862
2024-09-12,37.15,37.18,37.26,37.13,170850
2024-09-13,37.2705,37.3181,37.34,37.2705,7874
