2020-12-14,515.5,512.5,515.5,502.5,1478
2020-12-15,525.0,506.25,525.0,505.5,550
2020-12-16,512.5,514.5,524.75,500.5,2669
2020-12-17,507.5,514.0,517.5,507.5,2213
2020-12-18,513.5,517.495,519.995,510.0,3524
2020-12-21,522.0,520.5,531.0,510.0,8190
2020-12-22,525.0,524.0,533.5,522.5,2353
2020-12-23,534.595,526.0,535.0,524.0,2791
2020-12-24,544.5,530.0,545.0,524.0,6875
2020-12-28,535.0,535.0,535.0,529.25,4149
2020-12-29,534.5,530.0,549.0,527.0,1657
2020-12-30,544.5,532.5,549.5,530.0,1090
2020-12-31,537.5,530.0,537.5,528.5,1163
2021-01-04,537.5,528.0,537.5,527.5,558
2021-01-05,537.5,524.5,537.5,523.5,1886
2021-01-06,527.505,525.5,532.5,521.5,301
2021-01-07,527.5,530.5,532.5,520.0,2647
2021-01-08,537.0,535.0,537.0,525.5,3766
2021-01-11,534.5,540.0,550.0,532.0,14957
2021-01-12,542.5,575.5,582.5,541.475,18231
2021-01-13,597.5,603.5,617.0,588.5,29065
2021-01-14,612.5,614.5,623.5,603.75,11563
2021-01-15,616.5,600.0,622.105,593.0,3934
2021-01-19,604.5,623.5,624.0,587.5,8466
2021-01-20,625.0,613.0,625.0,605.0,5773
2021-01-21,615.0,617.5,624.995,607.5,11216
2021-01-22,625.0,684.0,688.5,622.0,13106
2021-01-25,690.0,694.0,727.0,672.5,9260
2021-01-26,700.0,696.0,713.5,681.5,4941
2021-01-27,669.0,641.5,690.0,625.5,16011
2021-01-28,641.0,629.5,651.495,615.0,8810
2021-01-29,629.0,630.0,648.5,620.0,5694
2021-02-01,637.5,655.0,663.5,634.0,12040
2021-02-02,657.5,679.0,685.0,657.5,9927
2021-02-03,679.0,700.0,750.0,679.0,12969
2021-02-04,715.0,687.0,748.0,682.0,8549
2021-02-05,817.5,825.0,865.0,801.0,105808
2021-02-08,902.0,888.0,997.5,859.0,71153
2021-02-09,849.5,802.0,862.5,802.0,194021
2021-02-10,814.0,786.0,830.0,756.5,87451
2021-02-11,807.0,754.5,825.0,742.5,46450
2021-02-12,760.0,779.0,788.5,754.0,40469
2021-02-16,782.5,787.5,799.5,775.0,32281
2021-02-17,794.0,755.0,815.0,731.0,34990
2021-02-18,749.5,743.5,764.66,717.5,25640
2021-02-19,750.5,745.0,764.0,739.0,26511
2021-02-22,746.0,703.0,747.0,701.0,21339
2021-02-23,660.5,640.0,675.5,527.5,36315
2021-02-24,643.5,627.0,662.5,620.0,17186
2021-02-25,627.5,589.5,640.0,581.0,24160
2021-02-26,597.5,588.5,617.5,560.0,26272
2021-03-01,619.5,644.5,654.5,613.0,23279
2021-03-02,669.5,617.0,670.0,611.0,18231
2021-03-03,623.0,569.5,623.5,566.0,21566
2021-03-04,575.0,548.5,584.5,520.5,23516
2021-03-05,553.5,567.5,589.0,523.5,18259
2021-03-08,568.5,540.0,572.5,537.5,40331
2021-03-09,563.5,569.5,575.0,551.0,8632
2021-03-10,587.0,589.5,614.0,559.83,12571
2021-03-11,600.0,601.5,607.0,585.0,14543
2021-03-12,590.0,619.0,619.0,575.0,6955
2021-03-15,619.0,616.5,631.5,601.5,5714
2021-03-16,615.0,580.0,615.0,576.0,7511
2021-03-17,571.5,558.0,571.5,556.0,12603
2021-03-18,564.0,549.0,594.5,542.5,18901
2021-03-19,553.0,556.0,557.0,542.0,4099
2021-03-22,562.0,557.5,568.0,547.5,3469
2021-03-23,557.5,537.5,565.0,531.0,8898
2021-03-24,540.0,515.0,542.5,509.5,16130
2021-03-25,507.5,514.5,524.5,502.5,12746
2021-03-26,521.5,532.5,536.5,510.0,12113
2021-03-29,533.5,517.5,541.5,513.0,7933
2021-03-30,510.5,515.5,519.0,509.0,36489
2021-03-31,525.0,524.5,525.1,507.0,15544
2021-04-01,526.5,543.5,544.5,515.0,22053
2021-04-05,550.0,531.5,566.0,524.31,15232
2021-04-06,532.5,520.5,536.025,518.5,8963
2021-04-07,521.5,521.0,523.5,517.5,4225
2021-04-08,527.5,530.0,533.5,517.5,5615
2021-04-09,529.0,532.0,536.0,521.5,4438
2021-04-12,533.0,516.0,533.0,511.0,9793
2021-04-13,513.0,517.0,518.5,508.0,10379
2021-04-14,513.5,516.0,519.0,512.5,9867
2021-04-15,516.0,503.5,517.0,502.5,15384
2021-04-16,503.0,506.0,507.5,501.0,8221
2021-04-19,505.5,503.0,506.25,496.5,11509
2021-04-20,501.0,501.5,503.75,500.0,7134
2021-04-21,500.5,507.25,510.5,499.5,8516
2021-04-22,508.5,515.5,520.0,504.0,7231
2021-04-23,512.5,516.0,523.0,512.5,3322
2021-04-26,517.0,517.5,521.5,514.5,3425
2021-04-27,522.5,514.5,522.5,512.0,5197
2021-04-28,518.5,511.5,519.0,510.5,2241
2021-04-29,522.0,520.0,533.5,515.99,4641
2021-04-30,520.0,520.0,523.0,514.5,2545
2021-05-03,529.5,520.0,529.5,517.25,3731
2021-05-04,515.0,515.5,518.5,504.5,7820
2021-05-05,518.0,515.5,523.0,511.0,8497
2021-05-06,515.0,515.5,517.5,507.5,7580
2021-05-07,519.5,516.5,519.5,509.5,6167
2021-05-10,515.0,507.0,519.0,506.0,11239
2021-05-11,498.5,499.5,501.5,498.0,29489
2021-05-12,500.0,498.0,504.0,497.5,7432
2021-05-13,500.0,497.0,500.0,495.0,12305
2021-05-14,499.5,497.0,499.5,496.0,6311
2021-05-17,497.5,496.0,498.5,495.0,4195
2021-05-18,496.0,495.0,499.0,494.5,12880
2021-05-19,495.0,494.5,496.5,493.5,3041
2021-05-20,497.0,499.5,500.5,493.5,17948
2021-05-21,505.0,499.5,505.0,498.0,3825
2021-05-24,498.0,499.5,500.5,497.0,6154
2021-05-25,500.0,500.5,503.0,498.5,6171
2021-05-26,501.0,500.5,503.0,499.5,2174
2021-05-27,500.0,499.5,501.5,499.005,1983
2021-05-28,500.25,500.0,501.75,499.25,2172
2021-06-01,502.5,500.0,502.5,498.0,4528
2021-06-02,508.0,505.0,510.0,500.5,7748
2021-06-03,509.0,514.0,515.0,505.75,12191
2021-06-04,518.5,521.5,522.5,513.5,6437
2021-06-07,541.865,534.5,543.5,533.5,25725
2021-06-08,540.5,534.5,547.0,526.0,15478
2021-06-09,535.0,537.0,544.365,531.5,17094
2021-06-10,540.0,538.0,542.0,532.5,8001
2021-06-11,541.0,541.5,544.0,537.5,3635
2021-06-14,542.5,535.5,544.0,532.5,8303
2021-06-15,540.0,525.0,540.0,520.5,5789
2021-06-16,528.0,526.5,532.5,521.0,3396
2021-06-17,529.5,527.5,533.0,520.0,4869
2021-06-18,526.5,523.0,527.0,521.0,4009
2021-06-21,523.5,509.0,523.5,506.0,8794
2021-06-22,511.0,510.0,515.5,503.0,3344
2021-06-23,510.0,511.5,520.945,507.0,6033
2021-06-24,519.0,517.0,528.0,513.5,4757
2021-06-25,521.5,521.0,523.0,516.05,2647
2021-06-28,527.0,524.0,527.0,519.0,4938
2021-06-29,527.5,517.0,527.5,515.0,3680
2021-06-30,517.5,515.5,522.205,511.0,6021
2021-07-01,520.0,515.5,522.495,515.0,3140
2021-07-02,521.0,512.5,521.0,511.975,2515
2021-07-06,517.0,524.5,536.495,516.545,9661
2021-07-07,531.0,517.0,544.0,514.0,10717
2021-07-08,513.5,505.0,513.5,504.0,7784
2021-07-09,508.5,500.0,510.5,499.05,11313
2021-07-12,504.5,500.0,504.75,497.595,4049
2021-07-13,503.5,507.5,508.5,498.5,9007
2021-07-14,515.0,511.5,528.0,504.0,14672
2021-07-15,513.5,500.0,514.07,499.5,6647
2021-07-16,507.5,516.5,519.0,504.0,8123
2021-07-19,485.0,413.0,499.5,405.0,24773
2021-07-20,424.5,375.25,425.0,373.0,52415
2021-07-21,390.045,388.0,406.0,375.5,26793
2021-07-22,410.0,385.0,410.0,380.0,16039
2021-07-23,397.0,364.0,397.0,362.0,18429
2021-07-26,379.5,405.0,417.5,367.5,41617
2021-07-27,417.5,363.0,417.5,362.0,18400
2021-07-28,365.0,353.0,372.0,350.0,21483
2021-07-29,364.5,338.5,364.5,325.0,28740
2021-07-30,335.97,336.5,343.0,327.5,15061
2021-08-02,340.0,339.0,344.0,336.5,23639
2021-08-03,340.0,325.5,341.995,318.0,18478
2021-08-04,326.5,303.0,327.995,301.2,18241
2021-08-05,309.0,327.5,336.5,304.0,21488
2021-08-06,330.5,352.5,357.5,318.0,19408
2021-08-09,363.0,405.0,415.0,361.5,32214
2021-08-10,405.715,400.0,422.0,389.0,24809
2021-08-11,400.0,327.5,400.0,314.5,110178
2021-08-12,339.5,349.5,351.5,320.5,49936
2021-08-13,359.465,375.0,396.5,340.0,73619
2021-08-16,380.5,409.5,420.0,341.0,73013
2021-08-17,397.5,392.0,404.0,370.0,83116
2021-08-18,392.0,375.5,397.5,370.5,41435
2021-08-19,370.0,391.0,402.0,361.5,87650
2021-08-20,388.0,415.5,435.5,376.5,69779
2021-08-23,417.5,411.0,419.0,396.5,43967
2021-08-24,417.5,409.0,420.0,398.0,42599
2021-08-25,413.5,409.5,425.0,408.5,23300
2021-08-26,410.0,429.5,433.95,409.5,22573
2021-08-27,432.5,455.0,457.0,432.5,24940
2021-08-30,469.5,459.5,477.5,454.0,22701
2021-08-31,465.0,471.5,492.5,463.5,39692
2021-09-01,480.0,496.5,497.0,476.5,29254
2021-09-02,500.0,507.0,514.5,495.0,43878
2021-09-03,509.5,520.0,520.0,492.5,32211
2021-09-07,528.0,467.0,535.0,455.0,59363
2021-09-08,467.0,440.0,474.0,430.25,50249
2021-09-09,470.89,543.5,568.5,470.89,160780
2021-09-10,544.5,515.5,559.995,510.5,48367
2021-09-13,530.5,517.5,540.0,496.0,35997
2021-09-14,524.0,485.5,526.5,477.5,44150
2021-09-15,487.5,506.0,508.0,487.5,24108
2021-09-16,513.5,516.0,530.0,506.5,30879
2021-09-17,523.25,499.5,535.0,495.5,136832
2021-09-20,472.03,470.0,475.0,449.0,37430
2021-09-21,478.0,494.0,498.5,465.0,22539
2021-09-22,500.5,497.5,514.5,496.0,18121
2021-09-23,503.5,478.0,504.5,477.29,26344
2021-09-24,475.0,467.5,481.405,463.25,20705
2021-09-27,467.0,460.5,475.0,455.5,21535
2021-09-28,400.5,331.5,419.5,326.5,340267
2021-09-29,334.41,301.5,345.5,300.0,166427
2021-09-30,305.0,347.0,363.0,301.5,135802
2021-10-01,347.5,323.0,350.0,319.5,57856
2021-10-04,327.0,300.0,328.5,290.0,81614
2021-10-05,306.5,319.5,348.5,302.0,108461
2021-10-06,315.5,294.0,322.0,283.0,93314
2021-10-07,298.0,323.0,325.5,297.5,50695
2021-10-08,320.0,298.5,324.0,297.5,48430
2021-10-11,299.07,289.0,308.0,287.5,38968
2021-10-12,289.0,310.0,311.25,275.0,53562
2021-10-13,307.18,305.5,311.5,300.5,24025
2021-10-14,320.585,297.0,327.5,296.0,46835
2021-10-15,295.0,285.5,301.5,284.0,39649
2021-10-18,287.5,282.5,293.0,281.0,32716
2021-10-19,283.5,284.5,290.5,278.75,36302
2021-10-20,282.5,278.5,287.0,277.0,42690
2021-10-21,280.5,292.5,292.5,271.0,54048
2021-10-22,282.97,269.5,289.25,263.5,60999
2021-10-25,270.885,277.5,280.49,268.0,54683
2021-10-26,286.5,272.0,286.5,265.5,33850
2021-10-27,269.0,258.5,272.5,255.25,41294
2021-10-28,258.0,272.5,282.0,254.5,63473
2021-10-29,270.0,260.5,278.0,257.5,48567
2021-11-01,268.0,315.0,325.0,262.5,145499
2021-11-02,310.0,300.5,312.5,284.0,74874
2021-11-03,301.0,295.5,315.0,292.54,44774
2021-11-04,295.5,300.0,315.0,295.5,55441
2021-11-05,303.0,284.5,304.5,279.0,55704
2021-11-08,295.0,294.5,300.0,287.0,47437
2021-11-09,302.5,294.0,305.0,286.46,36643
2021-11-10,289.0,320.0,323.5,283.0,113012
2021-11-11,320.0,314.5,323.5,299.0,64301
2021-11-12,351.0,355.5,392.5,342.5,210458
2021-11-15,372.5,387.0,392.0,360.5,104203
2021-11-16,407.5,378.5,407.68,370.5,95864
2021-11-17,372.5,401.5,410.5,366.0,91916
2021-11-18,400.0,376.5,404.0,363.0,66088
2021-11-19,377.0,409.5,422.0,375.0,109909
2021-11-22,415.0,411.5,437.0,397.5,90439
2021-11-23,412.5,387.5,422.0,375.0,84148
2021-11-24,387.5,406.5,407.105,376.05,33245
2021-11-26,380.0,403.5,408.25,376.0,36939
2021-11-29,405.5,378.5,405.5,373.0,56391
2021-11-30,375.0,379.5,389.45,353.0,77200
2021-12-01,379.0,343.5,379.5,342.5,54395
2021-12-02,343.5,345.0,355.0,332.865,43897
2021-12-03,345.0,312.5,346.25,305.0,61960
2021-12-06,312.5,315.5,321.5,285.5,49322
2021-12-07,333.0,344.5,356.5,328.0,48554
2021-12-08,342.5,351.5,357.0,327.5,36319
2021-12-09,349.0,340.5,359.5,338.0,24672
2021-12-10,340.0,336.0,347.45,330.5,22091
2021-12-13,334.0,334.0,351.5,323.5,40033
2021-12-14,331.25,338.5,353.5,328.0,31757
2021-12-15,336.5,337.5,341.0,318.675,38520
2021-12-16,346.0,337.0,354.0,330.5,26045
2021-12-17,330.5,328.0,338.5,307.5,87370
2021-12-20,311.515,306.5,323.0,301.5,38801
2021-12-21,306.5,315.0,317.0,306.32,24750
2021-12-22,312.0,311.5,317.25,307.45,24217
2021-12-23,326.0,354.0,368.5,321.0,117383
2021-12-27,355.5,370.5,379.0,353.0,52577
2021-12-28,367.25,363.5,374.0,360.5,32707
2021-12-29,358.5,327.5,359.45,325.0,49732
2021-12-30,330.5,335.0,344.5,326.0,115099
2021-12-31,333.0,324.5,337.99,323.0,31450
2022-01-03,329.79,343.5,346.0,320.0,46597
2022-01-04,348.5,337.5,351.5,334.5,36655
2022-01-05,337.5,328.5,350.75,326.0,50574
2022-01-06,328.0,325.0,334.0,308.0,47992
2022-01-07,324.5,334.0,345.0,320.5,42714
2022-01-10,325.5,312.5,332.0,304.0,62794
2022-01-11,315.0,340.5,346.5,309.5,49973
2022-01-12,298.0,303.5,329.5,295.0,129348
2022-01-13,301.5,263.25,314.0,263.0,129805
2022-01-14,267.925,249.5,267.925,236.0,128134
2022-01-18,250.0,241.0,260.0,240.0,71201
2022-01-19,248.0,224.0,249.0,223.0,105336
2022-01-20,224.5,221.0,234.5,220.0,53657
2022-01-21,220.5,212.5,223.005,207.0,71775
2022-01-24,200.0,226.0,226.5,192.92,103464
2022-01-25,222.75,226.0,229.95,213.0,51037
2022-01-26,242.0,236.5,249.0,226.75,65270
2022-01-27,241.0,222.0,242.5,217.5,45431
2022-01-28,219.0,234.0,234.0,211.5,51385
2022-01-31,237.0,254.0,258.0,237.0,36800
2022-02-01,255.0,272.5,272.5,253.0,30273
2022-02-02,277.0,259.5,277.0,254.5,25733
2022-02-03,249.5,247.0,262.0,244.25,25708
2022-02-04,250.0,261.0,264.0,244.5,20220
2022-02-07,258.0,245.0,262.235,244.0,33884
2022-02-08,246.0,250.5,256.0,234.0,23278
2022-02-09,254.5,268.5,269.0,250.5,28097
2022-02-10,256.0,269.0,286.5,250.5,39848
2022-02-11,270.0,270.0,283.5,264.5,27955
2022-02-14,263.91,266.0,281.5,261.0,45699
2022-02-15,267.0,282.0,283.0,266.0,38659
2022-02-16,277.0,286.5,291.75,267.93,55212
2022-02-17,285.5,297.0,308.5,283.55,50704
2022-02-18,292.5,278.0,299.25,271.0,31503
2022-02-22,269.75,255.0,279.0,253.5,33208
2022-02-23,260.0,252.0,273.5,250.5,26136
2022-02-24,237.5,262.5,263.5,230.0,53148
2022-02-25,256.5,269.5,275.0,256.5,32926
2022-02-28,268.5,279.0,289.0,267.5,35607
2022-03-01,280.5,277.0,282.355,267.5,26804
2022-03-02,275.5,271.5,277.5,265.5,26431
2022-03-03,273.5,265.0,274.0,260.25,17575
2022-03-04,259.5,247.5,267.5,246.25,33662
2022-03-07,246.0,266.5,272.5,239.0,61138
2022-03-08,268.0,301.5,301.5,257.5,74273
2022-03-09,298.0,307.0,309.5,295.5,41254
2022-03-10,303.5,309.5,311.75,296.0,41028
2022-03-11,304.5,285.5,312.0,285.5,33260
2022-03-14,275.0,255.0,286.0,253.5,42321
2022-03-15,258.0,269.5,270.0,254.5,27156
2022-03-16,275.0,280.5,281.0,269.0,48275
2022-03-17,281.0,292.5,293.25,274.5,50366
2022-03-18,287.5,293.5,299.0,284.0,64617
2022-03-21,295.5,289.0,296.5,284.0,39708
2022-03-22,291.0,291.0,299.0,287.5,47362
2022-03-23,251.5,291.5,300.0,250.0,64660
2022-03-24,287.5,320.0,320.0,287.0,57955
2022-03-25,315.0,319.0,325.0,312.0,31804
2022-03-28,317.5,308.0,318.5,299.0,36323
2022-03-29,307.5,316.5,319.5,300.5,37703
2022-03-30,317.5,308.5,318.0,303.75,23277
2022-03-31,312.0,319.5,320.0,301.5,38985
2022-04-01,320.0,308.0,327.5,302.5,49089
2022-04-04,308.5,317.0,318.5,304.0,35114
2022-04-05,318.0,310.5,328.395,304.25,32327
2022-04-06,299.0,256.5,299.0,251.5,111976
2022-04-07,257.0,248.5,259.5,235.0,67793
2022-04-08,247.5,255.0,257.25,246.0,56955
2022-04-11,255.0,255.0,256.25,244.5,36813
2022-04-12,257.5,242.0,259.5,241.5,37598
2022-04-13,243.0,242.0,249.0,235.5,44280
2022-04-14,240.0,238.0,241.5,232.5,35286
2022-04-18,237.5,235.0,237.5,229.0,38161
2022-04-19,235.0,244.0,245.5,229.0,31974
2022-04-20,245.0,239.0,245.0,234.25,25394
2022-04-21,241.5,220.5,245.0,220.0,34412
2022-04-22,221.5,216.5,224.5,210.25,42035
2022-04-25,222.0,226.0,227.5,214.0,29227
2022-04-26,225.5,212.0,225.5,212.0,26531
2022-04-27,212.0,205.0,217.5,203.0,32148
2022-04-28,206.5,204.0,207.0,191.5,44783
2022-04-29,204.0,198.5,209.0,197.0,28840
2022-05-02,200.0,199.0,202.5,194.5,30634
2022-05-03,197.5,195.0,203.5,193.0,34864
2022-05-04,199.25,207.0,210.44,187.0,50441
2022-05-05,206.0,195.0,208.0,191.0,34167
2022-05-06,192.5,185.0,192.75,175.0,33506
2022-05-09,181.0,164.0,182.0,164.0,26468
2022-05-10,174.5,153.5,175.5,150.5,51938
2022-05-11,151.0,148.5,166.25,148.0,49611
2022-05-12,148.5,169.0,175.0,142.505,56079
2022-05-13,163.5,194.0,194.5,163.5,43916
2022-05-16,193.0,184.0,195.0,183.0,38095
2022-05-17,191.0,197.5,198.5,186.5,26376
2022-05-18,197.5,207.0,217.5,195.5,38657
2022-05-19,202.5,219.0,225.0,200.0,41865
2022-05-20,220.5,215.0,223.0,203.25,40839
2022-05-23,217.0,214.5,217.0,208.25,20914
2022-05-24,211.5,203.0,211.5,199.5,20310
2022-05-25,202.5,208.5,210.0,199.0,29217
2022-05-26,210.0,213.0,217.5,203.75,21957
2022-05-27,217.0,240.0,242.25,214.5,60828
2022-05-31,239.5,243.0,251.5,234.5,34503
2022-06-01,243.0,236.0,251.5,231.25,28775
2022-06-02,239.0,254.5,260.75,238.0,35006
2022-06-03,249.5,244.0,252.5,238.0,27690
2022-06-06,252.0,243.0,257.0,236.5,37397
2022-06-07,241.0,236.0,241.0,223.5,42049
2022-06-08,234.5,238.5,246.5,231.5,25454
2022-06-09,235.5,213.75,236.0,213.5,36106
2022-06-10,205.0,198.0,212.0,196.5,28007
2022-06-13,185.0,172.5,185.5,172.0,44678
2022-06-14,179.0,174.5,179.5,171.5,34471
2022-06-15,180.0,189.5,192.0,173.0,34426
2022-06-16,189.0,178.5,189.5,176.5,39714
2022-06-17,178.0,180.5,188.75,175.5,55176
2022-06-21,184.5,181.5,192.5,179.44,46545
2022-06-22,178.0,176.5,181.5,176.0,31739
2022-06-23,178.0,192.5,192.5,173.56,55674
2022-06-24,197.5,178.5,200.0,178.5,236309
2022-06-27,180.5,166.5,183.12,165.25,33815
2022-06-28,167.5,156.5,172.0,156.0,38986
2022-06-29,155.5,150.0,157.0,145.0,71161
2022-06-30,147.0,147.0,151.495,143.0,43092
2022-07-01,150.0,147.5,150.5,141.0,43780
2022-07-05,147.5,158.0,158.25,138.5,58304
2022-07-06,156.5,159.0,159.5,150.5,30968
2022-07-07,159.5,172.0,174.5,156.0,30800
2022-07-08,170.5,173.0,176.0,168.25,25580
2022-07-11,170.0,157.5,170.0,155.5,23425
2022-07-12,157.0,153.5,158.465,149.5,26702
2022-07-13,150.0,157.0,159.25,147.5,23966
2022-07-14,150.0,152.5,154.5,149.5,22249
2022-07-15,155.0,160.0,161.0,151.5,25399
2022-07-18,162.5,165.5,172.0,162.0,24323
2022-07-19,168.5,173.0,175.5,166.0,20566
2022-07-20,173.0,184.0,186.0,170.0,25314
2022-07-21,182.5,188.0,189.0,179.5,19851
2022-07-22,186.5,179.0,186.5,176.25,17386
2022-07-25,177.5,182.0,186.5,175.0,15018
2022-07-26,182.5,174.5,182.5,170.25,14099
2022-07-27,174.5,181.0,182.5,173.0,15488
2022-07-28,186.5,193.0,201.5,186.5,27959
2022-07-29,191.0,201.0,205.5,187.5,24932
2022-08-01,196.0,202.0,203.0,191.75,18253
2022-08-02,200.0,204.5,212.5,194.0,37175
2022-08-03,206.5,214.5,215.5,205.0,28062
2022-08-04,216.5,224.5,226.5,215.0,35283
2022-08-05,143.0,139.0,156.91,123.5,358274
2022-08-08,140.0,122.5,147.0,122.0,201865
2022-08-09,123.5,119.0,124.0,107.0,139369
2022-08-10,116.5,117.0,118.5,107.5,68184
2022-08-11,119.5,116.5,120.75,113.5,55846
2022-08-12,116.0,119.0,119.5,114.0,45588
2022-08-15,119.5,117.0,122.5,112.5,53505
2022-08-16,115.5,117.0,119.5,113.0,50572
2022-08-17,115.0,114.5,117.75,110.0,83957
2022-08-18,113.0,115.0,117.5,111.75,73815
2022-08-19,114.0,99.5,114.0,98.505,84349
2022-08-22,101.0,95.5,101.0,93.5,89050
2022-08-23,95.5,107.5,117.5,95.5,143447
2022-08-24,107.5,110.0,113.5,107.0,41875
2022-08-25,111.0,111.0,113.5,108.75,24417
2022-08-26,111.5,106.0,111.75,105.0,23419
2022-08-29,103.0,106.5,113.0,102.5,29375
2022-08-30,109.0,101.5,110.5,100.5,30999
2022-08-31,102.0,106.5,107.5,101.5,28102
2022-09-01,104.0,99.5,104.06,98.25,32194
2022-09-02,100.0,99.5,102.0,97.5,29221
2022-09-06,99.0,98.5,101.0,97.5,22887
2022-09-07,96.0,99.5,99.915,94.0,29469
2022-09-08,96.5,96.0,98.0,95.0,21505
2022-09-09,95.5,100.0,102.25,95.0,25990
2022-09-12,99.0,102.0,104.0,97.0,20927
2022-09-13,98.0,99.5,102.5,97.0,27858
2022-09-14,97.5,101.5,103.0,96.25,24915
2022-09-15,100.0,100.0,107.25,98.5,32308
2022-09-16,98.0,95.5,99.0,95.5,48713
2022-09-19,95.0,97.5,99.5,95.0,20312
2022-09-20,97.0,96.5,99.0,95.5,14636
2022-09-21,96.5,95.5,101.5,92.0,36598
2022-09-22,95.0,92.0,95.0,89.0,64654
2022-09-23,93.0,89.0,94.75,85.5,37612
2022-09-26,90.5,95.0,101.75,89.0,61776
2022-09-27,95.0,90.0,96.0,89.5,39736
2022-09-28,87.0,89.0,92.0,86.0,34145
2022-09-29,89.0,86.0,89.5,85.0,134111
2022-09-30,85.0,85.0,90.5,83.75,25630
2022-10-03,87.0,85.5,87.5,81.0,19187
2022-10-04,88.5,97.5,98.5,88.5,32592
2022-10-05,96.5,95.5,98.0,92.5,17236
2022-10-06,95.0,90.0,100.5,89.0,20478
2022-10-07,89.5,87.0,89.75,84.0,24116
2022-10-10,85.0,83.5,86.0,80.75,25750
2022-10-11,82.0,85.0,87.75,78.5,12822
2022-10-12,85.5,87.5,88.0,83.0,10873
2022-10-13,83.0,91.5,91.5,82.5,19907
2022-10-14,92.0,83.0,93.5,82.5,16800
2022-10-17,83.0,85.0,86.75,83.0,12840
2022-10-18,88.0,86.5,89.25,84.0,11343
2022-10-19,85.0,81.5,85.0,80.0,10366
2022-10-20,82.0,80.5,83.75,79.5,13392
2022-10-21,81.0,85.0,86.5,80.0,16589
2022-10-24,85.0,86.5,86.79,83.73,10357
2022-10-25,86.0,92.0,93.5,85.5,25814
2022-10-26,92.0,90.0,95.0,88.5,19905
2022-10-27,91.5,91.5,95.5,90.5,10639
2022-10-28,91.0,95.0,95.5,90.0,13596
2022-10-31,95.5,95.5,97.575,92.0,24890
2022-11-01,96.0,91.0,98.25,91.0,8433
2022-11-02,92.5,87.0,94.5,87.0,10064
2022-11-03,86.0,87.5,90.75,85.5,7896
2022-11-04,88.5,90.0,91.0,86.25,6590
2022-11-07,90.0,87.0,93.5,86.0,9917
2022-11-08,86.0,86.5,87.5,84.0,8039
2022-11-09,85.0,83.5,86.0,82.5,10617
2022-11-10,88.0,92.5,94.0,87.0,18178
2022-11-11,91.5,95.5,98.5,91.5,11580
2022-11-14,94.5,91.5,94.5,91.0,15197
2022-11-15,91.5,95.0,95.0,90.0,21922
2022-11-16,92.5,85.5,93.0,85.5,9136
2022-11-17,85.5,88.5,90.0,85.5,7304
2022-11-18,91.0,84.5,91.0,83.0,23274
2022-11-21,82.5,81.0,83.5,80.0,15733
2022-11-22,81.5,80.5,81.5,79.0,9730
2022-11-23,80.0,82.0,83.0,79.5,8325
2022-11-25,80.5,82.5,82.5,80.5,4301
2022-11-28,82.0,77.5,82.75,77.5,11615
2022-11-29,76.5,75.0,80.5,74.5,18960
2022-11-30,73.5,81.0,81.375,73.5,24549
2022-12-01,78.5,89.5,90.0,76.75,27949
2022-12-02,87.0,88.5,91.0,84.5,21202
2022-12-05,90.0,83.0,90.0,82.5,13750
2022-12-06,85.0,82.0,85.5,78.0,16107
2022-12-07,80.0,80.0,84.0,78.635,10338
2022-12-08,80.0,81.5,82.5,79.0,10170
2022-12-09,81.0,82.5,83.0,79.245,5825
2022-12-12,81.5,83.5,86.0,80.5,8771
2022-12-13,87.5,83.0,92.5,82.0,11192
2022-12-14,82.5,84.0,87.0,82.5,10371
2022-12-15,85.0,90.0,90.5,84.5,13340
2022-12-16,88.5,94.0,96.0,87.5,30982
2022-12-19,91.0,81.5,91.5,81.0,13035
2022-12-20,80.5,81.5,83.0,80.5,9552
2022-12-21,81.5,77.5,83.0,75.0,26835
2022-12-22,77.5,80.0,80.5,74.5,16162
2022-12-23,80.0,76.5,81.5,75.215,11105
2022-12-27,75.5,70.5,75.5,68.5,20511
2022-12-28,70.5,70.0,72.0,69.0,22966
2022-12-29,74.0,83.5,88.5,73.0,56140
2022-12-30,83.5,77.5,86.5,75.0,29790
2023-01-03,79.5,75.5,81.0,75.0,11835
2023-01-04,75.5,77.5,77.5,74.0,10732
2023-01-05,77.0,73.0,77.0,72.5,6825
2023-01-06,73.5,78.5,78.5,72.5,9394
2023-01-09,78.5,80.0,85.0,78.5,20523
2023-01-10,78.5,84.5,84.5,78.5,8548
2023-01-11,85.0,95.0,95.5,85.0,20489
2023-01-12,96.5,94.5,99.0,92.0,26280
2023-01-13,95.0,98.5,98.5,91.0,18582
2023-01-17,97.5,103.5,104.5,95.5,17302
2023-01-18,100.5,106.0,110.45,100.5,19194
2023-01-19,102.5,97.0,103.5,95.5,15581
2023-01-20,99.5,98.5,100.0,93.545,14148
2023-01-23,100.0,105.0,106.295,97.0,15059
2023-01-24,106.5,103.5,107.5,101.0,11274
2023-01-25,99.5,97.0,100.0,90.0,17870
2023-01-26,97.0,102.0,103.0,97.0,12399
2023-01-27,99.5,108.5,109.5,98.5,24472
2023-01-30,103.75,102.0,108.0,100.5,12863
2023-01-31,103.0,106.5,107.5,102.5,12966
2023-02-01,107.0,106.5,108.0,100.25,19325
2023-02-02,107.5,111.0,114.5,107.0,23964
2023-02-03,109.0,111.5,117.5,108.5,20025
2023-02-06,108.75,108.0,113.5,106.5,11628
2023-02-07,109.0,107.5,109.0,103.25,12732
2023-02-08,107.0,102.5,107.0,101.5,8464
2023-02-09,105.5,90.0,106.75,88.0,30905
2023-02-10,84.0,77.5,84.0,62.5,129778
2023-02-13,70.5,75.5,76.0,70.125,48020
2023-02-14,72.5,75.0,79.5,72.5,41229
2023-02-15,75.0,68.5,75.0,68.0,55999
2023-02-16,67.5,71.0,76.0,67.5,28811
2023-02-17,72.5,70.5,72.5,68.5,15143
2023-02-21,68.5,64.5,68.75,64.5,28752
2023-02-22,62.5,64.5,67.5,62.5,16644
2023-02-23,65.5,69.5,70.885,65.0,51190
2023-02-24,67.5,67.0,69.0,66.0,14917
2023-02-27,67.5,64.5,68.495,63.5,22613
2023-02-28,64.0,65.0,66.0,63.035,32783
2023-03-01,66.5,63.5,66.5,62.5,15282
2023-03-02,62.5,60.5,63.0,58.5,28661
2023-03-03,62.0,65.0,65.5,59.75,11310
2023-03-06,64.5,59.0,64.75,58.5,13918
2023-03-07,60.0,58.75,60.0,58.5,5713
2023-03-08,59.0,54.5,59.0,52.0,43426
2023-03-09,55.0,53.75,58.0,53.5,14591
2023-03-10,54.0,51.0,54.0,50.0,27873
2023-03-13,50.5,50.0,53.0,50.0,16802
2023-03-14,52.5,53.0,57.0,52.5,23513
2023-03-15,57.0,52.5,57.0,52.0,20321
2023-03-16,51.5,54.0,55.75,50.5,16044
2023-03-17,54.0,50.5,54.25,50.0,16181
2023-03-20,50.0,47.8,51.5,47.0,20877
2023-03-21,48.0,52.5,53.5,48.0,12798
2023-03-22,52.5,50.5,53.0,50.0,7133
2023-03-23,50.5,50.0,53.5,49.515,7725
2023-03-24,46.0,36.505,47.5,32.505,166872
2023-03-27,36.5,38.265,39.975,36.4,92619
2023-03-28,38.265,39.675,42.95,38.0,58345
2023-03-29,39.59,42.415,43.45,36.505,38811
2023-03-30,43.97,40.2,43.97,38.5,183558
2023-03-31,41.5,40.755,42.0,39.5,18054
2023-04-03,40.5,40.205,42.5,39.39,12593
2023-04-04,41.5,41.5,42.19,39.5,20488
2023-04-05,42.0,41.855,43.5,41.0,19338
2023-04-06,41.0,42.67,44.0,40.99,22824
2023-04-10,42.5,37.54,44.0,37.535,27805
2023-04-11,37.5,36.505,38.5,36.5,17943
2023-04-12,37.0,35.005,37.615,35.0,29324
2023-04-13,35.89,37.66,38.875,35.0,18048
2023-04-14,37.5,42.17,43.98,37.04515,37456
2023-04-17,42.17,43.285,44.655,41.0,17511
2023-04-18,43.5,42.995,45.0,42.5,10384
2023-04-19,43.27,42.025,46.0,41.515,16953
2023-04-20,42.14,43.1,44.77,41.39,9495
2023-04-21,43.0,43.375,44.4,42.0,9962
2023-04-24,43.375,40.0,44.45,40.0,7295
2023-04-25,39.5,39.51,42.495,39.5,8860
2023-04-26,39.5,38.265,39.745,38.0,10931
2023-04-27,38.0,41.54,41.54,38.0,10988
2023-04-28,41.915,41.58,45.0,40.11505,11710
2023-05-01,45.0,40.05,45.0,40.0,13839
2023-05-02,40.0,40.0,41.0,40.0,15382
2023-05-03,40.75,40.0,41.0,39.5,12209
2023-05-04,40.615,40.205,41.0,40.0,11806
2023-05-05,40.0,41.075,44.495,40.0,10650
2023-05-08,41.395,41.595,43.0,40.005,8378
2023-05-09,41.455,37.745,41.5,37.575,9889
2023-05-10,38.0,34.815,38.49,34.55,10390
2023-05-11,35.5,33.745,35.5,33.41,9492
2023-05-12,33.72,31.595,35.495,31.0,22633
2023-05-15,32.5,30.985,33.495,30.0,28079
2023-05-16,30.5,26.725,31.0,26.63,29251
2023-05-17,26.5,27.5,28.51495,25.98,56250
2023-05-18,27.92,24.51,27.92,24.5,41772
2023-05-19,24.755,24.115,24.995,22.5,62385
2023-05-22,24.64,26.385,26.995,24.5,23408
2023-05-23,26.5,31.215,31.5,26.14995,29547
2023-05-24,31.36,28.785,31.495,27.205,21802
2023-05-25,28.83,30.465,31.215,27.625,17396
2023-05-26,30.0,30.77,31.435,29.56,12581
2023-05-30,32.0,30.345,32.5,29.925,13263
2023-05-31,30.5,27.5,31.345,27.5,37599
2023-06-01,28.145,28.0,31.5,28.0,24891
2023-06-02,28.0,29.485,29.84,27.5,14199
2023-06-05,29.715,30.245,30.75,29.0,15338
2023-06-06,30.575,30.805,32.985,30.0,32168
2023-06-07,32.5,36.63,38.745,32.005,69568
2023-06-08,38.5,29.7,38.6,28.995,70489
2023-06-09,30.605,28.785,30.89,28.0,25852
2023-06-12,29.095,30.785,31.45,29.0,29745
2023-06-13,31.52,34.21,34.69,30.45,30710
2023-06-14,35.1,37.235,38.0,34.45,30178
2023-06-15,37.5,37.14,40.0,35.505,41709
2023-06-16,38.085,35.0,38.085,34.5,54487
2023-06-20,35.61,36.17,36.5,32.715,22162
2023-06-21,35.5,38.575,38.92,34.5,19753
2023-06-22,38.465,45.36,46.5,36.615,69120
2023-06-23,44.45,44.63,49.99,42.6,221257
2023-06-26,46.0,38.6,46.095,36.5,38999
2023-06-27,38.055,47.505,47.995,38.055,39101
2023-06-28,47.745,44.645,49.995,42.685,30355
2023-06-29,45.5,47.0,48.16,45.0,16344
2023-06-30,48.0,47.925,50.0,46.505,17842
2023-07-03,50.0,50.0,54.0,49.0,28651
2023-07-05,53.0,48.935,53.0,46.005,25313
2023-07-06,49.85,46.21,50.0,46.0,18594
2023-07-07,45.275,47.715,48.51,45.275,14429
2023-07-10,51.0,47.5,51.0,47.055,26420
2023-07-11,47.5,47.5,48.25,46.5,19437
2023-07-12,48.7,56.0,56.5,48.0,41441
2023-07-13,57.5,65.0,72.5,56.5,132071
2023-07-14,69.5,74.0,75.0,65.5,66045
2023-07-17,74.5,94.0,96.5,74.005,123673
2023-07-18,95.0,90.0,97.5,85.5,82801
2023-07-19,91.0,86.0,93.5,81.5,44986
2023-07-20,87.0,77.0,87.0,76.425,49399
2023-07-21,80.0,81.0,85.0,79.0,37806
2023-07-24,82.5,84.0,85.0,76.785,23441
2023-07-25,83.5,94.0,96.25,81.0,64266
2023-07-26,92.5,97.0,97.5,87.5,36445
2023-07-27,97.5,89.5,98.5,88.5,28887
2023-07-28,92.5,97.0,101.495,92.5,41649
2023-07-31,98.5,102.0,108.5,96.5,47446
2023-08-01,103.5,97.5,104.0,96.5,27437
2023-08-02,95.5,93.0,96.0,88.5,26974
2023-08-03,96.5,94.5,97.925,89.0,22745
2023-08-04,94.0,84.5,94.5,82.5,28259
2023-08-07,85.0,72.5,87.5,64.5,71772
2023-08-08,68.0,59.5,69.5,57.0,69517
2023-08-09,61.5,62.5,64.0,55.5,38290
2023-08-10,62.5,59.5,66.0,59.5,16711
2023-08-11,57.5,61.5,62.0,56.535,14292
2023-08-14,60.5,60.5,62.0,59.5,10652
2023-08-15,60.0,60.5,62.0,59.0,12728
2023-08-16,59.5,60.0,63.495,59.5,11256
2023-08-17,60.0,58.0,60.75,57.5,18547
2023-08-18,57.0,58.0,59.5,55.0,12072
2023-08-21,57.0,54.5,59.5,52.0,19830
2023-08-22,54.0,60.0,60.5,53.91,16439
2023-08-23,60.5,62.0,62.0,59.5,10435
2023-08-24,62.0,57.0,62.0,57.0,9858
2023-08-25,59.0,62.5,63.5,58.0,17526
2023-08-28,65.0,62.0,65.0,59.5,8947
2023-08-29,62.0,62.0,62.5,60.0,7937
2023-08-30,62.0,64.0,64.0,61.0,6203
2023-08-31,66.0,63.5,66.0,62.5,8100
2023-09-01,64.5,64.0,65.5,62.0,6069
2023-09-05,62.5,67.75,69.0,62.5,8860
2023-09-06,69.0,71.5,71.5,66.5,12609
2023-09-07,71.0,67.0,71.0,65.005,10101
2023-09-08,67.0,66.0,67.0,62.505,5950
2023-09-11,64.0,64.0,64.0,64.0,101
2023-09-12,64.0,65.0,66.5,62.505,2916
2023-09-13,65.0,63.0,66.5,62.995,4453
2023-09-14,63.0,65.0,66.5,63.0,5658
2023-09-15,64.0,61.0,66.25,61.0,9884
2023-09-18,63.0,60.0,63.0,59.5,8457
2023-09-19,60.5,60.0,61.5,59.0,5281
2023-09-20,60.0,60.0,62.75,60.0,7108
2023-09-21,60.0,60.5,60.995,58.005,5689
2023-09-22,59.5,60.0,61.5,59.0,7731
2023-09-25,57.5,60.0,62.5,57.5,4788
2023-09-26,58.5,61.0,63.0,58.5,5110
2023-09-27,61.0,60.0,62.905,59.5,7872
2023-09-28,60.0,60.0,60.75,59.5,6080
2023-09-29,60.0,62.5,62.5,59.0,8358
2023-10-02,64.0,60.5,64.0,59.5,6181
2023-10-03,59.5,58.0,60.5,57.075,7053
2023-10-04,58.0,59.0,60.5,58.0,8474
2023-10-05,59.0,57.0,60.75,57.0,10066
2023-10-06,57.5,59.5,60.0,54.75,8260
2023-10-09,58.5,60.0,61.5,57.5,4726
2023-10-10,60.0,60.5,61.5,59.5,5395
2023-10-11,59.5,60.0,60.5,59.0,8514
2023-10-12,59.5,60.5,61.0,59.5,3898
2023-10-13,60.5,60.5,60.5,60.0,3440
2023-10-16,59.0,65.5,67.5,58.75,12375
2023-10-17,64.0,59.5,65.0,59.5,7242
2023-10-18,59.0,55.25,61.0,53.5,14573
2023-10-19,54.5,47.015,54.5,45.4084,16326
2023-10-20,47.01,40.0,49.37,39.7,18019
2023-10-23,41.0,40.7,41.0,37.5,15672
2023-10-24,41.0,45.715,46.5,39.195,10898
2023-10-25,46.5,47.245,50.87,46.0,10059
2023-10-26,47.5,45.495,47.5,42.5,4751
2023-10-27,46.0,43.46,48.0,43.25,4975
2023-10-30,42.5,39.805,42.925,39.125,11069
2023-10-31,40.0,39.0,41.52,38.5,6213
2023-11-01,38.455,37.0,39.385,35.0174,12153
2023-11-02,38.5,46.1,47.0,38.00505,18370
2023-11-03,48.59,46.535,48.59,44.14,13417
2023-11-06,46.65,45.005,47.5,44.0,7318
2023-11-07,44.0,44.02,44.765,41.5,4848
2023-11-08,44.5,40.0,50.0,40.0,14534
2023-11-09,40.18,40.49,43.275,40.0,10611
2023-11-10,40.05,37.26,41.0,36.095,23811
2023-11-13,37.655,39.41,40.95,37.565,11278
2023-11-14,42.5,55.0,58.5,42.0,65058
2023-11-15,56.0,49.75,60.345,49.75,20230
2023-11-16,52.0,47.15,57.5,44.5,18506
2023-11-17,45.42,62.5,62.5,45.42,44509
2023-11-20,62.0,58.0,63.0,55.005,17340
2023-11-21,58.5,58.5,59.5,56.0,10832
2023-11-22,57.0,56.5,63.0,53.5,11044
2023-11-24,55.5,59.0,61.5,55.5,7574
2023-11-27,58.5,59.0,61.5,58.5,10241
2023-11-28,57.5,58.5,60.0,57.5,9552
2023-11-29,59.0,59.0,62.0,58.24,12519
2023-11-30,59.5,54.5,60.495,54.5,9354
2023-12-01,55.0,53.0,55.5,51.5,17233
2023-12-04,51.5,53.5,55.0,51.5,6751
2023-12-05,53.5,53.0,54.0,51.5,5182
2023-12-06,52.5,51.5,54.5,50.5,5420
2023-12-07,50.0,47.855,51.0,47.855,6703
2023-12-08,47.5,49.275,51.0,47.5,6582
2023-12-11,48.92,47.09,50.0,45.5,7470
2023-12-12,46.235,43.025,47.0,42.5,7625
2023-12-13,44.5,44.385,45.015,41.0,11376
2023-12-14,44.0,45.925,47.5,44.0,11212
2023-12-15,45.635,45.0,47.5,44.5,9061
2023-12-18,44.505,43.0,45.5,41.5,10492
2023-12-19,43.0,43.93,44.91,43.0,8232
2023-12-20,44.0,42.665,44.5,42.55,6795
2023-12-21,42.685,42.24,44.0,42.24,6670
2023-12-22,43.5,42.5,44.5,41.0,11342
2023-12-26,42.0,44.65,45.0,41.7,19301
2023-12-27,46.0,43.525,46.0,43.415,11738
2023-12-28,42.85,44.28,45.5,42.85,9292
2023-12-29,44.31,44.75,45.5,43.515,9329
2024-01-02,44.5,41.99,45.0,41.505,11742
2024-01-03,41.95,40.0,42.38,39.5,12779
2024-01-04,40.3,40.71,41.74495,40.04,5437
2024-01-05,40.075,37.79,40.23,37.79,12692
2024-01-08,38.85,37.8,38.85,37.055,6437
2024-01-09,37.5,36.6,38.0,35.99,8326
2024-01-10,38.4,35.935,38.4,35.175,7464
2024-01-11,36.5,35.15,36.5,34.545,9298
2024-01-12,35.15,32.225,35.5,32.225,7638
2024-01-16,33.45,32.88,34.55,32.135,9857
2024-01-17,32.5,28.7,33.23,27.51,20473
2024-01-18,30.0,28.95,31.12865,28.0,6611
2024-01-19,29.0,29.505,31.0,28.0,24046
2024-01-22,30.0,30.005,30.875,29.0,45108
2024-01-23,30.345,30.495,31.305,29.6,6243
2024-01-24,31.0,32.33,33.0,30.5,7527
2024-01-25,33.0,34.445,34.7,33.0,5105
2024-01-26,35.0,37.96,38.865,34.855,10295
2024-01-29,38.5,38.95,40.455,36.065,12550
2024-01-30,38.055,38.47,40.765,37.54,7112
2024-01-31,38.07,38.5,39.45,37.5,4010
2024-02-01,38.5,39.51,40.495,37.885,7952
2024-02-02,39.51,38.595,39.51,36.5005,7945
2024-02-05,37.0,34.4,37.32055,32.0,5520
2024-02-06,33.5,35.765,36.375,33.5,3340
2024-02-07,36.0,34.86,36.475,34.0,3891
2024-02-08,34.5,35.45,35.45,34.48,4172
2024-02-09,36.5,35.45,37.5,34.815,3394
2024-02-12,35.0,35.095,35.5,35.0,6950
2024-02-13,36.27,35.0,36.27,34.0,5394
2024-02-14,35.5,34.45,36.0,34.0,4714
2024-02-15,33.95,35.85,36.285,33.95,6947
2024-02-16,35.27,34.13,35.99495,34.025,3489
2024-02-20,34.0,33.365,34.995,32.835,7721
2024-02-21,33.0,32.5,33.87,31.0,4224
2024-02-22,33.945,29.99,33.99,29.0,13199
2024-02-23,30.0,29.845,30.0,28.55,9377
2024-02-26,30.0,30.0,30.5,29.5,2925
2024-02-27,30.0,30.585,30.6,29.505,4709
2024-02-28,29.575,30.45,31.415,29.445,3870
2024-02-29,30.5,31.51,31.51,30.5,3559
2024-03-01,30.5,31.445,33.355,30.5,5226
2024-03-04,31.0,29.5,31.5,29.0,5225
2024-03-05,29.5,29.95,30.0,29.0,2719
2024-03-06,30.5,30.6,31.12,29.735,5497
2024-03-07,31.055,31.24,31.45,31.0,3811
2024-03-08,31.255,32.33,35.24,31.005,9961
2024-03-11,32.5,33.315,35.8995,32.175,8994
2024-03-12,36.0,34.82,36.05,32.89,7544
2024-03-13,35.45,35.65,38.24,35.005,17224
2024-03-14,35.99,36.085,39.475,35.99,10418
2024-03-15,37.43,36.835,37.5,34.03,14976
2024-03-18,36.715,32.88,36.75,32.88,9916
2024-03-19,33.55,35.47,36.205,33.55,5119
2024-03-20,35.0,34.0,35.46995,33.55,3795
2024-03-21,34.95,32.5,35.81,32.5,9400
2024-03-22,37.5,33.5,37.5,30.07125,69585
2024-03-25,35.95,38.5,43.5,35.005,46924
2024-03-26,39.705,36.45,40.53,35.125,20588
2024-03-27,36.5,36.005,37.0,35.5,10273
2024-03-28,36.175,36.84,37.0,36.01,7772
2024-04-01,38.685,44.685,45.0,38.5,24285
2024-04-02,44.0,41.5,44.0,40.66,15098
2024-04-03,41.5,39.95,43.55,38.345,11458
2024-04-04,40.285,38.83,42.34,37.75,12478
2024-04-05,39.5,38.0,40.745,36.845,14601
2024-04-08,38.065,38.25,39.8,36.955,6727
2024-04-09,38.25,37.7,38.49995,37.0,5160
2024-04-10,37.15,35.5,37.495,35.245,6482
2024-04-11,36.0,34.375,37.49995,34.025,10082
2024-04-12,34.55,32.5,34.7,32.5,8017
2024-04-15,32.775,31.0,33.17,30.5,8018
2024-04-16,30.585,30.715,31.99,30.175,5189
2024-04-17,30.75,31.005,31.95,30.175,5857
2024-04-18,30.5,30.75,32.0,30.0,4702
2024-04-19,30.745,30.1,30.995,29.255,6022
2024-04-22,29.38,28.715,29.38,28.34,10208
2024-04-23,28.715,29.85,29.99,28.7,4980
2024-04-24,29.85,30.28,31.0,29.0,6914
2024-04-25,29.5,29.505,30.325,28.5,9000
2024-04-26,28.5,29.04,30.36995,28.5,4772
2024-04-29,28.845,28.0,29.485,28.0,6860
2024-04-30,27.985,27.25,28.495,27.25,5032
2024-05-01,27.475,27.51,28.1,27.375,2977
2024-05-02,27.55,28.55,29.0,27.52,2885
2024-05-03,29.065,30.475,30.5,29.065,5894
2024-05-06,30.995,30.305,31.215,30.0,7530
2024-05-07,30.0,28.585,30.1875,28.03,6331
2024-05-08,28.95,28.22,29.0,28.025,2829
2024-05-09,28.5,28.0,29.0,27.725,4468
2024-05-10,28.5,26.665,28.5,26.65,5739
2024-05-13,25.15,27.01,27.5,25.15,19019
2024-05-14,29.0,27.645,29.5,26.97,20910
2024-05-15,28.0,27.0,28.5,26.26,16604
2024-05-16,27.5,27.5,28.3453,26.55,16060
2024-05-17,27.475,27.47,28.54,26.75,8813
2024-05-20,27.5,26.505,27.5,26.25,7601
2024-05-21,26.265,25.815,26.93995,25.615,7359
2024-05-22,25.815,26.01,26.245,25.63,5283
2024-05-23,26.01,25.6,26.25245,25.6,4008
2024-05-24,25.5,25.38,26.45,25.1,5201
2024-05-28,25.56,25.0,26.0,24.94,11272
2024-05-29,24.765,25.745,25.885,24.75,3379
2024-05-30,25.3,25.285,26.0,25.0,3969
2024-05-31,25.31,26.625,27.785,25.29,25301
2024-06-03,26.255,28.5,28.5,25.5,11337
2024-06-04,27.5,25.5,27.5,25.25,13269
2024-06-05,25.25,25.175,25.695,25.0,12733
2024-06-06,25.0,22.955,26.175,22.5,16965
2024-06-07,23.0,23.68,24.23,23.0,6482
2024-06-10,24.15,24.035,24.25,23.68,7075
2024-06-11,24.0,24.85,24.85,23.99,4050
2024-06-12,25.17,24.86,25.935,24.625,3641
2024-06-13,24.05,24.41,25.08,23.25,6293
2024-06-14,24.5,24.25,25.16,23.5,6669
2024-06-17,23.575,21.8,24.625,21.565,12603
2024-06-18,21.8,18.345,22.0,18.255,19009
2024-06-20,18.615,19.105,20.29,18.615,7489
2024-06-21,19.5,18.845,20.0,18.15,11637
2024-06-24,19.0,18.195,19.48,17.53755,10502
2024-06-25,18.425,18.085,19.5,18.0,13052
2024-06-26,18.95,18.055,19.0,18.0,6380
2024-06-27,18.5,18.55,18.96,18.25,9833
2024-06-28,18.5,16.055,19.0,16.05,10391
2024-07-01,15.575,14.85,16.0,10.16,18913
2024-07-02,14.5,14.855,15.145,14.5,7106
2024-07-03,14.45,16.0,16.065,14.095,9467
2024-07-05,16.205,16.21,17.405,16.09,7399
2024-07-08,16.0,17.24,17.705,16.0,8275
2024-07-09,17.5,17.775,18.125,17.435,6626
2024-07-10,17.5,15.625,17.5,15.08,13357
2024-07-11,16.0,15.66,16.59655,15.63,10480
2024-07-12,15.655,16.875,17.09,15.655,10411
2024-07-15,16.5,16.45,17.0,16.355,7040
2024-07-16,16.5,15.8,16.755,15.115,34169
2024-07-17,15.795,15.7,15.91,15.0,16161
2024-07-18,16.0,14.2,16.5,14.2,17706
2024-07-19,12.0,7.455,12.4,6.2,472573
2024-07-22,7.5,8.0,8.075,7.13,133315
2024-07-23,7.85,7.5,7.95,7.32,81644
2024-07-24,7.35,6.78,7.505,6.755,148229
2024-07-25,6.87,7.65,7.915,6.87,172270
2024-07-26,7.675,8.02,8.105,7.58,122406
2024-07-29,7.85,7.435,7.85,7.055,96563
2024-07-30,7.395,6.53,7.4,6.255,142733
2024-07-31,6.575,6.915,7.0,6.255,66266
2024-08-01,6.905,6.275,7.0,6.255,51850
2024-08-02,6.355,5.58,6.4,5.355,102254
2024-08-05,5.05,5.06,5.275,4.995,94976
2024-08-06,5.25,4.715,5.255,4.65,84090
2024-08-07,4.775,3.995,4.775,3.86,151237
2024-08-08,4.1,4.28,4.33,3.56,202004
2024-08-09,4.4,4.89,8.2,4.315,2120329
2024-08-12,5.16,4.535,5.365,4.45,333544
2024-08-13,4.1,3.985,4.5,3.885,244450
2024-08-14,4.025,3.6,4.04,3.55,296057
2024-08-15,3.775,3.73,4.45,3.575,530758
2024-08-16,3.7,2.695,3.725,2.5,660881
2024-08-19,2.94,3.0,3.25,2.8,361150
2024-08-20,3.09,3.26,3.74,3.0,456103
2024-08-21,3.1,3.145,3.195,2.9,243427
2024-08-22,3.115,3.0,3.25,2.95,318664
2024-08-23,3.12,3.25,4.39,3.055,1202895
2024-08-26,3.445,4.15,5.385,3.16,1984124
2024-08-27,4.245,3.725,4.345,3.7,344715
2024-08-28,3.7,3.35,3.8,3.27,274568
2024-08-29,3.4,3.17,3.455,3.12,160640
2024-08-30,3.18,3.15,3.25,3.075,135587
2024-09-03,3.345,3.09,3.345,2.995,163046
2024-09-04,3.09,3.25,3.25,2.95,125527
2024-09-05,3.125,3.2,3.24,3.115,80748
2024-09-06,3.455,3.25,3.625,3.2,342665
2024-09-09,2.825,2.665,2.835,2.5,318522
2024-09-10,2.595,2.705,2.795,2.595,129082
2024-09-11,2.56,2.52,2.67,2.2001,182359
2024-09-12,2.52,2.29,2.53,2.29,252891
2024-09-13,2.31,2.25,2.3499,2.12,153573
