2023-09-22,25.07,24.9894,25.07,24.9894,7002
2023-09-25,24.98,24.9958,25.04,24.98,1663
2023-09-26,24.89,24.805,24.9,24.805,1146
2023-09-27,24.98,24.98,24.98,24.98,2
2023-09-28,24.75,24.7927,24.7927,24.7275,245
2023-09-29,24.76,24.7173,24.78,24.7173,380
2023-10-02,24.7332,24.7332,24.7332,24.7332,200
2023-10-03,24.6802,24.6802,24.6802,24.6802,132
2023-10-04,24.65,24.63,24.65,24.63,250
2023-10-05,24.765,24.8,24.86,24.7514,944
2023-10-06,25.0269,25.0269,25.0269,25.0269,11
2023-10-09,24.7089,24.7089,24.7089,24.7089,4
2023-10-10,25.05,24.9999,25.05,24.9999,281
2023-10-11,25.04,25.0499,25.05,25.0299,816
2023-10-12,24.8643,24.8643,24.8643,24.8643,0
2023-10-13,25.11,24.99,25.11,24.99,706
2023-10-16,25.1,25.1537,25.1537,25.0999,328
2023-10-17,25.26,25.255,25.27,25.25,987
2023-10-18,25.24,24.8697,25.24,24.8697,2044
2023-10-19,25.0599,25.0599,25.0599,25.0599,0
2023-10-20,24.875,24.8396,24.875,24.8396,122
2023-10-23,24.49,24.4897,24.49,24.4897,449
2023-10-24,24.59,24.5437,24.59,24.5437,368
2023-10-25,24.31,24.2405,24.45,24.2405,932
2023-10-26,24.0081,24.0081,24.0081,24.0081,100
2023-10-27,24.2494,24.2494,24.2494,24.2494,0
2023-10-30,24.4086,24.4086,24.4086,24.4086,190
2023-10-31,24.2252,25.38,25.38,24.2252,71655
2023-11-01,24.65,24.63,24.65,24.31,27552
2023-11-02,24.77,24.77,24.77,24.77,568
2023-11-03,24.9223,24.9223,24.9223,24.9223,0
2023-11-06,25.0,24.9505,25.01,24.9505,345
2023-11-07,25.1221,25.1221,25.1221,25.1221,5
2023-11-08,25.2847,25.2847,25.2847,25.2847,5
2023-11-09,25.1706,25.1706,25.1706,25.1706,7
2023-11-10,25.35,25.4304,25.48,25.35,2246
2023-11-13,25.3293,25.3293,25.3293,25.3293,65
2023-11-14,25.685,25.7301,25.74,25.685,1150
2023-11-15,25.73,25.6199,25.73,25.6199,581
2023-11-16,25.75,25.6751,25.75,25.6751,200
2023-11-17,25.7488,25.7371,25.76,25.7,86893
2023-11-20,25.8,25.7689,25.82,25.7689,650
2023-11-21,25.7301,25.7301,25.7301,25.7301,21
2023-11-22,25.7699,25.6806,25.7699,25.6806,549
2023-11-24,25.705,25.7051,25.7051,25.705,105
2023-11-27,25.79,25.73,25.79,25.73,1321
2023-11-28,25.95,25.9007,25.98,25.9007,4291
2023-11-29,25.9843,25.9843,25.9843,25.9843,0
2023-11-30,26.289,26.2699,26.289,26.2699,105
2023-12-01,26.2645,26.4439,26.4439,26.2645,2876
2023-12-04,26.6113,26.6592,26.67,26.6113,574
2023-12-05,26.6352,26.6352,26.6352,26.6352,114
2023-12-06,26.78,26.625,26.78,26.625,408
2023-12-07,26.75,26.6883,26.805,26.6883,1740
2023-12-08,26.63,26.6176,26.63,26.6176,315
2023-12-11,26.695,26.715,26.7797,26.695,494
2023-12-12,26.5,26.5403,26.5403,26.5,284
2023-12-13,26.5087,26.7532,26.7532,26.5087,653
2023-12-14,27.15,27.0883,27.15,27.0,2751
2023-12-15,27.0993,27.0993,27.0993,27.0993,168
2023-12-18,27.34,27.26,27.34,27.1947,1648
2023-12-19,27.4013,27.3751,27.46,27.3751,5673
2023-12-20,27.03,26.7453,27.03,26.7453,12317
2023-12-21,26.95,27.0749,27.0749,26.95,134
2023-12-22,26.95,26.9442,27.02,26.882,997
2023-12-26,26.975,26.975,26.975,26.975,54
2023-12-27,27.19,27.1154,27.34,27.1154,4711
2023-12-28,27.2199,27.1553,27.2199,27.1553,2146
2023-12-29,27.11,27.0346,27.12,27.0346,733
2024-01-02,27.06,26.9778,27.06,26.9778,911
2024-01-03,27.0316,27.0316,27.0316,27.0316,10
2024-01-04,27.38,27.2848,27.42,27.2848,1636
2024-01-05,27.4043,27.4043,27.4043,27.4043,26
2024-01-08,27.22,27.3159,27.38,27.2125,2118
2024-01-09,27.1223,27.115,27.1223,27.0701,610
2024-01-10,27.3,27.26,27.3,27.26,106
2024-01-11,27.48,27.5175,27.5175,27.45,354
2024-01-12,27.9309,27.8796,27.9309,27.8796,649
2024-01-16,28.0,27.5902,28.0,27.5,3282
2024-01-17,27.165,27.1749,27.1749,27.165,307
2024-01-18,27.19,27.1875,27.19,27.1763,4362
2024-01-19,27.635,27.635,27.635,27.635,68
2024-01-22,27.7349,27.748,27.748,27.7349,3364
2024-01-23,27.22,27.0284,27.23,26.97,2603
2024-01-24,27.3799,27.317,27.3799,27.2901,1117
2024-01-25,27.5,27.4821,27.5,27.4213,563
2024-01-26,27.475,27.5152,27.5152,27.475,383
2024-01-29,27.83,27.9348,27.9348,27.83,872
2024-01-30,27.52,27.7051,27.7051,27.52,462
2024-01-31,27.93,27.9149,28.1,27.9149,957
2024-02-01,28.0,28.0802,28.1,27.9166,2987
2024-02-02,27.895,28.0143,28.0143,27.895,390
2024-02-05,27.842,27.8784,27.9086,27.842,816
2024-02-06,28.205,28.2026,28.2495,28.12,1875
2024-02-07,29.1,28.265,29.1,28.2216,3665
2024-02-08,27.895,27.8851,27.895,27.875,470
2024-02-09,28.015,28.03,28.04,28.015,231
2024-02-12,27.6557,27.6447,27.6586,27.5832,3183
2024-02-13,27.48,27.3664,27.48,27.34,744
2024-02-14,28.005,28.005,28.05,28.005,568
2024-02-15,28.79,28.2927,28.79,28.2,4123
2024-02-16,28.46,28.465,28.465,28.39,771
2024-02-20,28.62,28.66,28.66,28.5811,2420
2024-02-21,28.37,28.3541,28.37,28.3,483
2024-02-22,28.58,28.657,28.679,28.58,4164
2024-02-23,28.7999,28.755,28.8,28.735,7663
2024-02-26,28.9,28.6216,28.9,28.6177,2768
2024-02-27,28.63,28.595,28.63,28.5113,4099
2024-02-28,28.15,28.1713,28.21,28.1035,1927
2024-02-29,28.41,28.3521,28.41,28.3521,624
2024-03-01,28.88,28.8527,28.9,28.7901,2262
2024-03-04,31.76,28.8338,28.8338,28.78,598
2024-03-05,28.62,28.6737,28.6837,28.62,3342
2024-03-06,29.42,28.5957,29.42,28.555,5003
2024-03-07,28.78,28.7275,28.78,28.7275,354
2024-03-08,28.81,28.74,28.825,28.74,1059
2024-03-11,28.24,28.3272,28.3272,28.24,2099
2024-03-12,28.05,28.06,28.09,28.05,705
2024-03-13,27.47,27.38,27.47,27.32,6609
2024-03-14,27.61,27.49,27.61,27.43,3387
2024-03-15,27.5148,27.5148,27.5148,27.5148,43
2024-03-18,27.5727,27.6016,27.66,27.5727,4101
2024-03-19,27.3485,27.3485,27.3485,27.3485,335
2024-03-20,27.46,27.5468,27.6,27.46,1611
2024-03-21,27.79,27.74,27.79,27.705,608
2024-03-22,27.6605,27.6605,27.6605,27.6605,65
2024-03-25,27.68,27.635,27.68,27.635,3403
2024-03-26,27.77,27.75,27.77,27.73,1639
2024-03-27,28.0299,27.99,28.05,27.99,1245
2024-03-28,28.2699,28.2054,28.2699,28.157,3139
2024-04-01,28.32,28.205,28.39,28.184,1632
2024-04-02,28.2301,28.2598,28.2598,28.2301,197
2024-04-03,28.41,28.4084,28.41,28.4084,232
2024-04-04,28.51,28.3613,28.5201,28.3613,3144
2024-04-05,28.6408,28.6408,28.6408,28.6408,47
2024-04-08,28.7526,28.75,28.7778,28.75,1304
2024-04-09,28.77,28.7527,28.79,28.64,2889
2024-04-10,28.5557,28.5557,28.5557,28.5557,15
2024-04-11,28.54,28.565,28.6382,28.4383,1480
2024-04-12,28.44,28.2232,28.44,28.15,1690
2024-04-15,28.11,28.0533,28.11,28.04,961
2024-04-16,28.05,28.0976,28.0976,28.05,1093
2024-04-17,28.1,28.03,28.105,28.03,1514
2024-04-18,27.92,28.015,28.095,27.92,1831
2024-04-19,28.25,28.215,28.25,28.215,315
2024-04-22,28.6378,28.5987,28.6378,28.5964,512
2024-04-23,28.64,28.6809,28.6809,28.64,2001
2024-04-24,28.58,28.6074,28.6099,28.58,437
2024-04-25,28.66,28.7229,28.78,28.66,2071
2024-04-26,28.695,28.705,28.705,28.64,588
2024-04-29,28.85,28.89,28.89,28.85,952
2024-04-30,29.0099,28.87,29.01,28.87,680
2024-05-01,28.86,28.9086,29.0399,28.86,561
2024-05-02,29.0647,29.1978,29.1978,29.0647,829
2024-05-03,29.1418,29.1418,29.1418,29.1418,10
2024-05-06,28.7686,28.7729,28.78,28.75,1784
2024-05-07,28.3006,28.4063,28.4899,28.3006,13227
2024-05-08,28.47,28.4467,28.5,28.4467,1083
2024-05-09,28.26,28.165,28.26,28.06,2712
2024-05-10,28.135,28.1,28.135,28.0501,5030
2024-05-13,28.36,28.23,28.36,28.23,5601
2024-05-14,28.4102,28.4102,28.4102,28.4102,23
2024-05-15,28.52,28.535,28.5509,28.5,1607
2024-05-16,28.655,28.645,28.655,28.6375,1202
2024-05-17,28.91,28.89,29.0041,28.89,745
2024-05-20,28.96,28.99,29.0513,28.96,907
2024-05-21,28.9099,28.8355,28.9099,28.8355,579
2024-05-22,28.8207,28.8263,28.87,28.7993,953
2024-05-23,29.18,29.045,29.18,29.045,1223
2024-05-24,29.205,29.205,29.205,29.205,94
2024-05-28,29.02,28.8926,29.02,28.8926,1735
2024-05-29,28.76,28.7598,28.7889,28.7061,1743
2024-05-30,28.56,28.5993,28.5993,28.55,596
2024-05-31,28.5999,28.6777,28.6777,28.5999,1119
2024-06-03,29.56,29.61,29.73,29.5,7462
2024-06-04,27.66,27.7573,27.7573,27.435,10978
2024-06-05,28.48,28.6074,28.6074,28.42,4468
2024-06-06,28.91,28.93,28.99,28.8701,4466
2024-06-07,29.27,29.18,29.32,29.18,1310
2024-06-10,29.51,29.4509,29.51,29.4509,299
2024-06-11,29.4977,29.4977,29.4977,29.4977,172
2024-06-12,29.8,29.82,29.94,29.8,578
2024-06-13,29.96,29.93,30.02,29.93,1994
2024-06-14,30.34,30.26,30.35,30.26,1749
2024-06-17,30.24,30.3391,30.3391,30.24,1925
2024-06-18,30.38,30.4638,30.4638,30.34,1523
2024-06-20,30.14,30.1938,30.24,30.12,1307
2024-06-21,30.17,30.1852,30.1852,30.12,611
2024-06-24,30.36,30.44,30.51,30.36,1303
2024-06-25,30.57,30.59,30.69,30.57,1873
2024-06-26,30.6549,30.6549,30.6549,30.6549,53
2024-06-27,30.9,30.9283,30.9799,30.86,2605
2024-06-28,30.75,30.6949,30.765,30.62,68949
2024-07-01,31.22,31.1,31.22,31.1,1252
2024-07-02,30.965,31.005,31.01,30.94,2358
2024-07-03,31.15,31.11,31.15,31.11,200
2024-07-05,31.27,31.26,31.27,31.19,7475
2024-07-08,31.0991,31.089,31.14,31.089,1394
2024-07-09,31.185,31.1962,31.1962,31.1517,1005
2024-07-10,31.13,31.1108,31.335,31.0667,4138
2024-07-11,31.218,31.2278,31.25,31.218,1535
2024-07-12,31.35,31.3858,31.3858,31.35,385
2024-07-15,31.47,31.4237,31.47,31.41,17875
2024-07-16,31.485,31.5462,31.5462,31.485,607
2024-07-17,31.43,31.36,31.48,31.36,1008
2024-07-18,31.48,31.3298,31.5,31.3298,3671
2024-07-19,31.12,30.755,31.2,30.755,12500
2024-07-22,31.27,31.025,31.27,31.01,3248
2024-07-23,31.58,30.9585,31.58,30.9,4183
2024-07-24,30.95,30.8571,31.1,30.81,4969
2024-07-25,30.96,30.9011,30.96,30.81,3858
2024-07-26,31.31,31.4091,31.48,31.31,2293
2024-07-29,31.45,31.2816,31.45,31.2,12025
2024-07-30,31.41,31.2801,31.41,31.2801,406
2024-07-31,31.33,31.4076,31.45,31.33,1526
2024-08-01,31.36,31.1504,31.37,31.1504,1502
2024-08-02,31.24,31.1215,31.24,31.075,1294
2024-08-05,30.04,30.3096,30.43,30.04,9872
2024-08-06,30.01,30.2385,30.34,30.01,6863
2024-08-07,30.76,30.5045,30.82,30.5045,2779
2024-08-08,30.7474,30.9252,30.9252,30.7474,517
2024-08-09,30.713,30.8971,30.8971,30.713,260
2024-08-12,30.93,30.9454,30.95,30.93,532
2024-08-13,30.8199,30.7584,30.8199,30.7584,173
2024-08-14,30.69,30.6437,30.69,30.6437,1233
2024-08-15,30.95,31.0082,31.0082,30.95,277
2024-08-16,31.22,31.3128,31.3128,31.18,10532
2024-08-19,31.5,31.4839,31.5,31.42,2821
2024-08-20,31.62,31.5331,31.63,31.5331,213268
2024-08-21,31.69,31.8184,31.82,31.69,519
2024-08-22,31.65,31.6577,31.71,31.65,275
2024-08-23,31.68,31.89,31.9,31.68,6922
2024-08-26,31.97,31.862,31.97,31.862,785
2024-08-27,31.985,32.005,32.005,31.93,860
2024-08-28,31.95,32.0236,32.059,31.95,1959
2024-08-29,32.02,31.935,32.02,31.935,1038
2024-08-30,32.18,32.1805,32.1805,32.1701,956
2024-09-03,32.83,32.1894,32.83,32.1894,771
2024-09-04,32.2542,32.2556,32.2556,32.22,1101
2024-09-05,32.165,32.0833,32.165,32.0833,334
2024-09-06,32.09,31.7376,32.09,31.7376,934
2024-09-09,31.97,32.0169,32.12,31.97,599
2024-09-10,32.06,32.1739,32.1739,32.06,293
2024-09-11,32.1,32.2363,32.25,31.86,2692
2024-09-12,32.39,32.4451,32.49,32.39,695
2024-09-13,32.6751,32.6751,32.6751,32.6751,57
