2024-03-11,10.05,10.03,10.05,10.03,351829
2024-03-12,10.03,10.035,10.04,10.03,131591
2024-03-13,10.0312,10.02,10.0312,10.02,28402
2024-03-14,10.03,10.04,10.04,10.02,220599
2024-03-15,10.04,10.05,10.05,10.04,71852
2024-03-18,10.06,10.07,10.07,10.03,440250
2024-03-19,10.05,10.06,10.06,10.05,2707
2024-03-20,10.06,10.06,10.07,10.06,107506
2024-03-21,10.07,10.05,10.07,10.045,226625
2024-03-22,10.06,10.06,10.06,10.0599,8117
2024-03-25,10.06,10.06,10.06,10.05,8079
2024-03-26,10.06,10.05,10.06,10.05,57148
2024-04-01,10.04,10.06,10.07,10.04,142575
2024-04-02,10.0611,10.07,10.07,10.0611,103585
2024-04-04,10.07,10.069,10.07,10.06,63378
2024-04-05,10.065,10.06,10.065,10.06,23480
2024-04-08,10.07,10.07,10.07,10.07,33479
2024-04-09,10.065,10.06,10.065,10.06,6524
2024-04-10,10.0681,10.07,10.075,10.0681,146408
2024-04-11,10.08,10.07,10.08,10.07,40071
2024-04-12,10.0714,10.085,10.09,10.07,40184
2024-04-15,10.09,10.09,10.1,10.08,65333
2024-04-16,10.09,10.095,10.0989,10.09,29943
2024-04-17,10.09,10.095,10.1,10.09,102787
2024-04-19,10.1,10.1,10.11,10.1,767
2024-04-22,10.09,10.09,10.0999,10.09,3522
2024-04-23,10.09,10.0902,10.0902,10.09,2974
2024-04-24,10.1,10.1,10.1,10.1,4560
2024-04-25,10.09,10.09,10.0953,10.09,936
2024-04-26,10.09,10.09,10.09,10.09,100
2024-04-29,10.1,10.11,10.11,10.095,129571
2024-04-30,10.09,10.09,10.09,10.09,4984
2024-05-06,10.1,10.1,10.1,10.1,646
2024-05-07,10.11,10.0938,10.11,10.09,7504
2024-05-09,10.1081,10.11,10.11,10.1081,239
2024-05-13,10.11,10.1,10.11,10.1,5086
2024-05-14,10.09,10.09,10.09,10.09,100001
2024-05-15,10.09,10.09,10.09,10.09,100500
2024-05-16,10.09,10.09,10.09,10.09,1629
2024-05-21,10.11,10.1,10.11,10.1,10555
2024-05-22,10.11,10.11,10.11,10.1099,10628
2024-05-23,10.12,10.12,10.12,10.12,73822
2024-05-29,10.12,10.12,10.1233,10.12,176028
2024-05-30,10.1232,10.12,10.1232,10.12,2700
2024-06-03,10.13,10.14,10.14,10.1299,102284
2024-06-04,10.13,10.13,10.135,10.12,12178
2024-06-05,10.13,10.12,10.13,10.12,117252
2024-06-06,10.13,10.12,10.13,10.12,253
2024-06-07,10.13,10.13,10.13,10.13,345
2024-06-11,10.13,10.13,10.13,10.13,105
2024-06-14,10.13,10.13,10.13,10.13,126
2024-06-17,10.13,10.13,10.13,10.13,652
2024-06-18,10.14,10.13,10.14,10.13,1519
2024-06-20,10.14,10.14,10.14,10.14,101
2024-06-21,10.14,10.16,10.16,10.13,18855
2024-06-24,10.15,10.18,10.18,10.15,10167
2024-06-25,10.18,10.19,10.19,10.18,2201
2024-06-26,10.2,10.22,10.22,10.2,2916
2024-06-27,10.2,10.21,10.21,10.2,1111
2024-06-28,10.16,10.16,10.16,10.1599,11359
2024-07-01,10.17,10.17,10.18,10.17,320976
2024-07-02,10.17,10.16,10.17,10.16,16049
2024-07-03,10.165,10.17,10.17,10.16,179167
2024-07-05,10.17,10.17,10.17,10.16,32645
2024-07-08,10.16,10.16,10.165,10.16,24015
2024-07-09,10.16,10.16,10.16,10.16,21286
2024-07-10,10.16,10.16,10.16,10.16,21373
2024-07-11,10.16,10.16,10.16,10.16,27650
2024-07-12,10.16,10.16,10.16,10.15,10649
2024-07-15,10.16,10.15,10.16,10.15,29900
2024-07-16,10.16,10.16,10.16,10.16,11077
2024-07-17,10.155,10.16,10.16,10.15,26164
2024-07-18,10.15,10.17,10.17,10.15,20555
2024-07-19,10.18,10.18,10.18,10.18,10400
2024-07-22,10.19,10.18,10.19,10.18,3774
2024-07-23,10.185,10.18,10.19,10.18,4794
2024-07-24,10.19,10.2,10.2,10.19,7257
2024-07-25,10.2,10.18,10.2,10.18,2680
2024-07-26,10.2073,10.22,10.22,10.2073,3058
2024-07-29,10.22,10.23,10.23,10.22,514
2024-07-30,10.22,10.23,10.23,10.22,1594
2024-08-01,10.24,10.24,10.24,10.24,25160
2024-08-02,10.24,10.24,10.24,10.24,1906
2024-08-06,10.23,10.23,10.23,10.23,137
2024-08-07,10.23,10.23,10.24,10.21,137927
2024-08-08,10.23,10.21,10.23,10.21,103530
2024-08-14,10.22,10.22,10.22,10.22,102
2024-08-15,10.22,10.22,10.22,10.22,1653
2024-08-20,10.23,10.23,10.23,10.23,601
2024-08-23,10.24,10.25,10.25,10.24,64527
2024-08-27,10.24,10.24,10.24,10.24,25000
2024-08-28,10.24,10.24,10.24,10.24,876
2024-09-03,10.25,10.25,10.25,10.25,1037
2024-09-05,10.26,10.25,10.26,10.25,653
2024-09-06,10.26,10.27,10.27,10.26,13384
2024-09-09,10.27,10.28,10.28,10.27,57636
2024-09-10,10.3,10.31,10.31,10.3,101505
2024-09-11,10.3,10.29,10.34,10.29,16201
2024-09-12,10.33,10.33,10.33,10.33,571
2024-09-13,10.33,10.33,10.33,10.33,662
2024-09-18,10.35,10.33,10.35,10.3,1104
2024-09-19,10.33,10.34,10.35,10.31,2869
2024-09-20,10.36,10.33,10.36,10.33,1973
2024-09-23,10.35,10.34,10.36,10.34,2440
2024-09-24,10.34,10.335,10.34,10.335,113320
2024-09-25,10.33,10.33,10.33,10.33,525
2024-09-27,10.34,10.34,10.34,10.34,1345
2024-09-30,10.34,10.34,10.34,10.34,431
2024-10-01,10.35,10.35,10.35,10.35,462
2024-10-02,10.335,10.335,10.335,10.335,76428
2024-10-03,10.33,10.33,10.33,10.33,5010
2024-10-04,10.325,10.33,10.33,10.325,8232
2024-10-07,10.34,10.34,10.34,10.34,5400
2024-10-10,10.35,10.17,10.35,10.17,30140
2024-10-11,10.31,10.16,10.31,10.16,5659
2024-10-14,10.31,10.31,10.31,10.31,167
2024-10-16,10.33,10.33,10.33,10.33,1295
2024-10-17,10.33,10.335,10.335,10.33,991
2024-10-22,10.34,10.34,10.34,10.34,400
2024-10-23,10.335,10.37,10.37,10.335,6145
2024-10-24,10.42,10.42,10.42,10.42,2201
2024-10-28,10.4,10.37,10.4,10.37,1094
2024-11-05,10.39,10.38,10.4,10.38,12378
2024-11-18,10.36,10.38,10.38,10.36,754
2024-11-25,10.39,10.39,10.39,10.38,5561
2024-11-29,10.405,10.4,10.405,10.4,387
2024-12-02,10.4,10.4,10.4,10.4,74714
2024-12-03,10.4,10.4,10.4,10.4,8909
2024-12-04,10.395,10.4,10.4,10.395,1326
2024-12-06,10.4,10.4,10.405,10.4,30045
2024-12-12,10.405,10.405,10.405,10.405,150000
2024-12-13,10.42,10.42,10.42,10.42,5012
2024-12-16,10.42,10.42,10.425,10.42,79676
2024-12-17,10.42,10.42,10.42,10.42,520
2024-12-20,10.425,10.45,10.45,10.425,15906
2024-12-23,10.5,10.45,10.5,10.45,2514
2024-12-24,10.421,10.42,10.421,10.42,484
2025-01-03,10.45,10.43,10.45,10.43,120054
2025-01-06,10.43,10.43,10.431,10.43,7467
2025-01-07,10.46,10.44,10.46,10.44,6763
2025-01-08,10.48,10.48,10.48,10.48,1199
2025-01-10,10.5,10.49,10.5,10.49,321
2025-01-13,10.5,10.5,10.5,10.5,1077
2025-01-16,10.52,10.52,10.52,10.52,249
2025-01-22,10.54,10.58,10.58,10.54,18908
2025-01-23,10.56,10.56,10.56,10.56,10212
2025-01-27,10.59,10.59,10.59,10.56,789
2025-01-28,10.58,10.58,10.58,10.58,150
2025-02-03,10.52,10.5655,10.5655,10.52,536
2025-02-04,10.6,10.6,10.6,10.6,1002
2025-02-05,10.64,10.64,10.64,10.64,1030
2025-02-06,10.63,10.63,10.63,10.63,1057
2025-02-07,10.6,10.6,10.6,10.6,165002
2025-02-10,10.58,10.58,10.58,10.58,447
2025-02-11,10.62,10.62,10.62,10.62,1520
2025-02-12,10.6,10.6,10.6,10.6,163556
2025-02-13,10.6,10.58,10.6,10.58,205264
2025-02-20,10.6,10.6,10.6,10.6,65395
2025-02-21,10.68,10.68,10.68,10.68,895
2025-03-04,10.64,10.63,10.64,10.63,457
2025-03-05,10.61,10.6197,10.6197,10.61,4942
2025-03-07,10.63,10.65,10.65,10.63,20019
2025-03-10,10.69,10.69,10.7,10.69,3477
2025-03-17,10.72,10.6639,10.72,10.6639,1450
2025-03-18,10.65,10.65,10.65,10.65,3086
2025-03-19,10.72,10.72,10.72,10.72,180
