2018-06-21,20.0,17.75,20.48,16.74,1716673
2018-06-22,17.81,17.79,18.3,17.605,191482
2018-06-25,17.44,17.15,17.7,16.751,147529
2018-06-26,17.2,17.71,18.0,17.076,115438
2018-06-27,17.93,17.23,17.93,16.0033,63348
2018-06-28,17.73,17.2,17.73,16.2333,17354
2018-06-29,17.4,17.3,17.785,17.05,28492
2018-07-02,17.21,17.26,17.78,17.06,37412
2018-07-03,17.3,17.21,18.5,17.1443,32009
2018-07-05,17.3,17.25,17.755,17.05,53372
2018-07-06,17.6965,17.2,17.6973,17.2,19417
2018-07-09,17.45,17.21,17.5,17.2,16309
2018-07-10,17.051,17.44,17.45,17.05,79756
2018-07-11,17.375,17.13,17.49,17.015,22057
2018-07-12,17.49,16.5,17.49,16.15,54026
2018-07-13,16.27,15.8,16.7,14.77,144598
2018-07-16,16.03,16.15,16.38,15.105,94798
2018-07-17,16.42,15.92,16.42,15.36,67900
2018-07-18,16.4,16.66,17.5,16.015,71470
2018-07-19,16.54,16.5,17.2,15.94,43059
2018-07-20,16.39,16.13,16.7726,15.94,25264
2018-07-23,16.39,16.05,16.55,16.0,19978
2018-07-24,16.1,16.0,16.34,16.0,248244
2018-07-25,16.06,16.0,16.54,15.38,141911
2018-07-26,16.11,15.56,16.6194,15.2739,108158
2018-07-27,15.84,15.5,16.215,15.3,17018
2018-07-30,15.6088,15.5,16.5,15.345,15917
2018-07-31,15.35,16.31,16.67,15.25,20647
2018-08-01,16.74,15.62,16.74,15.6,33314
2018-08-02,15.85,16.22,16.75,15.42,12063
2018-08-03,16.22,16.3,16.645,15.8,7021
2018-08-06,16.41,16.29,16.41,15.7061,6047
2018-08-07,16.42,15.99,16.5,15.88,29896
2018-08-08,16.35,16.49,16.5,15.9,73166
2018-08-09,16.245,16.4,16.7,15.7161,9940
2018-08-10,15.81,16.7,16.99,15.6,6065
2018-08-13,16.51,16.11,16.7,16.025,7179
2018-08-14,16.11,16.7,16.899,16.11,58288
2018-08-15,17.0,16.545,17.1552,16.545,18878
2018-08-16,16.72,16.7,17.3,16.11,5865
2018-08-17,16.62,16.8,17.28,16.62,4920
2018-08-20,16.75,16.5,17.21,16.25,16081
2018-08-21,16.6961,16.85,16.97,16.64,6416
2018-08-22,16.76,16.27,16.95,16.11,12799
2018-08-23,16.27,16.7,16.96,16.27,5753
2018-08-24,16.8,17.3,17.3,16.515,33087
2018-08-27,17.4,17.2,17.65,16.81,21588
2018-08-28,17.25,17.15,17.56,16.95,16300
2018-08-29,17.11,17.18,17.56,17.08,6827
2018-08-30,17.15,17.55,17.6,16.64,28008
2018-08-31,17.53,17.27,18.5,16.87,121555
2018-09-04,17.24,17.04,18.0,16.75,73240
2018-09-05,17.1,17.0,18.0,16.75,37441
2018-09-06,16.91,18.3,18.37,16.91,45639
2018-09-07,18.3,18.76,19.5,17.6656,62278
2018-09-10,19.07,18.41,19.34,18.02,92614
2018-09-11,18.48,19.25,19.725,18.06,81316
2018-09-12,19.36,20.66,21.34,18.55,76020
2018-09-13,20.93,19.8,21.21,18.56,32875
2018-09-14,19.7,20.49,20.79,19.0,58157
2018-09-17,20.63,19.84,20.7,19.325,37918
2018-09-18,19.73,20.03,20.36,18.3561,33802
2018-09-19,19.89,19.34,20.83,19.01,37942
2018-09-20,19.39,20.03,20.7,19.0691,50180
2018-09-21,20.22,19.64,20.35,19.1994,515059
2018-09-24,19.77,20.41,20.58,19.77,18536
2018-09-25,20.59,20.48,20.995,20.0,44188
2018-09-26,20.6126,19.92,20.6832,19.5,12980
2018-09-27,19.99,20.65,21.03,19.805,25810
2018-09-28,20.73,21.41,22.0,20.27,33897
2018-10-01,21.41,21.18,21.41,20.72,46062
2018-10-02,21.13,20.55,21.13,19.67,10781
2018-10-03,20.67,20.21,20.67,19.48,21891
2018-10-04,20.16,20.6,21.17,19.9,21656
2018-10-05,20.76,20.9,21.15,20.28,32101
2018-10-08,20.88,21.74,22.0,20.71,138358
2018-10-09,21.75,22.83,23.0,21.05,195963
2018-10-10,22.81,23.26,23.84,22.3021,47597
2018-10-11,23.14,21.9,23.14,20.7,95248
2018-10-12,22.02,22.37,24.891,21.0165,67921
2018-10-15,22.25,23.48,23.74,21.86,49909
2018-10-16,23.59,22.71,23.86,22.3,55310
2018-10-17,22.74,23.38,23.5,22.43,31556
2018-10-18,23.51,25.13,25.5,23.09,52876
2018-10-19,25.39,25.5,26.31,24.39,110896
2018-10-22,25.29,25.76,26.75,24.96,59477
2018-10-23,25.31,24.67,26.86,24.0205,99671
2018-10-24,24.7,23.38,25.465,22.85,40073
2018-10-25,23.56,24.24,24.25,21.83,85409
2018-10-26,23.93,25.08,25.62,21.9067,85520
2018-10-29,25.14,24.11,25.14,23.96,106817
2018-10-30,24.11,25.44,26.7,23.8,49028
2018-10-31,25.78,24.73,25.78,22.76,72818
2018-11-01,24.0,24.0,24.875,23.3,43848
2018-11-02,24.18,24.96,25.17,24.09,22189
2018-11-05,25.06,23.58,25.06,22.5,73943
2018-11-06,23.61,22.99,23.945,22.715,69690
2018-11-07,23.21,23.0,24.175,22.49,118000
2018-11-08,23.48,24.0,24.5,22.92,168138
2018-11-09,24.98,24.58,25.03,23.56,29279
2018-11-12,24.68,26.19,26.54,24.19,27050
2018-11-13,26.5,24.99,26.5,24.62,36506
2018-11-14,25.94,25.73,26.0,24.85,24193
2018-11-15,25.9,24.88,25.9,24.66,21972
2018-11-16,24.6,25.9,26.25,23.61,89546
2018-11-19,26.09,23.79,26.5,23.42,23919
2018-11-20,23.35,24.46,24.89,22.8248,11594
2018-11-21,24.8,25.02,25.25,24.4,8599
2018-11-23,24.9,25.75,25.75,24.9,2611
2018-11-26,25.85,24.23,25.88,23.99,9416
2018-11-27,23.99,23.97,24.265,23.0091,65489
2018-11-28,24.11,25.32,25.34,23.7438,29676
2018-11-29,25.44,26.55,26.7,25.44,27030
2018-11-30,26.78,29.68,30.0,26.1212,55050
2018-12-03,30.99,29.65,30.99,28.0474,22245
2018-12-04,29.65,28.64,29.99,27.72,19591
2018-12-06,28.51,28.2,29.97,27.29,36719
2018-12-07,27.93,27.85,28.87,27.0,11151
2018-12-10,27.54,26.73,27.54,25.95,19899
2018-12-11,26.86,26.85,27.68,26.01,49236
2018-12-12,27.37,29.3,30.0,26.784,43927
2018-12-13,29.85,32.9,36.3268,29.85,125551
2018-12-14,32.08,29.98,32.23,29.02,44417
2018-12-17,29.43,22.69,29.79,22.03,78750
2018-12-18,23.86,22.74,24.0,21.965,97891
2018-12-19,22.75,20.3,22.75,19.5,110390
2018-12-20,20.21,22.38,23.0299,20.21,183469
2018-12-21,22.43,22.37,23.0,20.68,237121
2018-12-24,22.61,21.33,22.749,20.62,18155
2018-12-26,21.05,22.38,23.05,21.05,55577
2018-12-27,22.0,22.4,22.88,20.19,98135
2018-12-28,22.4,22.68,22.93,21.755,65978
2018-12-31,22.9,23.6,23.64,21.25,110317
2019-01-02,22.99,22.74,23.09,21.94,26448
2019-01-03,22.15,23.14,23.525,21.01,74575
2019-01-04,23.0,22.85,24.6,22.72,82376
2019-01-07,22.51,23.09,23.7,21.815,58012
2019-01-08,22.75,22.78,23.33,22.33,87381
2019-01-09,22.54,22.86,23.42,22.54,50817
2019-01-10,23.0,23.1,23.5,22.45,56390
2019-01-11,23.1,23.51,23.92,22.74,31977
2019-01-14,23.5,23.2,23.99,22.885,64208
2019-01-15,23.59,23.75,24.165,23.1552,64473
2019-01-16,24.07,22.38,24.16,21.19,79599
2019-01-17,22.38,21.26,22.49,20.86,44263
2019-01-18,21.43,20.57,21.9196,20.28,25645
2019-01-22,20.38,19.81,21.99,19.81,46207
2019-01-23,19.4,19.8,20.4,18.9675,21881
2019-01-24,19.76,19.07,22.29,18.5,35001
2019-01-25,19.25,19.24,19.5099,18.9,100241
2019-01-28,19.24,18.73,19.25,18.2,39643
2019-01-29,18.65,17.48,19.0573,17.29,26835
2019-01-30,17.36,17.21,17.89,16.87,39781
2019-01-31,17.18,17.91,18.29,17.15,13656
2019-02-01,18.0816,17.74,18.5708,17.364,21067
2019-02-04,17.98,18.14,18.6,17.98,20616
2019-02-05,17.93,18.39,18.5,17.92,6289
2019-02-06,18.2,18.33,18.5,18.2,3093
2019-02-07,18.25,18.6,19.9,17.6478,20557
2019-02-08,18.59,18.7,19.04,17.9631,21292
2019-02-11,18.94,18.81,19.12,18.65,21568
2019-02-12,19.0,19.21,19.3062,18.807,26864
2019-02-13,19.24,19.45,19.81,18.88,93599
2019-02-14,19.5,20.31,20.94,19.345,52547
2019-02-15,20.33,21.96,22.02,20.2,62124
2019-02-19,21.97,21.53,22.1825,20.72,32165
2019-02-20,21.51,21.11,21.78,20.9,29590
2019-02-21,21.11,20.73,22.5,20.02,44879
2019-02-22,20.8,20.29,21.06,19.76,59921
2019-02-25,20.19,20.32,20.565,19.63,120452
2019-02-26,20.28,20.09,20.58,19.77,79958
2019-02-27,20.01,20.36,20.535,20.01,77288
2019-02-28,20.32,20.35,20.57,19.75,105596
2019-03-01,20.51,20.29,21.145,20.0,130984
2019-03-04,20.28,20.25,20.4355,19.43,110687
2019-03-05,20.24,19.4,20.3005,19.2,92076
2019-03-06,19.42,18.51,19.79,17.8,143465
2019-03-07,18.5,18.5,19.24,18.01,92775
2019-03-08,18.4,18.05,18.75,17.75,159266
2019-03-11,18.23,18.35,19.25,17.9507,106125
2019-03-12,18.41,17.8,18.5,17.56,476251
2019-03-13,18.0,17.88,18.26,17.85,127747
2019-03-14,18.48,17.97,18.48,17.66,103476
2019-03-15,18.14,18.19,18.48,17.9,980268
2019-03-18,18.2,18.58,18.78,18.2,167655
2019-03-19,18.67,19.19,19.5,18.67,117890
2019-03-20,19.19,18.35,19.19,17.9,114060
2019-03-21,18.24,18.07,18.295,17.23,65415
2019-03-22,17.91,16.83,18.095,16.78,64992
2019-03-25,16.89,17.73,17.92,16.705,41324
2019-03-26,17.88,17.24,18.81,16.9,83414
2019-03-27,17.06,17.15,17.75,16.55,101702
2019-03-28,17.11,17.25,17.65,16.88,88097
2019-03-29,17.31,17.74,17.94,17.31,60444
2019-04-01,17.74,18.16,18.83,17.56,90187
2019-04-02,18.19,19.62,20.0,18.0,128418
2019-04-03,19.72,20.12,20.45,19.4,39559
2019-04-04,20.18,20.25,20.5,19.5,60703
2019-04-05,20.0,21.9,22.25,20.0,149711
2019-04-08,21.9,21.85,22.335,20.95,75292
2019-04-09,21.84,20.24,21.84,20.09,58702
2019-04-10,20.32,20.09,20.7,19.58,80609
2019-04-11,20.13,19.94,20.45,19.6,42721
2019-04-12,20.4,20.15,21.0,20.06,32883
2019-04-15,20.14,20.09,20.94,19.64,38354
2019-04-16,20.16,20.47,20.66,19.8,22011
2019-04-17,20.54,20.0,20.58,19.67,26072
2019-04-18,19.83,19.23,19.83,19.01,25176
2019-04-22,19.1,19.04,20.09,18.9,24177
2019-04-23,19.5,19.76,19.95,19.05,22771
2019-04-24,19.55,20.0,20.0,19.24,20785
2019-04-25,19.88,19.6,20.33,19.36,25507
2019-04-26,19.59,20.0,20.96,19.59,61163
2019-04-29,19.35,19.8,20.46,19.035,87459
2019-04-30,19.95,18.87,20.0193,18.52,55144
2019-05-01,18.95,18.95,19.29,18.1546,63079
2019-05-02,19.0,18.99,19.5277,18.11,45706
2019-05-03,19.57,19.29,19.57,18.705,144026
2019-05-06,18.82,21.01,21.6,18.82,32135
2019-05-07,20.81,20.27,21.07,19.96,73621
2019-05-08,19.74,19.87,20.28,19.67,44097
2019-05-09,19.85,19.92,20.335,19.495,62658
2019-05-10,19.85,20.65,20.84,19.775,73230
2019-05-13,20.07,19.75,20.9,19.53,71451
2019-05-14,19.62,20.11,20.47,19.46,73822
2019-05-15,19.87,20.34,20.38,19.7868,41421
2019-05-16,20.465,20.59,21.28,20.3,80904
2019-05-17,20.37,20.39,20.865,20.165,56079
2019-05-20,20.17,19.66,20.64,19.5,41156
2019-05-21,19.6,19.57,19.99,19.29,56239
2019-05-22,19.39,18.27,19.49,17.63,83785
2019-05-23,17.9,17.0,18.2936,16.85,126328
2019-05-24,17.12,16.89,17.345,16.1222,220326
2019-05-28,11.425,9.9,11.515,9.14,1580077
2019-05-29,9.31,9.87,10.06,9.275,317427
2019-05-30,9.92,9.74,10.0,9.33,338632
2019-05-31,9.56,9.47,9.85,9.29,134076
2019-06-03,9.45,9.29,9.82,9.0,187945
2019-06-04,9.39,9.02,9.39,8.805,106192
2019-06-05,8.99,8.85,9.05,8.61,109697
2019-06-06,8.83,8.95,9.18,8.62,67923
2019-06-07,8.96,9.26,9.3,8.8901,98355
2019-06-10,9.26,9.56,9.71,9.24,74693
2019-06-11,9.6,9.4,9.64,9.21,71220
2019-06-12,9.38,9.43,9.565,9.0,75325
2019-06-13,9.6,9.81,9.95,9.44,87471
2019-06-14,9.8,8.93,9.83,8.84,95135
2019-06-17,8.97,8.1,9.32,7.99,118794
2019-06-18,7.94,7.86,8.265,7.79,103148
2019-06-19,7.94,8.16,8.22,7.7,115504
2019-06-20,8.35,8.14,8.35,7.92,71186
2019-06-21,8.06,8.01,8.25,7.84,215635
2019-06-24,7.98,7.66,8.2,7.6,158728
2019-06-25,7.68,7.63,7.81,7.51,68879
2019-06-26,7.524,7.09,7.61,7.02,46264
2019-06-27,7.09,7.17,7.22,6.95,49218
2019-06-28,7.2,7.71,7.95,7.15,642139
2019-07-01,7.81,7.07,7.82,6.92,93188
2019-07-02,7.1,7.01,7.7,6.92,65426
2019-07-03,7.05,6.82,7.15,6.78,24868
2019-07-05,6.79,7.1,7.43,6.1,226535
2019-07-08,7.1,7.16,7.28,7.01,30504
2019-07-09,7.11,7.42,7.52,6.82,45344
2019-07-10,7.52,7.58,7.6,7.0,43732
2019-07-11,7.45,7.18,7.52,7.03,19919
2019-07-12,7.2,7.15,7.78,6.99,26260
2019-07-15,7.18,6.79,7.4491,6.64,24451
2019-07-16,6.77,6.66,6.94,6.54,17499
2019-07-17,6.66,6.45,6.795,6.37,19679
2019-07-18,6.43,5.73,6.52,5.65,59610
2019-07-19,5.7,5.82,5.97,5.7,49632
2019-07-22,5.84,5.94,5.94,5.69,37385
2019-07-23,5.95,6.0,6.2,5.85,32449
2019-07-24,5.7,5.99,6.38,5.5,55179
2019-07-25,5.86,5.76,5.97,5.56,43269
2019-07-26,5.77,5.71,5.93,5.655,22536
2019-07-29,6.0,5.77,6.0,5.64,35806
2019-07-30,5.83,5.88,6.0,5.83,60574
2019-07-31,5.9,5.63,6.12,5.51,103614
2019-08-01,5.64,5.35,5.735,5.27,40846
2019-08-02,5.28,5.21,5.34,5.02,53669
2019-08-05,5.09,4.27,5.3,4.12,145714
2019-08-06,4.35,4.6,4.82,4.35,79831
2019-08-07,4.61,4.49,4.83,4.42,68117
2019-08-08,4.58,4.67,4.84,4.52,104364
2019-08-09,4.7,4.88,5.255,4.7,72911
2019-08-12,4.79,4.5,5.1007,4.3,99913
2019-08-13,4.65,4.78,4.96,4.4,84349
2019-08-14,4.56,4.73,5.14,4.56,72600
2019-08-15,4.74,4.83,4.91,4.725,106799
2019-08-16,4.85,4.87,5.125,4.61,35126
2019-08-19,4.94,4.99,5.07,4.84,31348
2019-08-20,4.94,4.42,5.08,4.36,57473
2019-08-21,4.48,4.3,4.79,4.16,62251
2019-08-22,4.36,4.15,4.72,4.11,48771
2019-08-23,4.13,3.86,4.4799,3.82,53129
2019-08-26,3.95,4.03,4.075,3.81,74059
2019-08-27,4.07,3.83,4.07,3.82,78542
2019-08-28,3.81,3.71,3.87,3.61,46304
2019-08-29,3.82,3.87,4.01,3.82,50594
2019-08-30,3.89,3.38,3.965,3.32,94858
2019-09-03,3.33,3.0,3.67,2.82,238422
2019-09-04,3.15,3.25,3.3937,3.09,370748
2019-09-05,3.25,3.3,3.33,3.1,262875
2019-09-06,3.36,3.38,3.5,3.24,180299
2019-09-09,3.38,3.38,3.55,3.3,116602
2019-09-10,3.4,3.53,3.6,3.29,121072
2019-09-11,3.56,3.4,3.66,3.35,102745
2019-09-12,3.4,3.4,3.5,3.24,82620
2019-09-13,3.45,3.52,3.91,3.45,61908
2019-09-16,3.49,3.51,3.72,3.46,48706
2019-09-17,3.51,3.77,3.85,3.145,91816
2019-09-18,3.79,3.62,3.79,3.55,43547
2019-09-19,3.61,3.49,4.0,3.46,79941
2019-09-20,3.48,3.53,3.86,3.48,157401
2019-09-23,3.57,3.72,3.81,3.46,73297
2019-09-24,3.79,3.57,3.79,3.4931,46160
2019-09-25,3.55,3.69,3.74,3.4,85366
2019-09-26,3.67,3.27,3.67,3.15,89075
2019-09-27,3.33,3.06,3.33,3.06,35868
2019-09-30,3.07,3.28,3.34,2.97,95752
2019-10-01,3.2,2.95,3.22,2.9,99275
2019-10-02,2.92,3.15,3.215,2.88,83908
2019-10-03,3.12,3.12,3.38,3.1,40090
2019-10-04,3.11,3.11,3.255,3.1,54068
2019-10-07,3.08,3.12,3.34,3.07,81273
2019-10-08,3.07,3.09,3.23,3.0,140499
2019-10-09,3.12,3.11,3.28,3.08,19861
2019-10-10,3.12,3.23,3.25,3.09,36180
2019-10-11,3.27,3.22,3.55,3.17,34500
2019-10-14,3.24,3.27,3.36,3.1773,22727
2019-10-15,3.25,3.15,3.35,3.08,101339
2019-10-16,3.13,3.27,3.34,3.13,19774
2019-10-17,3.27,3.69,3.78,3.27,55513
2019-10-18,3.62,3.53,3.8352,3.42,39627
2019-10-21,3.58,3.64,3.8,3.55,26326
2019-10-22,3.63,3.47,3.71,3.31,38425
2019-10-23,3.45,3.61,3.69,3.37,35690
2019-10-24,3.61,3.38,3.69,3.31,31564
2019-10-25,3.45,3.39,3.55,3.33,29981
2019-10-28,3.4,3.51,3.63,3.4,21314
2019-10-29,3.5,3.47,3.68,3.42,57438
2019-10-30,3.51,3.5,3.53,3.2,54441
2019-10-31,3.47,3.25,3.47,3.07,90380
2019-11-01,3.27,3.23,3.28,3.14,44718
2019-11-04,3.25,3.09,3.56,3.07,61375
2019-11-05,3.08,2.88,3.15,2.74,90977
2019-11-06,2.88,3.09,3.38,2.75,973782
2019-11-07,3.44,2.92,3.44,2.83,77230
2019-11-08,2.94,2.89,3.1,2.88,27279
2019-11-11,2.89,2.95,3.26,2.89,120387
2019-11-12,2.933,2.61,2.955,2.48,135859
2019-11-13,2.52,2.72,2.85,2.5101,93743
2019-11-14,2.69,2.61,2.8099,2.58,63124
2019-11-15,2.66,2.53,2.66,2.43,78023
2019-11-18,2.54,2.54,2.81,2.36,58656
2019-11-19,2.56,2.5,2.73,2.38,72957
2019-11-20,2.5,2.64,2.73,2.5,60365
2019-11-21,2.71,2.6,2.71,2.57,60048
2019-11-22,2.64,2.87,3.25,2.52,269002
2019-11-25,2.94,2.81,2.98,2.7006,91680
2019-11-26,2.73,2.6,2.8,2.56,162828
2019-11-27,2.55,2.69,2.78,2.5401,106012
2019-11-29,2.68,2.61,2.8,2.6,39011
2019-12-02,2.61,2.59,2.79,2.53,98718
2019-12-03,2.56,2.63,2.67,2.56,30258
2019-12-04,2.64,2.73,2.79,2.625,69501
2019-12-05,2.78,2.65,2.78,2.61,28107
2019-12-06,2.71,2.65,2.71,2.64,53913
2019-12-09,2.69,2.67,2.78,2.52,302531
2019-12-10,2.66,2.65,2.8,2.57,190967
2019-12-11,2.67,2.71,2.72,2.61,77536
2019-12-12,2.69,2.72,2.725,2.67,41259
2019-12-13,2.72,2.7,2.73,2.55,263709
2019-12-16,2.72,2.73,2.76,2.65,141217
2019-12-17,2.78,2.87,2.91,2.72,170345
2019-12-18,2.87,3.03,3.08,2.58,253826
2019-12-19,3.02,3.22,3.24,2.98,266484
2019-12-20,3.3,3.49,3.55,3.22,257019
2019-12-23,3.6,3.69,3.77,3.36,262219
2019-12-24,3.93,3.86,3.93,3.72,130238
2019-12-26,3.95,3.8,3.96,3.5,193766
2019-12-27,3.8,3.73,3.9,3.62,145377
2019-12-30,3.73,4.26,4.34,3.5,254556
2019-12-31,4.32,4.01,4.4415,3.9,179012
2020-01-02,4.1,3.575,4.1,3.35,206524
2020-01-03,3.48,3.91,3.99,3.48,162741
2020-01-06,3.9,3.735,3.98,3.63,170171
2020-01-07,3.7,4.0,4.0393,3.7,118613
2020-01-08,4.04,3.93,4.0671,3.71,140968
2020-01-09,3.9,3.82,4.1,3.78,55565
2020-01-10,3.8,3.29,3.99,3.18,190461
2020-01-13,3.25,3.19,3.37,3.1035,77783
2020-01-14,3.16,3.14,3.29,3.12,56775
2020-01-15,3.14,3.15,3.21,3.0,76706
2020-01-16,3.17,3.35,3.41,3.17,41476
2020-01-17,3.4,3.27,3.48,3.18,58166
2020-01-21,3.32,3.49,3.5,3.26,112667
2020-01-22,3.55,3.305,3.58,3.25,183455
2020-01-23,3.25,3.23,3.27,3.11,80886
2020-01-24,3.21,3.09,3.21,3.05,68637
2020-01-27,3.1,3.0,3.16,2.95,112486
2020-01-28,3.02,2.94,3.1,2.83,81599
2020-01-29,2.98,2.87,3.0,2.825,77902
2020-01-30,2.87,2.77,2.93,2.72,96875
2020-01-31,2.67,3.07,3.21,2.67,2311313
2020-02-03,3.08,3.09,3.2542,3.04,263555
2020-02-04,3.13,3.04,3.16,2.99,300678
2020-02-05,3.09,3.0,3.17,2.965,246954
2020-02-06,3.47,3.845,3.86,3.03,649114
2020-02-07,3.86,3.73,4.95,3.41,800761
2020-02-10,3.75,5.02,5.2,3.73,1130384
2020-02-11,5.05,5.25,5.5,5.05,706966
2020-02-12,5.15,5.155,5.34,4.83,384658
2020-02-13,5.08,5.35,5.45,5.0762,284368
2020-02-14,5.43,5.13,5.4591,5.11,853807
2020-02-18,5.22,5.15,5.34,4.9152,296574
2020-02-19,5.18,5.24,5.6,5.04,201932
2020-02-20,5.17,5.75,5.75,5.17,409123
2020-02-21,5.8,5.28,5.94,5.17,431886
2020-02-24,5.14,5.35,5.58,5.0801,289983
2020-02-25,5.38,5.5,5.65,5.35,347484
2020-02-26,5.49,5.28,5.5831,5.2201,268763
2020-02-27,5.23,4.53,5.25,4.11,306665
2020-02-28,4.43,4.38,4.54,4.23,250628
2020-03-02,4.28,4.9,4.95,4.2,242311
2020-03-03,4.91,5.14,5.29,4.83,318265
2020-03-04,5.18,5.5,5.88,5.08,270516
2020-03-05,5.4,5.02,5.705,4.87,187335
2020-03-06,4.83,4.9,4.95,4.5,188352
2020-03-09,4.51,4.36,4.73,4.31,190111
2020-03-10,4.63,4.11,4.63,4.0,248891
2020-03-11,4.01,3.99,4.2,3.84,213753
2020-03-12,3.72,3.46,3.85,3.24,253710
2020-03-13,3.64,3.26,3.75,3.07,296680
2020-03-16,3.02,3.01,3.1,2.76,150188
2020-03-17,3.07,2.92,3.28,2.7501,153681
2020-03-18,2.78,2.83,2.99,2.18,140091
2020-03-19,2.86,3.49,3.62,2.8002,210829
2020-03-20,3.59,3.98,4.25,3.47,1853330
2020-03-23,4.07,4.46,4.48,3.61,263225
2020-03-24,4.6,4.7,4.9,4.4,299680
2020-03-25,4.72,4.72,5.0,4.1,372769
2020-03-26,4.72,4.84,4.97,4.67,150137
2020-03-27,4.69,4.58,4.91,4.02,119991
2020-03-30,4.58,4.47,4.625,4.1,135073
2020-03-31,4.4,4.36,4.4957,3.89,191051
2020-04-01,4.22,3.61,4.22,3.6,211807
2020-04-02,3.61,3.85,4.0,3.43,123231
2020-04-03,3.77,3.6,4.04,3.52,172633
2020-04-06,3.8,3.96,4.17,3.5675,170050
2020-04-07,4.02,3.73,4.02,3.67,168134
2020-04-08,3.81,3.83,3.94,3.73,89822
2020-04-09,3.92,4.2,4.2,3.9,129798
2020-04-13,4.15,4.24,4.4,4.07,84381
2020-04-14,4.39,4.45,4.7,4.3225,129041
2020-04-15,4.36,4.39,4.5,4.05,145855
2020-04-16,4.37,4.38,4.46,4.0,172427
2020-04-17,4.46,4.55,4.575,4.29,119677
2020-04-20,4.42,4.52,4.78,4.28,145195
2020-04-21,4.41,4.47,4.54,4.15,115677
2020-04-22,4.59,4.64,4.65,4.19,90464
2020-04-23,4.59,4.64,4.8,4.35,102790
2020-04-24,4.62,4.7,4.8,4.39,132013
2020-04-27,4.71,4.69,4.91,4.55,143011
2020-04-28,4.84,4.89,5.15,4.67,102970
2020-04-29,5.0,5.0,5.38,4.925,251365
2020-04-30,4.99,4.7,5.0,4.56,219629
2020-05-01,4.55,4.56,4.64,4.23,135123
2020-05-04,4.48,5.16,5.18,4.456,88765
2020-05-05,5.4,5.13,5.48,4.9875,139196
2020-05-06,5.17,5.21,5.37,4.83,510363
2020-05-07,5.28,6.08,6.17,5.0062,269819
2020-05-08,6.17,6.01,6.32,5.68,403400
2020-05-11,6.35,6.27,6.67,6.1,773872
2020-05-12,6.31,5.83,6.35,5.75,224080
2020-05-13,5.9,5.5,6.07,5.3,160031
2020-05-14,5.33,5.16,5.33,4.81,116375
2020-05-15,5.19,5.17,5.21,4.81,155955
2020-05-18,5.42,5.11,5.48,4.9017,261460
2020-05-19,5.04,4.81,5.135,4.71,247614
2020-05-20,4.79,5.17,5.27,4.71,192556
2020-05-21,5.09,5.2,5.44,4.9,117034
2020-05-22,5.24,5.51,5.69,5.08,167775
2020-05-26,5.73,5.27,5.73,5.25,192528
2020-05-27,5.32,5.3,5.445,4.92,141040
2020-05-28,5.36,5.25,5.5101,5.06,110304
2020-05-29,5.18,4.77,5.29,4.71,167991
2020-06-01,4.77,4.89,5.01,4.66,83726
2020-06-02,4.89,4.87,5.09,4.47,848824
2020-06-03,4.89,4.47,5.03,4.41,734755
2020-06-04,6.75,7.75,9.79,6.56,20848252
2020-06-05,7.6,6.88,7.8,6.53,1409328
2020-06-08,6.58,6.26,7.15,6.21,1090485
2020-06-09,5.82,5.5,5.94,5.47,3173968
2020-06-10,5.5,5.33,5.55,5.31,1180943
2020-06-11,5.25,4.84,5.285,4.78,723010
2020-06-12,5.19,4.84,5.24,4.82,853464
2020-06-15,4.75,4.96,4.96,4.45,1040435
2020-06-16,5.26,5.22,5.3,4.86,991778
2020-06-17,5.36,5.19,5.375,5.09,956747
2020-06-18,5.2,5.44,5.5,5.04,925994
2020-06-19,5.56,5.75,5.76,5.1,2126716
2020-06-22,5.85,5.4,5.9599,5.21,1225002
2020-06-23,5.49,5.48,5.66,5.45,847909
2020-06-24,5.45,5.595,5.655,5.28,1017355
2020-06-25,5.56,5.65,5.67,5.4,489290
2020-06-26,5.61,5.41,5.62,5.12,1365658
2020-06-29,5.42,5.46,5.64,5.36,922370
2020-06-30,5.47,5.18,5.4993,5.13,450429
2020-07-01,5.21,5.28,5.5,5.16,438072
2020-07-02,5.35,5.25,5.43,5.18,495604
2020-07-06,5.34,5.075,5.4,5.02,600710
2020-07-07,5.05,5.0,5.23,4.97,736543
2020-07-08,5.04,5.5,5.58,5.04,736493
2020-07-09,5.54,5.11,5.64,5.09,428579
2020-07-10,5.17,5.03,5.2,4.97,296588
2020-07-13,5.06,4.8,5.14,4.72,543055
2020-07-14,4.72,4.91,4.93,4.67,289243
2020-07-15,5.06,5.02,5.1867,4.96,311868
2020-07-16,4.98,4.8,5.04,4.77,406069
2020-07-17,4.76,4.86,4.95,4.72,219341
2020-07-20,4.86,4.87,5.04,4.75,249038
2020-07-21,4.88,4.96,5.04,4.84,323385
2020-07-22,4.95,4.89,4.98,4.82,335118
2020-07-23,4.85,4.88,5.05,4.77,255516
2020-07-24,4.85,4.79,4.89,4.75,183400
2020-07-27,4.89,4.69,4.89,4.6,195945
2020-07-28,4.65,4.52,4.71,4.5,192907
2020-07-29,4.53,4.36,4.56,4.27,287621
2020-07-30,4.31,4.41,4.48,4.24,207527
2020-07-31,4.41,4.37,4.49,4.26,264670
2020-08-03,4.35,4.56,4.66,4.35,236010
2020-08-04,4.53,4.635,4.64,4.46,144807
2020-08-05,4.65,4.72,4.76,4.57,164527
2020-08-06,4.67,4.56,4.76,4.485,296200
2020-08-07,4.55,4.62,4.67,4.47,162503
2020-08-10,4.67,4.74,4.84,4.63,237012
2020-08-11,4.8,4.56,4.8,4.54,129650
2020-08-12,4.57,4.48,4.61,4.45,142775
2020-08-13,4.52,4.5,4.59,4.43,100154
2020-08-14,4.49,4.48,4.53,4.39,105401
2020-08-17,4.55,4.6,4.73,4.515,208815
2020-08-18,4.6,4.82,4.89,4.6,290102
2020-08-19,4.8,4.67,4.96,4.67,182913
2020-08-20,4.65,4.89,5.03,4.64,280989
2020-08-21,4.87,4.99,5.01,4.72,261609
2020-08-24,5.0,4.56,5.28,4.55,291357
2020-08-25,4.58,4.81,4.84,4.58,95549
2020-08-26,4.8,4.94,5.03,4.8,168851
2020-08-27,4.95,4.68,5.0,4.65,141212
2020-08-28,4.66,4.75,4.82,4.66,75000
2020-08-31,4.74,4.86,5.0,4.72,195562
2020-09-01,4.87,4.66,4.94,4.6,243750
2020-09-02,4.62,4.68,4.89,4.62,160386
2020-09-03,4.63,4.58,4.82,4.53,172139
2020-09-04,4.61,4.64,4.75,4.34,203727
2020-09-08,4.56,4.7,4.75,4.48,137339
2020-09-09,4.72,4.65,4.8211,4.6,157029
2020-09-10,4.66,4.66,4.89,4.65,214201
2020-09-11,4.66,4.67,4.84,4.64,160623
2020-09-14,4.77,5.08,5.09,4.75,193597
2020-09-15,5.13,4.91,5.38,4.83,384830
2020-09-16,4.97,4.93,5.11,4.89,146264
2020-09-17,4.9,5.16,5.17,4.88,247933
2020-09-18,5.53,5.03,5.53,4.91,874841
2020-09-21,4.88,4.98,5.13,4.78,299455
2020-09-22,4.92,4.88,4.95,4.66,207429
2020-09-23,4.75,4.86,4.89,4.57,250533
2020-09-24,4.46,4.53,4.62,4.39,270036
2020-09-25,4.54,4.51,4.585,4.41,172831
2020-09-28,4.63,4.61,4.64,4.34,162997
2020-09-29,4.61,4.71,4.86,4.52,184219
2020-09-30,4.73,4.84,4.93,4.64,121490
2020-10-01,4.83,4.77,4.84,4.62,109426
2020-10-02,4.65,4.77,4.87,4.46,109179
2020-10-05,4.81,5.17,5.21,4.75,263114
2020-10-06,5.22,5.16,5.34,5.12,160854
2020-10-07,5.21,5.2,5.25,5.06,128812
2020-10-08,5.22,5.32,5.34,5.1,249442
2020-10-09,5.33,5.3,5.35,5.06,110990
2020-10-12,5.29,5.39,5.44,5.19,137356
2020-10-13,5.34,5.42,5.5,5.28,138068
2020-10-14,5.45,5.4,5.54,5.39,178069
2020-10-15,5.42,5.29,5.525,5.05,135614
2020-10-16,5.24,5.63,5.7,5.24,194776
2020-10-19,5.64,5.69,5.88,5.53,146854
2020-10-20,5.74,5.81,5.88,5.6901,149750
2020-10-21,5.81,5.69,5.88,5.45,176820
2020-10-22,5.8,5.62,5.96,5.55,230653
2020-10-23,5.8,5.77,5.9,5.6977,104310
2020-10-26,5.71,5.63,5.71,5.32,163404
2020-10-27,5.62,5.74,5.786,5.59,107944
2020-10-28,5.62,5.6,5.7,5.2,177864
2020-10-29,5.55,5.35,5.6,5.24,163127
2020-10-30,5.33,5.12,5.34,5.01,105490
2020-11-02,5.12,4.86,5.15,4.77,143570
2020-11-03,4.95,5.09,5.18,4.9,94851
2020-11-04,5.02,5.47,5.65,4.92,177345
2020-11-05,5.39,5.47,5.5899,5.29,144704
2020-11-06,5.47,5.1,5.6,5.035,146552
2020-11-09,5.25,5.39,5.57,5.14,182913
2020-11-10,5.5,5.53,5.63,5.31,133370
2020-11-11,5.58,5.63,5.68,5.52,135750
2020-11-12,5.58,5.5,5.73,5.46,117507
2020-11-13,5.54,5.53,5.71,5.44,165005
2020-11-16,5.6,5.68,5.7399,5.49,156992
2020-11-17,5.63,5.69,5.78,5.53,201915
2020-11-18,5.66,5.54,5.83,5.53,119649
2020-11-19,5.53,5.68,5.69,5.39,111398
2020-11-20,5.62,5.68,5.98,5.6,1069529
2020-11-23,5.78,6.0,6.15,5.65,336185
2020-11-24,6.15,5.77,6.15,5.76,190607
2020-11-25,5.79,5.64,5.79,5.42,202112
2020-11-27,5.66,5.94,5.96,5.66,47839
2020-11-30,5.96,6.58,6.8,5.88,358062
2020-12-01,6.55,6.55,6.99,6.4,218577
2020-12-02,6.48,6.49,6.63,6.38,151563
2020-12-03,6.5,6.5,6.569,6.33,116982
2020-12-04,6.5,6.39,6.55,6.345,99575
2020-12-07,6.35,6.05,6.45,5.965,156682
2020-12-08,6.03,5.8,6.08,5.72,178321
2020-12-09,5.88,5.56,5.88,5.44,118168
2020-12-10,5.56,5.57,5.85,5.44,121572
2020-12-11,5.49,5.56,5.6,5.31,148911
2020-12-14,5.61,5.53,5.66,5.5,272620
2020-12-15,6.14,5.68,6.2235,5.47,348942
2020-12-16,5.64,5.57,5.7,5.51,103243
2020-12-17,5.6,5.66,5.7,5.49,142182
2020-12-18,5.69,5.45,5.745,5.43,952718
2020-12-21,5.32,5.25,5.39,5.16,239356
2020-12-22,5.23,5.5,5.55,5.23,153123
2020-12-23,5.49,5.52,5.6399,5.4109,105889
2020-12-24,5.53,5.57,5.61,5.38,65089
2020-12-28,5.55,5.5,5.75,5.44,164881
2020-12-29,5.5,5.14,5.6891,5.07,180985
2020-12-30,5.175,5.34,5.4,5.07,174449
2020-12-31,5.32,5.22,5.321,5.12,102997
2021-01-04,5.42,5.28,5.42,5.13,106960
2021-01-05,5.28,5.24,5.38,5.145,116987
2021-01-06,5.3,5.33,5.47,5.2,138245
2021-01-07,5.54,5.43,5.66,5.36,89938
2021-01-08,5.43,5.45,5.5,5.27,86884
2021-01-11,5.37,5.6,5.68,5.36,103717
2021-01-12,5.58,5.55,5.7,5.44,98275
2021-01-13,5.56,5.44,5.56,5.43,59276
2021-01-14,5.49,5.7,5.8,5.46,132569
2021-01-15,5.7,5.5,5.71,5.32,294012
2021-01-19,5.5,5.42,5.55,5.3,154416
2021-01-20,5.47,5.39,5.49,5.22,171362
2021-01-21,5.39,5.34,5.45,5.23,141937
2021-01-22,5.27,5.62,5.64,5.25,144828
2021-01-25,5.65,5.73,5.76,5.32,133908
2021-01-26,5.77,5.5,5.9699,5.44,163829
2021-01-27,5.48,5.35,5.58,5.12,500540
2021-01-28,5.39,5.42,5.52,5.2,116375
2021-01-29,5.34,5.31,5.55,5.23,106869
2021-02-01,5.28,5.39,5.46,5.27,127094
2021-02-02,5.4,5.32,5.47,5.22,118098
2021-02-03,5.3,5.27,5.36,5.14,185787
2021-02-04,5.31,5.36,5.42,5.235,187925
2021-02-05,5.4,5.3,5.5,5.24,496260
2021-02-08,5.35,5.74,5.84,5.3,308848
2021-02-09,5.74,6.14,6.25,5.69,368330
2021-02-10,6.19,6.99,7.4,6.08,2358535
2021-02-11,6.94,6.06,6.94,5.97,320797
2021-02-12,6.14,6.03,6.16,5.9001,108870
2021-02-16,6.1,6.32,6.39,5.975,147799
2021-02-17,6.25,5.96,6.25,5.81,129184
2021-02-18,5.96,5.86,5.99,5.7,128578
2021-02-19,5.84,6.04,6.19,5.825,113843
2021-02-22,6.04,5.8,6.11,5.8,123245
2021-02-23,5.68,5.58,5.68,5.27,147157
2021-02-24,5.64,5.68,5.88,5.53,76612
2021-02-25,5.7,5.55,5.85,5.4,87663
2021-02-26,5.63,5.48,5.67,5.34,97971
2021-03-01,5.64,6.16,6.17,5.6248,159197
2021-03-02,6.11,5.96,6.23,5.91,118383
2021-03-03,5.92,5.85,5.97,5.6,206903
2021-03-04,5.84,5.6,5.96,5.43,229094
2021-03-05,5.72,5.83,5.92,5.33,237732
2021-03-08,5.9,5.97,6.06,5.7,285032
2021-03-09,6.12,6.24,6.33,5.83,223692
2021-03-10,6.25,6.45,6.58,6.1,308622
2021-03-11,6.44,6.56,6.57,6.29,171639
2021-03-12,6.44,6.8,6.83,6.265,180412
2021-03-15,6.73,6.37,6.81,6.22,183885
2021-03-16,6.38,6.3,6.47,6.17,123903
2021-03-17,6.25,6.29,6.4,6.1,238003
2021-03-18,6.24,6.08,6.31,6.04,170339
2021-03-19,6.04,6.4,6.4,6.0,338997
2021-03-22,6.44,6.67,6.71,6.23,134334
2021-03-23,6.57,6.73,7.1591,6.26,314941
2021-03-24,6.8,6.61,7.04,6.51,162859
2021-03-25,6.46,6.56,6.99,6.28,139470
2021-03-26,6.57,6.17,6.575,6.01,224888
2021-03-29,6.325,5.6,6.325,5.55,423428
2021-03-30,5.58,5.93,6.12,5.3601,220916
2021-03-31,5.92,5.96,6.17,5.9,230517
2021-04-01,6.0,5.98,6.1,5.87,3496552
2021-04-05,6.07,6.36,6.4,5.98,1428873
2021-04-06,6.39,6.46,6.57,6.32,396823
2021-04-07,6.46,6.22,6.5,6.2,104821
2021-04-08,6.43,6.18,6.43,6.07,54496
2021-04-09,6.12,6.04,6.24,5.99,104468
2021-04-12,6.01,5.8,6.14,5.7,140061
2021-04-13,5.85,5.76,5.85,5.55,214607
2021-04-14,5.76,6.17,6.28,5.76,160412
2021-04-15,6.24,5.95,6.27,5.85,134847
2021-04-16,5.94,5.74,5.94,5.51,114086
2021-04-19,5.68,5.62,5.75,5.5,150834
2021-04-20,5.63,5.4,5.68,5.33,98189
2021-04-21,5.36,5.78,5.84,5.33,203774
2021-04-22,5.75,5.65,5.77,5.6,161904
2021-04-23,5.68,5.69,5.83,5.54,158506
2021-04-26,5.72,5.75,5.95,5.61,194087
2021-04-27,5.76,5.72,5.9699,5.685,104296
2021-04-28,5.69,5.86,6.0,5.54,212950
2021-04-29,5.91,5.73,5.91,5.56,106149
2021-04-30,5.63,5.83,6.0,5.58,201186
2021-05-03,5.84,5.76,5.89,5.69,122345
2021-05-04,5.77,5.75,6.0,5.59,1586907
2021-05-05,5.75,5.68,5.79,5.56,219028
2021-05-06,5.65,5.5,5.6548,5.13,831163
2021-05-07,5.44,5.6,5.64,5.29,993521
2021-05-10,5.56,5.22,5.56,5.22,163584
2021-05-11,5.06,5.05,5.3301,5.01,212031
2021-05-12,5.04,4.93,5.13,4.9,86498
2021-05-13,5.02,5.15,5.23,4.9401,139133
2021-05-14,5.17,5.24,5.31,5.14,151467
2021-05-17,5.18,5.48,5.48,5.18,69484
2021-05-18,5.46,5.62,5.87,5.36,214184
2021-05-19,5.55,5.35,5.67,5.24,91240
2021-05-20,5.36,5.98,6.14,5.29,259988
2021-05-21,6.07,6.11,6.2396,5.69,225489
2021-05-24,6.1,5.6,6.1,5.56,130064
2021-05-25,5.6,5.42,5.662,5.42,84415
2021-05-26,5.43,5.68,5.72,5.34,60071
2021-05-27,5.77,5.86,5.98,5.63,118374
2021-05-28,5.71,5.72,6.0,5.7,79003
2021-06-01,5.8,5.94,6.09,5.76,117980
2021-06-02,5.99,5.78,6.02,5.67,99633
2021-06-03,5.78,5.69,5.9,5.6,104104
2021-06-04,5.69,5.57,5.79,5.55,114646
2021-06-07,5.58,5.68,5.94,5.52,280637
2021-06-08,5.7493,5.64,5.75,5.63,88273
2021-06-09,5.67,5.72,5.85,5.62,134328
2021-06-10,5.76,5.67,5.78,5.54,75413
2021-06-11,5.71,5.64,5.745,5.6,65186
2021-06-14,5.71,5.78,5.96,5.6638,214002
2021-06-15,5.77,5.64,5.89,5.54,130242
2021-06-16,5.61,5.65,5.81,5.53,93690
2021-06-17,5.59,5.65,5.79,5.59,56311
2021-06-18,5.53,5.49,5.72,5.44,315670
2021-06-21,5.55,5.34,5.62,5.31,83732
2021-06-22,5.29,5.33,5.41,5.1201,328392
2021-06-23,5.3,5.31,5.48,5.28,204826
2021-06-24,5.37,5.47,5.52,5.35,83977
2021-06-25,5.51,5.8,5.9,5.42,1153561
2021-06-28,5.75,5.59,5.82,5.51,123279
2021-06-29,5.6,5.54,5.74,5.5101,162004
2021-06-30,5.48,5.43,5.67,5.4,137726
2021-07-01,5.5,5.44,5.56,5.3,69267
2021-07-02,5.5,5.36,5.5,5.26,43025
2021-07-06,5.33,5.43,5.5,5.24,119244
2021-07-07,5.5,5.45,5.58,5.2674,107044
2021-07-08,5.33,5.68,5.74,5.33,97207
2021-07-09,5.72,5.77,5.81,5.55,129437
2021-07-12,5.69,5.61,5.81,5.56,73840
2021-07-13,5.61,5.48,5.7,5.39,94397
2021-07-14,5.47,5.27,5.55,5.06,187032
2021-07-15,5.3,5.18,5.33,5.08,135472
2021-07-16,5.27,5.21,5.3,5.14,114031
2021-07-19,5.14,5.27,5.575,5.06,209933
2021-07-20,5.43,5.39,5.5,5.13,149983
2021-07-21,5.43,5.37,5.43,5.24,83072
2021-07-22,5.33,5.28,5.33,5.23,63022
2021-07-23,5.34,5.36,5.4,5.16,81037
2021-07-26,5.4,5.17,5.4,5.12,73381
2021-07-27,5.13,5.14,5.33,4.95,97802
2021-07-28,5.13,5.14,5.19,5.05,106734
2021-07-29,5.18,5.06,5.18,5.04,288648
2021-07-30,5.09,4.87,5.09,4.84,141651
2021-08-02,4.92,4.87,5.04,4.81,100734
2021-08-03,4.91,4.85,5.04,4.61,240402
2021-08-04,4.8,5.35,5.68,4.71,769194
2021-08-05,5.42,5.78,6.12,5.15,535959
2021-08-06,5.78,5.85,6.12,5.49,369608
2021-08-09,5.8,5.9,6.14,5.54,248030
2021-08-10,5.85,5.91,6.06,5.67,193104
2021-08-11,5.95,5.85,5.95,5.695,87668
2021-08-12,5.81,5.85,6.0,5.77,107072
2021-08-13,5.88,5.87,6.27,5.84,193637
2021-08-16,5.84,5.66,5.935,5.32,213722
2021-08-17,5.57,5.65,6.019,5.45,336964
2021-08-18,5.62,5.77,6.12,5.54,134569
2021-08-19,5.7,5.54,5.87,5.36,179756
2021-08-20,5.49,5.45,5.63,5.33,252253
2021-08-23,5.41,6.17,6.3,5.41,198118
2021-08-24,6.13,6.01,6.15,5.88,144466
2021-08-25,6.04,6.44,6.57,6.04,195213
2021-08-26,6.43,6.66,6.92,6.41,159371
2021-08-27,6.66,6.94,7.25,6.66,194295
2021-08-30,7.0,7.43,7.56,6.95,270832
2021-08-31,7.45,7.62,7.8799,7.44,211454
2021-09-01,7.59,7.96,8.1499,7.3201,143205
2021-09-02,7.97,8.19,8.53,7.8596,127552
2021-09-03,8.15,8.44,8.55,8.085,256071
2021-09-07,8.54,7.86,8.54,7.58,672471
2021-09-08,7.79,7.8,8.67,7.55,1615269
2021-09-09,7.86,7.89,8.2,7.79,447112
2021-09-10,7.96,7.57,8.29,7.52,505487
2021-09-13,7.08,7.64,7.89,7.05,229648
2021-09-14,7.6,8.97,9.25,7.3301,648183
2021-09-15,8.83,9.09,9.41,8.3682,444674
2021-09-16,9.02,8.86,9.23,8.51,248622
2021-09-17,8.79,9.73,9.79,8.33,776874
2021-09-20,9.6,8.64,9.66,8.44,350579
2021-09-21,8.6,9.05,9.25,8.56,272687
2021-09-22,9.14,9.29,9.41,8.8686,296934
2021-09-23,9.33,9.35,9.65,9.23,201288
2021-09-24,9.18,8.92,9.39,8.66,339476
2021-09-27,8.81,8.97,9.355,8.72,452850
2021-09-28,8.9,8.87,9.0193,8.71,195988
2021-09-29,8.96,8.49,8.96,8.3062,138522
2021-09-30,8.63,8.64,8.75,8.33,421125
2021-10-01,8.59,8.63,8.73,8.45,136476
2021-10-04,8.51,8.44,8.675,8.29,250169
2021-10-05,8.46,8.69,8.71,8.111,143768
2021-10-06,8.5,8.53,8.67,8.41,134875
2021-10-07,8.58,8.67,8.74,8.4401,83336
2021-10-08,8.73,8.31,8.73,8.31,70915
2021-10-11,8.25,8.49,8.66,8.25,46880
2021-10-12,8.39,8.56,8.65,8.36,88653
2021-10-13,8.6,8.76,8.9,8.6,67885
2021-10-14,8.86,8.77,8.9799,8.655,102799
2021-10-15,8.9,8.74,8.9,8.6,82509
2021-10-18,8.7,8.31,8.75,8.11,96586
2021-10-19,8.35,8.8,8.91,8.12,129855
2021-10-20,8.86,8.71,8.99,8.66,76777
2021-10-21,8.74,8.67,8.92,8.535,87667
2021-10-22,8.59,8.59,8.87,8.02,1117654
2021-10-25,8.76,8.85,8.9973,8.401,446522
2021-10-26,8.8,8.42,8.85,8.39,130499
2021-10-27,8.4896,7.95,8.4896,7.4864,203411
2021-10-28,7.97,7.94,8.05,7.88,29315
2021-10-29,7.93,8.0,8.08,7.82,551168
2021-11-01,8.09,8.04,8.45,7.81,363630
2021-11-02,8.04,7.9,8.04,7.67,347343
2021-11-03,7.91,8.47,8.49,7.86,124403
2021-11-04,8.41,8.5,8.65,8.38,408411
2021-11-05,8.59,8.54,8.75,8.32,386892
2021-11-08,8.61,8.11,8.685,8.1,195078
2021-11-09,8.12,7.76,8.12,7.68,259361
2021-11-10,7.57,7.44,7.75,7.44,294644
2021-11-11,7.48,7.74,8.27,7.34,420326
2021-11-12,7.8,8.19,8.26,7.64,447777
2021-11-15,8.29,8.41,8.89,7.95,4990525
2021-11-16,11.98,11.59,12.46,10.5701,33005870
2021-11-17,11.15,12.8,14.27,11.1,10506483
2021-11-18,12.84,13.27,14.35,12.59,4151860
2021-11-19,12.84,13.97,14.13,12.1,6318417
2021-11-22,13.53,14.39,14.6999,13.08,2067838
2021-11-23,14.25,13.17,14.4804,13.04,1411498
2021-11-24,13.24,13.24,13.6,12.92,1081704
2021-11-26,12.99,13.69,13.77,12.99,901472
2021-11-29,13.88,13.21,13.88,13.17,695757
2021-11-30,13.21,13.86,13.99,12.95,1952502
2021-12-01,13.87,14.11,15.64,13.58,2271094
2021-12-02,14.02,14.8,14.84,13.42,836919
2021-12-03,14.83,13.73,15.37,13.6,971982
2021-12-06,13.62,13.44,14.0197,13.18,376095
2021-12-07,13.63,14.66,15.5187,13.42,1212948
2021-12-08,14.77,14.76,15.0897,14.43,486642
2021-12-09,14.77,13.87,14.9426,13.11,736425
2021-12-10,13.81,13.55,14.55,13.46,511504
2021-12-13,13.66,13.31,14.23,13.28,484699
2021-12-14,13.17,12.36,13.31,12.3,1773670
2021-12-15,12.49,12.8,12.89,12.05,1100655
2021-12-16,12.94,13.83,14.01,12.88,509487
2021-12-17,13.62,14.61,14.64,13.05,2312592
2021-12-20,14.36,14.74,14.96,13.97,798128
2021-12-21,14.74,14.7,14.825,14.37,687321
2021-12-22,14.74,15.0,15.0,14.32,574948
2021-12-23,14.75,15.69,15.89,14.75,416004
2021-12-27,15.96,15.78,16.335,15.67,719439
2021-12-28,15.82,16.22,16.77,15.61,880832
2021-12-29,16.14,16.33,16.48,15.8585,371471
2021-12-30,16.28,16.35,16.98,16.21,498826
2021-12-31,16.42,16.72,17.28,16.3101,1288419
2022-01-03,16.92,15.81,16.92,15.6415,583097
2022-01-04,15.67,15.32,15.815,15.02,697083
2022-01-05,15.02,14.55,15.8741,14.48,534335
2022-01-06,14.33,14.3,14.755,14.07,534487
2022-01-07,14.26,13.62,14.6,13.61,427007
2022-01-10,13.42,13.8,13.94,13.1,406895
2022-01-11,13.64,14.68,14.7,13.64,367153
2022-01-12,14.86,13.85,14.97,13.8,403258
2022-01-13,14.1,13.32,14.1,13.0,414714
2022-01-14,13.2,14.2,14.27,13.01,472443
2022-01-18,13.91,13.18,13.99,12.95,436332
2022-01-19,13.28,12.72,13.53,12.68,694171
2022-01-20,12.94,12.32,13.15,12.2,502029
2022-01-21,11.94,12.3,12.72,11.71,563147
2022-01-24,11.79,12.62,12.64,11.41,536988
2022-01-25,12.41,12.69,12.85,11.61,295583
2022-01-26,13.05,12.58,13.46,12.51,356231
2022-01-27,12.66,12.35,12.82,12.035,341891
2022-01-28,12.37,12.54,12.7,12.02,431210
2022-01-31,12.61,13.18,13.21,12.61,504982
2022-02-01,13.16,13.02,13.3,12.57,424463
2022-02-02,13.04,12.59,13.04,12.43,257960
2022-02-03,12.45,12.33,12.69,12.3,219536
2022-02-04,12.22,12.81,13.02,12.11,350385
2022-02-07,12.85,14.13,14.22,12.85,557834
2022-02-08,14.04,14.24,14.92,13.89,856439
2022-02-09,14.105,14.68,14.93,14.105,677313
2022-02-10,14.33,14.75,15.48,14.04,613050
2022-02-11,14.55,14.62,15.05,14.4101,208310
2022-02-14,14.73,14.19,14.82,14.1,200347
2022-02-15,14.38,15.23,15.25,14.35,251004
2022-02-16,15.09,15.31,15.5223,14.95,194711
2022-02-17,15.15,14.42,15.34,14.32,257685
2022-02-18,14.31,14.33,14.55,14.02,314850
2022-02-22,14.29,14.02,14.455,13.84,260200
2022-02-23,14.13,13.04,14.2,12.87,387953
2022-02-24,12.63,13.78,13.82,12.49,610857
2022-02-25,13.89,14.41,14.64,13.64,237899
2022-02-28,14.2,14.85,14.99,14.17,300267
2022-03-01,14.85,14.57,15.31,14.46,242885
2022-03-02,14.68,14.21,14.805,14.17,395126
2022-03-03,14.39,13.81,14.39,13.7,286637
2022-03-04,13.62,13.3,13.79,13.2,184302
2022-03-07,13.22,13.41,13.8,13.22,224048
2022-03-08,13.48,14.04,14.42,13.2,356614
2022-03-09,14.06,14.44,14.73,14.06,380576
2022-03-10,14.19,14.45,14.49,13.99,266984
2022-03-11,14.7,14.23,15.3,14.0,834416
2022-03-14,14.19,14.11,14.735,13.74,348736
2022-03-15,14.1,14.0,14.53,13.93,385213
2022-03-16,14.2,14.71,14.87,13.76,1404528
2022-03-17,14.77,15.31,15.3825,14.4313,2691239
2022-03-18,16.0,15.59,18.55,15.4,3614365
2022-03-21,15.54,14.79,15.63,14.405,797378
2022-03-22,14.96,16.03,16.11,14.9,1061476
2022-03-23,16.6,17.55,18.3288,16.33,1450221
2022-03-24,17.62,18.33,18.52,17.365,946649
2022-03-25,18.32,18.06,18.43,17.86,570495
2022-03-28,18.12,17.23,18.3,16.98,517909
2022-03-29,17.3,17.49,17.87,16.78,449884
2022-03-30,17.44,16.9,17.79,16.81,507330
2022-03-31,16.98,16.62,17.26,16.43,1478194
2022-04-01,16.61,16.97,17.06,16.37,816498
2022-04-04,17.1,17.13,17.8,16.83,845168
2022-04-05,16.93,16.51,17.6121,16.47,434435
2022-04-06,16.25,16.55,16.74,16.03,1393646
2022-04-07,16.44,16.58,16.7899,15.96,581070
2022-04-08,16.38,16.36,17.76,14.51,2476779
2022-04-11,16.44,15.73,16.44,15.09,603884
2022-04-12,15.88,14.86,16.32,14.79,496523
2022-04-13,14.8,15.44,15.74,14.8,732156
2022-04-14,15.44,14.99,15.59,14.85,613921
2022-04-18,15.03,14.56,15.09,14.45,533526
2022-04-19,14.62,14.62,15.0,14.34,342865
2022-04-20,14.86,14.91,15.155,14.59,445790
2022-04-21,14.98,13.94,15.105,13.9,453638
2022-04-22,13.79,13.6,14.22,13.56,351057
2022-04-25,13.48,13.94,14.02,13.1456,575477
2022-04-26,13.78,12.74,14.09,12.7,688438
2022-04-27,12.73,12.34,13.07,12.25,751331
2022-04-28,12.5,12.1,12.69,11.78,833607
2022-04-29,12.09,11.88,12.5625,11.79,696382
2022-05-02,11.76,12.54,12.64,11.65,878736
2022-05-03,12.55,12.32,12.55,11.7854,1863693
2022-05-04,8.68,6.96,8.76,6.8908,6426589
2022-05-05,6.88,6.45,6.88,6.28,2205864
2022-05-06,6.37,6.31,6.51,6.13,1823561
2022-05-09,6.03,5.71,6.26,5.67,1456416
2022-05-10,5.88,5.56,6.045,5.49,1651291
2022-05-11,5.59,5.56,5.77,5.39,1455092
2022-05-12,5.5,5.52,5.68,5.31,918168
2022-05-13,5.59,5.75,5.92,5.59,1116644
2022-05-16,5.63,6.02,6.1,5.575,1782799
2022-05-17,6.13,6.63,6.655,6.11,1339100
2022-05-18,6.45,5.9,6.7,5.87,1696112
2022-05-19,5.94,5.49,6.07,5.49,1656235
2022-05-20,5.58,5.54,5.6,5.0,2902283
2022-05-23,5.65,5.51,5.87,5.46,773071
2022-05-24,5.4,4.98,5.51,4.93,1824325
2022-05-25,5.0,5.02,5.19,4.975,675083
2022-05-26,5.0,4.99,5.21,4.99,962574
2022-05-27,5.0,5.24,5.32,4.99,726390
2022-05-31,5.22,5.05,5.29,4.995,1483602
2022-06-01,5.08,4.86,5.24,4.82,741021
2022-06-02,4.82,4.92,4.97,4.705,1148641
2022-06-03,4.92,5.04,5.135,4.825,1236155
2022-06-06,5.1,5.1,5.28,4.99,620296
2022-06-07,5.01,5.44,5.44,5.01,642687
2022-06-08,5.43,5.28,5.52,5.22,477176
2022-06-09,5.25,4.93,5.25,4.91,484876
2022-06-10,4.79,4.58,4.8381,4.5,752498
2022-06-13,4.39,4.59,4.61,4.305,1429355
2022-06-14,4.63,4.72,4.815,4.51,1245346
2022-06-15,4.74,4.78,4.82,4.54,765124
2022-06-16,4.67,4.8,4.8601,4.43,1084315
2022-06-17,4.87,5.29,5.385,4.76,3616053
2022-06-21,5.41,5.81,5.96,5.4,913104
2022-06-22,5.65,5.72,5.92,5.33,695959
2022-06-23,5.7,5.92,5.92,5.6,788886
2022-06-24,5.98,6.04,6.15,5.76,2677970
2022-06-27,5.92,5.78,6.095,5.6801,12465582
2022-06-28,11.01,8.29,11.02,7.8301,48722999
2022-06-29,8.05,7.93,8.43,7.69,10559099
2022-06-30,7.83,8.27,8.46,7.56,4435227
2022-07-01,8.21,9.29,9.5,8.1,3719278
2022-07-05,9.09,9.54,9.55,8.69,1981796
2022-07-06,9.58,9.84,10.135,9.44,2043272
2022-07-07,9.76,10.25,10.41,9.75,1583259
2022-07-08,10.23,10.35,10.57,10.03,1036772
2022-07-11,10.27,10.02,10.35,9.86,884216
2022-07-12,9.91,10.12,10.13,9.46,761360
2022-07-13,9.96,10.2,10.38,9.9001,778156
2022-07-14,10.13,10.09,10.27,10.0,1037106
2022-07-15,10.29,10.27,10.29,9.81,1224178
2022-07-18,10.38,9.71,10.48,9.63,975121
2022-07-19,9.88,10.26,10.68,9.56,784049
2022-07-20,10.26,10.43,10.63,10.09,435248
2022-07-21,10.4,10.36,10.6368,10.22,478417
2022-07-22,10.46,9.89,10.49,9.825,348137
2022-07-25,9.93,9.72,9.93,9.7186,511846
2022-07-26,9.72,9.7,9.965,9.47,683048
2022-07-27,9.83,9.94,10.0,9.39,715434
2022-07-28,10.05,9.82,10.05,9.69,592471
2022-07-29,9.82,9.77,9.86,9.52,665326
2022-08-01,9.64,9.35,9.96,9.29,679181
2022-08-02,9.33,9.7,9.89,9.33,457760
2022-08-03,9.78,9.89,10.11,9.66,573932
2022-08-04,10.0,10.0,10.41,9.81,1309890
2022-08-05,9.81,10.37,10.47,9.45,2049021
2022-08-08,10.56,10.49,10.81,10.32,831535
2022-08-09,10.34,10.05,10.55,9.685,950846
2022-08-10,10.23,10.04,10.44,9.818,914981
2022-08-11,10.11,9.76,10.36,9.64,847766
2022-08-12,10.3,10.35,10.675,10.13,1071500
2022-08-15,10.19,10.75,10.78,10.19,844110
2022-08-16,10.72,10.68,10.72,10.48,814325
2022-08-17,10.54,9.91,10.64,9.85,486120
2022-08-18,9.85,9.95,9.98,9.66,626939
2022-08-19,9.97,10.13,10.15,9.7949,459492
2022-08-22,10.11,9.94,10.23,9.85,691833
2022-08-23,9.89,10.05,10.155,9.8,906920
2022-08-24,10.07,10.6,10.78,10.05,1168046
2022-08-25,10.63,9.97,10.73,9.88,687495
2022-08-26,9.89,9.69,9.91,9.6,486055
2022-08-29,9.53,9.88,9.975,9.53,471107
2022-08-30,9.92,9.84,10.0,9.65,509103
2022-08-31,9.83,10.28,10.33,9.8,1489523
2022-09-01,10.23,10.1,10.28,9.8,655240
2022-09-02,10.28,9.85,10.54,9.83,590656
2022-09-06,9.78,9.43,9.78,9.33,856532
2022-09-07,9.43,9.67,9.82,9.415,653489
2022-09-08,9.58,9.58,9.78,9.39,1025936
2022-09-09,9.65,9.79,10.055,9.65,582030
2022-09-12,9.79,9.78,10.14,9.7,843532
2022-09-13,9.53,9.4,9.63,9.22,646593
2022-09-14,9.41,10.39,10.45,9.41,1497378
2022-09-15,10.11,9.83,10.51,9.54,1363560
2022-09-16,9.76,9.18,9.84,9.02,5773478
2022-09-19,9.05,8.66,9.46,8.61,1061500
2022-09-20,8.55,8.46,8.895,8.36,1017599
2022-09-21,8.42,8.05,8.52,8.03,968487
2022-09-22,8.05,8.01,8.11,7.81,794981
2022-09-23,7.88,8.02,8.04,7.72,1300033
2022-09-26,8.02,7.99,8.29,7.96,791060
2022-09-27,8.14,8.41,8.46,8.0,2009896
2022-09-28,8.56,8.72,8.87,8.56,859629
2022-09-29,8.6,8.62,8.66,8.21,1456840
2022-09-30,8.68,8.61,9.0,8.53,918241
2022-10-03,8.51,8.8,8.91,8.47,717488
2022-10-04,8.85,8.51,8.99,8.4,1220844
2022-10-05,8.37,8.28,8.44,8.05,771306
2022-10-06,8.19,7.77,8.24,7.74,721142
2022-10-07,7.7,7.67,7.875,7.62,903934
2022-10-10,7.755,7.65,7.85,7.56,616901
2022-10-11,7.66,7.97,8.08,7.53,590492
2022-10-12,7.94,7.83,8.08,7.465,708614
2022-10-13,7.7,8.32,8.34,7.6,618130
2022-10-14,8.35,8.35,8.5,8.26,777377
2022-10-17,8.37,8.21,8.45,8.1,795074
2022-10-18,8.27,7.41,8.36,7.37,817367
2022-10-19,7.43,7.38,7.53,7.09,1241172
2022-10-20,7.2,7.26,7.61,7.13,1836725
2022-10-21,7.31,7.29,7.37,7.12,791392
2022-10-24,7.31,7.47,7.54,7.0895,435173
2022-10-25,7.47,7.62,7.87,7.47,548768
2022-10-26,7.64,7.57,7.97,7.54,410913
2022-10-27,7.68,7.3,7.68,7.21,568991
2022-10-28,7.37,7.65,7.67,7.25,464348
2022-10-31,7.6,7.515,7.61,7.42,476510
2022-11-01,7.61,7.51,7.675,7.48,305572
2022-11-02,7.46,7.36,7.68,7.34,384165
2022-11-03,7.24,7.13,7.49,7.07,361917
2022-11-04,7.25,7.18,7.33,6.995,771676
2022-11-07,7.2,7.06,7.34,6.97,444244
2022-11-08,7.05,7.0,7.17,6.87,549411
2022-11-09,6.92,6.39,7.02,6.35,493695
2022-11-10,6.71,7.23,7.2825,6.65,1194065
2022-11-11,7.26,7.62,8.09,7.26,860350
2022-11-14,7.63,7.97,8.25,7.63,1068532
2022-11-15,8.14,8.02,8.14,7.83,882772
2022-11-16,8.01,7.56,8.06,7.48,633992
2022-11-17,7.55,7.41,7.62,7.35,477839
2022-11-18,7.54,7.5,7.64,7.45,477495
2022-11-21,7.5,7.49,7.765,7.45,456844
2022-11-22,7.51,7.61,7.66,7.39,526743
2022-11-23,7.63,7.68,7.84,7.59,429016
2022-11-25,7.61,7.46,7.62,7.355,173765
2022-11-28,7.43,7.4,7.63,7.34,346193
2022-11-29,7.4,7.59,7.695,7.04,384995
2022-11-30,7.64,7.81,7.89,7.46,1386568
2022-12-01,7.76,7.48,7.89,7.41,463883
2022-12-02,7.42,7.43,7.53,7.19,493257
2022-12-05,7.44,7.07,7.44,6.99,489097
2022-12-06,7.06,7.19,7.31,6.955,1206346
2022-12-07,7.14,7.03,7.18,6.97,344759
2022-12-08,7.08,7.04,7.14,6.9701,308754
2022-12-09,7.0,6.99,7.12,6.87,333108
2022-12-12,7.05,7.39,7.45,6.975,375662
2022-12-13,7.6,7.16,7.61,7.0,3211835
2022-12-14,7.12,7.21,7.56,7.09,1292319
2022-12-15,7.14,6.78,7.17,6.78,575215
2022-12-16,6.65,7.04,7.09,6.65,1033309
2022-12-19,7.0,6.61,7.12,6.53,532372
2022-12-20,6.6,6.87,6.92,6.57,489602
2022-12-21,6.88,6.89,6.99,6.73,495054
2022-12-22,6.79,7.09,7.115,6.74,499193
2022-12-23,7.09,6.84,7.18,6.785,347391
2022-12-27,6.85,6.6,6.92,6.57,348589
2022-12-28,6.71,6.6,6.74,6.58,431672
2022-12-29,6.63,7.03,7.38,6.58,679987
2022-12-30,6.95,7.04,7.05,6.79,306262
2023-01-03,7.07,6.93,7.34,6.86,562436
2023-01-04,6.93,7.19,7.285,6.91,503025
2023-01-05,7.17,6.9,7.17,6.89,394852
2023-01-06,6.85,6.84,7.12,6.68,393480
2023-01-09,6.83,6.35,6.86,6.32,838107
2023-01-10,6.28,6.02,6.47,5.75,1028785
2023-01-11,6.03,6.14,6.53,5.77,549217
2023-01-12,6.17,6.9,6.92,5.985,1281652
2023-01-13,6.84,6.84,7.37,6.61,1073950
2023-01-17,6.82,6.56,6.84,6.44,742261
2023-01-18,6.56,6.36,6.68,6.22,909204
2023-01-19,6.37,6.25,6.4,6.165,366776
2023-01-20,6.34,6.42,6.47,6.16,505768
2023-01-23,6.45,6.8,7.025,6.29,1251672
2023-01-24,6.75,7.01,7.095,6.75,552881
2023-01-25,6.96,6.8,6.96,6.77,523801
2023-01-26,6.8,6.73,6.88,6.605,409443
2023-01-27,6.75,6.9,7.005,6.7,348342
2023-01-30,6.81,7.0,7.03,6.69,560985
2023-01-31,7.02,7.17,7.18,6.92,516664
2023-02-01,7.19,6.9,7.19,6.805,648520
2023-02-02,6.94,7.31,7.32,6.93,559742
2023-02-03,7.22,7.1,7.44,7.065,432637
2023-02-06,7.08,6.83,7.08,6.82,377958
2023-02-07,6.83,6.78,6.92,6.6,394718
2023-02-08,6.71,6.51,6.72,6.45,343743
2023-02-09,6.6,6.45,6.65,6.4,400016
2023-02-10,6.45,6.53,6.61,6.365,350807
2023-02-13,6.5,6.45,6.55,6.34,286363
2023-02-14,6.44,6.58,6.65,6.33,426102
2023-02-15,6.52,6.56,6.57,6.37,514659
2023-02-16,6.51,6.34,6.57,6.28,683493
2023-02-17,6.4,6.65,6.73,6.27,470652
2023-02-21,6.49,6.17,6.53,6.155,624893
2023-02-22,6.2,6.33,6.405,6.19,511926
2023-02-23,6.33,6.32,6.35,6.21,363199
2023-02-24,6.23,6.2,6.3,6.16,443223
2023-02-27,6.25,6.29,6.33,6.24,295588
2023-02-28,6.26,6.29,6.43,6.15,489483
2023-03-01,6.22,5.615,6.295,5.6,1468541
2023-03-02,5.58,5.425,5.78,5.315,782510
2023-03-03,5.49,5.65,5.76,5.485,742234
2023-03-06,5.59,5.75,5.86,5.47,1087926
2023-03-07,5.75,5.74,5.96,5.59,1272267
2023-03-08,5.7,5.62,5.79,5.54,683072
2023-03-09,5.64,5.24,5.6975,5.22,951701
2023-03-10,5.24,4.64,5.24,4.525,1084450
2023-03-13,4.65,5.15,5.24,4.65,813416
2023-03-14,5.23,5.18,5.28,4.99,836023
2023-03-15,5.18,4.61,5.36,4.54,850205
2023-03-16,4.1,3.82,4.23,3.75,1973439
2023-03-17,3.73,3.76,3.92,3.55,3006871
2023-03-20,3.77,3.67,3.805,3.575,1168644
2023-03-21,3.7,3.66,3.7,3.55,1647663
2023-03-22,3.71,3.53,3.71,3.52,970359
2023-03-23,3.55,3.35,3.74,3.325,719272
2023-03-24,3.31,3.35,3.48,3.19,869458
2023-03-27,3.36,3.55,3.565,3.32,1261965
2023-03-28,3.55,3.21,3.66,3.2,3447725
2023-03-29,3.24,3.23,3.35,3.175,1972879
2023-03-30,3.27,3.16,3.37,3.13,1096524
2023-03-31,3.19,3.13,3.28,3.09,1057987
2023-04-03,3.12,3.05,3.17,3.0,1163148
2023-04-04,3.06,2.74,3.165,2.68,2158876
2023-04-05,2.7,2.36,2.765,2.305,2444298
2023-04-06,2.36,2.51,2.61,2.315,2284058
2023-04-10,2.5,2.36,2.508,2.25,979355
2023-04-11,2.35,2.38,2.42,2.325,1233034
2023-04-12,2.38,2.38,2.46,2.33,958016
2023-04-13,2.43,2.46,2.55,2.39,1061788
2023-04-14,2.46,2.38,2.48,2.31,1534671
2023-04-17,2.42,2.5,2.58,2.4,1142807
2023-04-18,2.55,2.47,2.58,2.38,769612
2023-04-19,2.42,2.5,2.55,2.42,856711
2023-04-20,2.53,2.47,2.53,2.43,886153
2023-04-21,2.46,2.49,2.56,2.45,1361230
2023-04-24,2.51,2.46,2.53,2.44,536412
2023-04-25,2.42,2.45,2.5075,2.42,665315
2023-04-26,2.45,2.37,2.505,2.36,696629
2023-04-27,2.37,2.34,2.51,2.33,668888
2023-04-28,2.35,2.43,2.45,2.32,686683
2023-05-01,2.4,2.49,2.51,2.35,549265
2023-05-02,2.53,2.5,2.53,2.44,1113411
2023-05-03,2.52,2.61,2.635,2.48,870287
2023-05-04,2.58,2.6,2.64,2.48,734574
2023-05-05,2.62,2.64,2.715,2.59,783319
2023-05-08,2.64,2.64,2.7,2.58,909988
2023-05-09,2.61,2.6,2.65,2.55,389688
2023-05-10,2.62,2.6,2.74,2.555,478647
2023-05-11,2.63,2.6,2.65,2.555,401070
2023-05-12,2.6,2.62,2.65,2.5,458205
2023-05-15,2.62,3.01,3.065,2.56,1145598
2023-05-16,2.98,3.05,3.08,2.8086,1215677
2023-05-17,3.07,2.82,3.07,2.8009,623855
2023-05-18,2.79,2.64,2.79,2.565,735907
2023-05-19,2.71,2.92,3.0,2.65,1053290
2023-05-22,2.91,3.04,3.05,2.88,600474
2023-05-23,3.04,3.02,3.12,2.995,500975
2023-05-24,3.02,2.82,3.02,2.8,1016515
2023-05-25,2.8,2.71,2.81,2.66,535293
2023-05-26,2.68,2.86,2.9,2.66,756186
2023-05-30,2.86,2.85,2.93,2.77,554515
2023-05-31,2.86,2.78,3.0,2.76,2168763
2023-06-01,2.84,2.78,2.89,2.76,396662
2023-06-02,2.82,2.86,2.88,2.725,431104
2023-06-05,2.87,2.91,3.01,2.86,664781
2023-06-06,2.96,3.06,3.08,2.83,489922
2023-06-07,3.04,2.91,3.13,2.9,362201
2023-06-08,2.88,2.47,2.91,2.46,1253083
2023-06-09,2.51,2.435,2.52,2.36,1171075
2023-06-12,2.4,2.45,2.485,2.35,1110299
2023-06-13,2.5,2.66,2.73,2.47,1406435
2023-06-14,2.66,2.6,2.74,2.6,1122729
2023-06-15,2.6,2.64,2.685,2.365,1091222
2023-06-16,2.66,2.52,2.685,2.485,6216573
2023-06-20,2.54,2.5,2.6,2.475,740301
2023-06-21,2.52,2.43,2.52,2.405,654680
2023-06-22,2.4,2.31,2.43,2.29,1425179
2023-06-23,2.29,2.38,2.41,2.245,3929794
2023-06-26,2.36,2.37,2.43,2.33,603753
2023-06-27,2.38,2.35,2.41,2.29,584851
2023-06-28,2.36,2.41,2.43,2.33,622916
2023-06-29,2.43,2.38,2.44,2.29,576152
2023-06-30,2.4,2.45,2.47,2.37,362419
2023-07-03,2.43,2.46,2.46,2.39,186476
2023-07-05,2.46,2.44,2.465,2.36,484716
2023-07-06,2.41,2.38,2.44,2.37,338076
2023-07-07,2.38,2.48,2.485,2.38,244875
2023-07-10,2.5,2.51,2.605,2.48,387227
2023-07-11,2.51,2.53,2.595,2.465,342804
2023-07-12,2.59,2.54,2.6,2.485,202419
2023-07-13,2.54,2.47,2.57,2.46,213886
2023-07-14,2.47,2.43,2.5,2.41,296109
2023-07-17,2.46,2.42,2.485,2.41,344827
2023-07-18,2.44,2.36,2.44,2.34,366995
2023-07-19,2.35,2.39,2.43,2.29,676445
2023-07-20,2.4,2.42,2.48,2.36,403333
2023-07-21,2.45,2.41,2.55,2.4,293012
2023-07-24,2.42,2.28,2.43,2.265,390285
2023-07-25,2.29,2.22,2.3,2.2,411255
2023-07-26,2.26,2.26,2.285,2.21,254620
2023-07-27,2.27,2.14,2.315,2.125,257559
2023-07-28,2.15,2.2,2.25,2.15,330431
2023-07-31,2.26,2.24,2.28,2.19,227186
2023-08-01,2.24,2.19,2.27,2.165,232282
2023-08-02,2.18,2.19,2.22,2.135,170965
2023-08-03,2.19,2.15,2.22,2.13,230155
2023-08-04,2.17,2.13,2.225,2.12,202719
2023-08-07,2.13,2.11,2.16,2.07,245335
2023-08-08,2.12,2.05,2.125,2.04,143990
2023-08-09,2.03,2.01,2.07,1.98,277004
2023-08-10,2.01,2.05,2.08,2.0,226881
2023-08-11,1.92,1.51,1.95,1.35,1491283
2023-08-14,1.5,1.55,1.58,1.41,555398
2023-08-15,1.55,1.54,1.565,1.44,509406
2023-08-16,1.53,1.45,1.59,1.44,735487
2023-08-17,1.43,1.39,1.45,1.37,309564
2023-08-18,1.36,1.29,1.36,1.275,440355
2023-08-21,1.3,1.28,1.32,1.23,600389
2023-08-22,1.28,1.4,1.41,1.26,254186
2023-08-23,1.4,1.47,1.505,1.38,248368
2023-08-24,1.48,1.5,1.51,1.345,372884
2023-08-25,1.52,1.65,1.67,1.48,392906
2023-08-28,1.65,1.65,1.67,1.55,401473
2023-08-29,1.64,1.66,1.685,1.56,368938
2023-08-30,1.66,1.63,1.67,1.6125,184334
2023-08-31,1.62,1.49,1.625,1.49,359570
2023-09-01,1.5,1.57,1.6,1.5,299725
2023-09-05,1.59,1.51,1.61,1.5,393719
2023-09-06,1.51,1.43,1.53,1.41,306152
2023-09-07,1.41,1.32,1.43,1.32,340352
2023-09-08,1.31,1.205,1.335,1.19,312083
2023-09-11,1.2618,1.2618,1.2618,1.2618,400
2023-09-12,1.2,1.22,1.25,1.18,168200
2023-09-13,1.23,1.19,1.24,1.19,257679
2023-09-14,1.2,1.21,1.23,1.19,170119
2023-09-15,1.24,1.29,1.3,1.235,684664
2023-09-18,1.32,1.22,1.32,1.21,305419
2023-09-19,1.22,1.19,1.2372,1.17,297870
2023-09-20,1.18,1.14,1.2,1.12,295355
2023-09-21,1.21,1.17,1.25,1.09,2446658
2023-09-22,1.1,1.14,1.1852,1.1,432572
2023-09-25,1.2,1.12,1.22,1.105,438695
2023-09-26,1.14,1.08,1.22,1.08,405670
2023-09-27,1.1,1.15,1.16,1.1,308123
2023-09-28,1.15,1.18,1.2,1.13,262396
2023-09-29,1.18,1.19,1.1975,1.165,165715
2023-10-02,1.17,1.15,1.19,1.13,303484
2023-10-03,1.14,1.04,1.14,1.0301,294063
2023-10-04,1.03,1.01,1.03,0.95,510650
2023-10-05,1.0,0.9343,1.0,0.9,531933
2023-10-06,0.94,0.956,1.02,0.89005,751151
2023-10-09,0.93,0.9169,0.9557,0.8631,5817021
2023-10-10,0.9178,1.04,1.04,0.9011,443255
2023-10-11,1.04,1.08,1.1,1.03,369030
2023-10-12,1.06,0.9162,1.1,0.9042,865795
2023-10-13,0.96,0.9566,0.965,0.93,189019
2023-10-16,0.9719,0.9999,1.01,0.919,150582
2023-10-17,0.99,1.06,1.07,0.98,198798
2023-10-18,1.05,0.9884,1.06,0.9716,273598
2023-10-19,0.9968,0.9611,1.01,0.95,150270
2023-10-20,0.9593,0.9543,0.999,0.94,220867
2023-10-23,1.0,0.9164,1.0,0.88,425294
2023-10-24,0.91,0.8782,0.93,0.873,390287
2023-10-25,0.89,0.8553,0.89,0.82,290707
2023-10-26,0.8515,0.7971,0.882,0.7875,542315
2023-10-27,0.7953,0.73,0.8025,0.7001,469014
2023-10-30,0.75,0.759,0.777,0.7365,226071
2023-10-31,0.75,0.7211,0.777,0.7061,210902
2023-11-01,0.7274,0.7603,0.77,0.716,178180
2023-11-02,0.75,0.7948,0.818,0.75,287308
2023-11-03,0.8115,0.8445,0.847,0.7747,316741
2023-11-06,0.8367,0.84,0.858,0.825,171188
2023-11-07,0.838,0.8371,0.8596,0.8135,309990
2023-11-08,0.8302,0.8375,0.8585,0.8,403210
2023-11-09,0.8151,0.7447,0.84,0.7446,256413
2023-11-10,0.7879,0.7173,0.792,0.7,661650
2023-11-13,0.716,0.7274,0.757,0.6746,786516
2023-11-14,0.806,0.7827,0.806,0.7,1111833
2023-11-15,0.7989,0.7917,0.884,0.777,1167809
2023-11-16,0.82,0.8386,0.856,0.7723,745501
2023-11-17,0.8303,0.8599,0.889999,0.806,1052334
2023-11-20,0.8502,0.8851,0.907,0.823,808989
2023-11-21,0.8706,0.88,0.9,0.8611,614816
2023-11-22,0.89,0.912,0.925,0.87,585143
2023-11-24,0.915,0.9148,0.915,0.89,525473
2023-11-27,0.915,0.893,0.915,0.8798,572245
2023-11-28,0.8812,0.8684,0.9188,0.8632,722056
2023-11-29,0.8805,0.831,0.899899,0.8127,1041841
2023-11-30,0.8489,0.8376,0.8525,0.8137,872299
2023-12-01,0.8544,0.8381,0.8579,0.82,1450119
2023-12-04,0.84,0.8624,0.8628,0.8321,1107003
2023-12-05,0.8411,0.855,0.8775,0.84,882208
2023-12-06,0.86,0.8694,0.8778,0.83,742138
2023-12-07,0.8811,0.8693,0.8811,0.855,826655
2023-12-08,0.878,0.8605,0.888,0.85,853295
2023-12-11,0.84,0.84,0.9,0.8374,1024834
2023-12-12,0.8355,0.8386,0.874,0.8152,1584946
2023-12-13,0.8504,0.85,0.874,0.8301,1919466
2023-12-14,0.85,0.8509,0.8621,0.84,1552957
2023-12-15,0.87,0.8372,0.875,0.8372,1427884
2023-12-18,0.8574,0.8426,0.87,0.8222,467933
2023-12-19,0.8431,0.854,0.8683,0.84,792534
2023-12-20,0.854,0.8501,0.8555,0.834,485341
2023-12-21,0.86,0.8423,0.87,0.834,365195
2023-12-22,0.8423,0.846,0.877,0.834,902362
2023-12-26,0.8644,0.8612,0.878,0.82,781107
2023-12-27,0.8741,0.9674,0.98,0.84655,859509
2023-12-28,0.97,0.9757,0.995,0.945,342094
2023-12-29,0.98,0.9474,0.9801,0.927,437024
2024-01-02,0.9582,0.95,0.9775,0.928,372251
2024-01-03,0.95,0.9005,0.969899,0.87,424065
2024-01-04,0.9082,0.8679,0.9138,0.85,613224
2024-01-05,0.86,0.9203,0.9615,0.8005,665411
2024-01-08,0.92,0.915,0.94,0.88,378178
2024-01-09,0.92,0.91,0.9288,0.88,213365
2024-01-10,0.92,0.9,0.9299,0.876,432845
2024-01-11,0.89,0.9064,0.925,0.8705,327375
2024-01-12,0.91,0.928,0.9611,0.885,713643
2024-01-16,0.9283,0.89,0.93,0.89,225483
2024-01-17,0.89,0.88,0.91,0.875,295877
2024-01-18,0.869,0.84,0.889001,0.83,298205
2024-01-19,0.84,0.83,0.87,0.803,468976
2024-01-22,0.8383,0.8345,0.8499,0.8,339087
2024-01-23,0.8298,0.82,0.847,0.80055,304916
2024-01-24,0.8388,0.8049,0.845,0.801,263206
2024-01-25,0.8049,0.8209,0.8356,0.7965,273800
2024-01-26,0.8323,0.8295,0.8479,0.8124,399405
2024-01-29,0.8311,0.9266,0.942,0.82,838108
2024-01-30,0.93,0.9163,0.948,0.9,350453
2024-01-31,0.93,0.9895,1.0,0.9,891037
2024-02-01,0.9897,0.95,0.998,0.9221,357585
2024-02-02,0.9686,0.9453,0.969,0.94,213054
2024-02-05,0.95,0.9335,0.96,0.92,325783
2024-02-06,0.9451,0.9421,0.969,0.9359,220973
2024-02-07,0.93,0.9319,0.967,0.9204,299905
2024-02-08,0.93,0.9473,0.9604,0.93,530084
2024-02-09,0.95,0.9531,0.9838,0.9408,763697
2024-02-12,0.968,0.88,0.968,0.8781,1892657
2024-02-13,0.86,0.8323,0.8959,0.83,982875
2024-02-14,0.8356,0.8416,0.87,0.8052,405505
2024-02-15,0.84,0.8432,0.854,0.821,330642
2024-02-16,0.8443,0.84,0.8656,0.8327,400022
2024-02-20,0.84,0.8266,0.8631,0.819,582138
2024-02-21,0.8288,0.833,0.8445,0.8055,580429
2024-02-22,0.833,0.85,0.874,0.82,544484
2024-02-23,0.85,0.9002,0.919,0.842,1109047
2024-02-26,0.91,0.8962,0.944,0.8615,1224301
2024-02-27,0.92,0.9695,0.982,0.883,2886945
2024-02-28,0.985,1.04,1.06,0.9668,1480340
2024-02-29,1.05,1.05,1.09,1.03,1528236
2024-03-01,1.05,1.03,1.135,1.02,1311545
2024-03-04,1.03,1.02,1.06,0.9706,785704
2024-03-05,0.9825,1.03,1.06,0.98,614882
2024-03-06,1.05,1.03,1.05,1.0,496459
2024-03-07,1.03,1.0,1.04,0.977,619319
2024-03-08,0.9904,0.9565,1.01,0.925,402857
2024-03-11,0.9566,0.9539,0.9683,0.92,623972
2024-03-12,0.975,0.9301,0.9943,0.88,713976
2024-03-13,0.95,0.91,0.95,0.887,395094
2024-03-14,0.93,0.85,0.93,0.85,638260
2024-03-15,0.8421,0.88,0.914,0.8108,878896
2024-03-18,0.8967,0.8703,0.898,0.84,505743
2024-03-19,0.8699,0.8708,0.8726,0.8451,502708
2024-03-20,0.87,0.8925,0.9018,0.83,536558
2024-03-21,0.8952,0.965,0.9821,0.8655,1569901
2024-03-22,1.02,0.9745,1.04,0.9601,1949325
2024-03-25,0.99,0.915,1.01,0.908,1148876
2024-03-26,0.94,0.8939,0.953,0.82,1393542
2024-03-27,0.885,0.903,0.9076,0.8525,611352
2024-03-28,0.9053,0.9016,0.938,0.882,1175764
2024-04-01,0.91,0.9201,0.9265,0.857,824077
2024-04-02,0.885,0.8632,0.8918,0.8522,565068
2024-04-03,0.8615,0.8575,0.897,0.844,795687
2024-04-04,0.8427,0.8212,0.8659,0.8106,1090135
2024-04-05,0.82,0.7975,0.8257,0.7502,988320
2024-04-08,0.8012,0.807,0.8161,0.79,622075
2024-04-09,0.8004,0.8286,0.8321,0.8,544314
2024-04-10,0.81,0.8,0.8179,0.7911,587720
2024-04-11,0.8,0.8571,0.869,0.8,1329699
2024-04-12,0.862,0.8627,0.88,0.8451,623124
2024-04-15,0.8645,0.8095,0.87,0.8,585799
2024-04-16,0.82,0.7831,0.828,0.7724,599346
2024-04-17,0.8,0.8166,0.8207,0.7701,454282
2024-04-18,0.82,0.7876,0.8202,0.7849,545362
2024-04-19,0.78,0.79,0.8044,0.7711,421814
2024-04-22,0.8041,0.822,0.835,0.785,709557
2024-04-23,0.811,0.826,0.8439,0.805,518861
2024-04-24,0.811,0.8014,0.834,0.8,445607
2024-04-25,0.8002,0.79,0.805,0.773,577569
2024-04-26,0.8,0.8049,0.8138,0.78,496295
2024-04-29,0.82,0.8378,0.85,0.8103,597200
2024-04-30,0.8378,0.8245,0.85,0.82,634034
2024-05-01,0.83,0.8385,0.85,0.8105,970775
2024-05-02,0.84,0.8547,0.8679,0.8339,659673
2024-05-03,0.86,0.8574,0.86,0.8336,193867
2024-05-06,0.857,0.8147,0.857,0.803,497544
2024-05-07,0.827,0.84,0.8493,0.8011,453290
2024-05-08,0.83,0.821,0.8377,0.8036,620204
2024-05-09,0.82,0.817,0.8379,0.8062,669717
2024-05-10,0.8,0.7727,0.8147,0.77,1067684
2024-05-13,0.79,0.7475,0.8065,0.72,1525124
2024-05-14,0.7338,0.7895,0.8138,0.73,1219718
2024-05-15,0.798,0.7723,0.798,0.7713,425070
2024-05-16,0.77,0.768,0.7838,0.743,623270
2024-05-17,0.78,0.7657,0.7842,0.755,266034
2024-05-20,0.7657,0.7699,0.7744,0.7416,563761
2024-05-21,0.775,0.7759,0.8,0.7551,571591
2024-05-22,0.7792,0.772,0.785449,0.7512,208330
2024-05-23,0.761,0.7286,0.7939,0.7249,524374
2024-05-24,0.731,0.705,0.744025,0.703,497104
2024-05-28,0.701,0.712,0.7321,0.7,611638
2024-05-29,0.711,0.6887,0.7119,0.68,679903
2024-05-30,0.7,0.6844,0.7123,0.67,845539
2024-05-31,0.6955,0.694,0.7,0.6712,475630
2024-06-03,0.7036,0.7087,0.7269,0.691,337454
2024-06-04,0.7029,0.702,0.7262,0.6911,189548
2024-06-05,0.7,0.698,0.728,0.68,486112
2024-06-06,0.6811,0.675,0.6998,0.6452,718365
2024-06-07,0.688,0.6847,0.695,0.65,589228
2024-06-10,0.679,0.7194,0.725,0.6763,558872
2024-06-11,0.71,0.7085,0.71,0.68,180079
2024-06-12,0.7247,0.7099,0.754,0.7005,478081
2024-06-13,0.7133,0.6942,0.718399,0.6832,214288
2024-06-14,0.6905,0.6825,0.7087,0.671,205605
2024-06-17,0.685,0.664,0.6985,0.655,304153
2024-06-18,0.661,0.6549,0.6884,0.6454,595251
2024-06-20,0.664,0.6616,0.686,0.65,179800
2024-06-21,0.6616,0.6428,0.6616,0.6318,743869
2024-06-24,0.635,0.65,0.66,0.635,522846
2024-06-25,0.65,0.6563,0.6643,0.6401,951502
2024-06-26,0.6509,0.6311,0.66,0.6311,501724
2024-06-27,0.638,0.6343,0.6592,0.6311,718378
2024-06-28,0.64,0.6,0.6444,0.5968,9811566
2024-07-01,0.6012,0.5836,0.6298,0.583,1049205
2024-07-02,0.58,0.57,0.593,0.538,903509
2024-07-03,0.579,0.5791,0.5797,0.5679,282095
2024-07-05,0.57,0.5803,0.583,0.5699,198027
2024-07-08,0.575,0.5472,0.597,0.5471,380225
2024-07-09,0.5472,0.5649,0.576,0.545,364520
2024-07-10,0.57,0.5672,0.5873,0.565,481676
2024-07-11,0.5718,0.6255,0.6349,0.5718,931073
2024-07-12,0.63,0.6369,0.6799,0.6232,382352
2024-07-15,0.635,0.635,0.6667,0.622,546877
2024-07-16,0.6322,0.6501,0.6798,0.6301,946201
2024-07-17,0.6426,0.6791,0.704,0.6426,658497
2024-07-18,0.68,0.643,0.7,0.6401,369858
2024-07-19,0.6402,0.6301,0.6741,0.6272,194523
2024-07-22,0.6394,0.6334,0.6398,0.6165,232701
2024-07-23,0.6333,0.6321,0.64,0.6103,257264
2024-07-24,0.6301,0.6611,0.6771,0.6301,325570
2024-07-25,0.6488,0.6583,0.67,0.6436,604648
2024-07-26,0.6681,0.668,0.6751,0.6501,132502
2024-07-29,0.6724,0.6803,0.698,0.6724,314024
2024-07-30,0.672,0.655,0.6875,0.6453,257826
2024-07-31,0.6591,0.65,0.6776,0.645,213181
2024-08-01,0.651,0.634,0.665,0.625,252012
2024-08-02,0.6327,0.6116,0.6327,0.605,214559
2024-08-05,0.5786,0.585,0.593,0.565,223495
2024-08-06,0.62,0.58,0.62,0.5681,256518
2024-08-07,0.589,0.5669,0.5921,0.552,242019
2024-08-08,0.58,0.5774,0.5924,0.5669,146767
2024-08-09,0.59,0.5643,0.59,0.5526,253919
2024-08-12,0.5988,0.5909,0.6,0.56,247301
2024-08-13,0.5909,0.5802,0.613104,0.5703,297894
2024-08-14,0.6,0.6095,0.62,0.5635,893915
2024-08-15,0.602,0.6246,0.64,0.5938,579787
2024-08-16,0.641,0.6134,0.6411,0.602,188602
2024-08-19,0.606,0.6117,0.6225,0.601,320899
2024-08-20,0.59,0.6005,0.6116,0.5833,349143
2024-08-21,0.601,0.6314,0.6314,0.601,236969
2024-08-22,0.6329,0.6113,0.6329,0.6101,89505
2024-08-23,0.62,0.6287,0.646,0.6174,258232
2024-08-26,0.6269,0.6796,0.6894,0.6234,1054814
2024-08-27,0.68,0.6364,0.68,0.635,155893
2024-08-28,0.64,0.6144,0.672,0.607,200372
2024-08-29,0.63,0.598,0.6499,0.5913,476013
2024-08-30,0.592,0.6006,0.6169,0.592,98821
2024-09-03,0.607,0.58,0.6135,0.563,261485
2024-09-04,0.58,0.5655,0.6,0.5655,135776
2024-09-05,0.57,0.5799,0.5944,0.57,48679
2024-09-06,0.5757,0.5595,0.5801,0.5563,244323
2024-09-09,0.57,0.5673,0.5869,0.561,143513
2024-09-10,0.566,0.56,0.576,0.557,351709
2024-09-11,0.55,0.578,0.57905,0.55,363773
2024-09-12,0.58,0.567,0.58,0.561,319424
2024-09-13,0.568,0.57,0.5859,0.566,196438
