2024-06-10,16.39,16.87,16.87,16.38,120375
2024-06-11,16.75,16.87,17.0,16.62,94663
2024-06-12,17.0,16.7,17.0,16.64,147942
2024-06-13,16.66,16.49,16.66,16.33,65973
2024-06-14,16.63,16.45,16.63,16.18,67947
2024-06-17,16.4,16.99,17.0,16.4,78769
2024-06-18,16.88,16.65,16.95,16.6,68448
2024-06-20,16.66,16.27,16.75,16.17,95187
2024-06-21,16.21,15.76,16.25,15.73,138508
2024-06-24,15.82,16.88,16.89,15.79,136714
2024-06-25,16.86,16.71,16.86,16.48,73157
2024-06-26,16.54,16.34,16.695,16.2114,84889
2024-06-27,16.35,16.55,16.7,16.21,65648
2024-06-28,16.7,16.66,16.92,16.45,679585
2024-07-01,16.64,16.17,16.7,16.07,87421
2024-07-02,16.23,16.16,16.33,16.11,35481
2024-07-03,16.15,16.39,16.51,16.15,37855
2024-07-05,16.27,16.25,16.27,15.975,81099
2024-07-08,16.25,16.49,16.53,16.25,45838
2024-07-09,16.49,16.35,16.57,16.11,75388
2024-07-10,16.48,16.47,16.58,16.07,83879
2024-07-11,16.85,17.35,17.62,16.64,234624
2024-07-12,17.76,17.43,17.98,17.4,116206
2024-07-15,17.51,18.28,18.39,17.51,118016
2024-07-16,18.4,18.7,18.7585,18.16,221264
2024-07-17,18.51,18.21,18.7,18.12,161468
2024-07-18,18.15,18.53,18.55,17.94,180420
2024-07-19,18.67,18.63,19.14,18.38,79643
2024-07-22,19.03,18.74,19.2792,18.4811,192312
2024-07-23,18.7,19.01,19.48,18.58,107626
2024-07-24,19.03,18.68,19.5,18.43,158014
2024-07-25,18.76,19.07,19.24,18.65,96136
2024-07-26,19.28,19.02,19.37,18.88,149707
2024-07-29,19.4,19.36,19.46,18.88,176936
2024-07-30,19.39,18.97,19.395,18.84,98540
2024-07-31,19.17,19.11,19.4599,18.69,181332
2024-08-01,19.14,18.83,19.285,18.42,124256
2024-08-02,18.28,17.56,18.46,17.55,85056
2024-08-05,16.57,16.69,16.9,15.9,126218
2024-08-06,16.72,16.75,17.2,16.66,52438
2024-08-07,17.26,18.51,18.58,16.59,176681
2024-08-08,18.85,18.86,19.165,18.7,95129
2024-08-09,18.84,18.86,19.42,18.7,125715
2024-08-12,18.85,18.46,18.85,18.26,69271
2024-08-13,18.71,19.21,19.33,18.505,91390
2024-08-14,19.4,18.82,19.4,18.64,172363
2024-08-15,19.26,19.42,19.67,18.87,118316
2024-08-16,19.28,19.52,19.74,19.03,167390
2024-08-19,19.5,19.36,19.63,19.08,104628
2024-08-20,19.42,19.15,19.42,18.78,116019
2024-08-21,19.41,19.15,19.41,18.98,116376
2024-08-22,19.18,18.96,19.2,18.76,72309
2024-08-23,18.95,19.42,19.585,18.875,138201
2024-08-26,19.38,19.8,19.94,19.38,116475
2024-08-27,19.55,19.42,19.67,19.34,91129
2024-08-28,19.28,19.26,19.46,18.91,77005
2024-08-29,19.53,19.41,19.71,19.0777,131238
2024-08-30,19.39,19.31,19.41,18.93,64303
2024-09-03,19.09,19.41,19.47,18.71,161515
2024-09-04,19.42,18.4,19.43,18.39,140100
2024-09-05,18.47,18.57,18.79,18.37,98547
2024-09-06,18.47,18.37,18.5,18.25,75408
2024-09-09,18.39,18.65,19.06,18.39,76756
2024-09-10,18.75,18.6,18.84,18.405,79053
2024-09-11,18.54,18.69,18.7,18.245,101274
2024-09-12,18.94,18.7,18.99,18.58,64117
2024-09-13,18.95,19.22,19.53,18.63,102334
