2024-06-05,24.0743,24.0743,24.0743,24.0743,3
2024-06-06,24.1463,24.1463,24.1463,24.1463,194
2024-06-07,24.08,24.1843,24.1843,23.925,683
2024-06-10,23.74,23.7533,23.7533,23.74,636
2024-06-11,23.85,23.5328,23.88,23.5328,8551
2024-06-12,23.5,23.4218,23.58,23.3941,11832
2024-06-13,23.66,23.6317,23.73,23.61,14830
2024-06-14,23.71,23.6745,23.77,23.58,27820
2024-06-17,23.75,23.5426,23.99,23.49,34690
2024-06-18,23.69,23.8872,23.989,23.69,2232
2024-06-20,23.82,23.7719,23.99,23.75,15378
2024-06-21,23.8699,24.11,24.125,23.8687,1283
2024-06-24,23.88,23.9396,24.07,23.58,10090
2024-06-25,23.5,23.3637,23.58,23.33,15070
2024-06-26,23.51,23.2223,23.51,23.2223,4324
2024-06-27,22.89,22.9693,23.035,22.87,9094
2024-06-28,22.99,23.5808,23.5808,22.92,2698
2024-07-01,23.59,23.5868,24.02,23.5868,4895
2024-07-02,23.82,23.3959,23.82,23.3959,2572
2024-07-03,23.5,23.3612,23.5,23.32,5720
2024-07-05,23.24,22.02,23.27,21.99,35933
2024-07-08,22.0,22.4697,22.4697,22.0,13007
2024-07-09,22.29,22.4462,22.46,22.15,6190
2024-07-10,22.36,22.235,22.41,22.095,9729
2024-07-11,22.27,23.1479,23.2001,22.27,7823
2024-07-12,23.85,23.83,23.945,23.463,23705
2024-07-15,23.85,23.9715,23.9715,23.49,28898
2024-07-16,23.79,24.265,24.3768,23.6,11084
2024-07-17,24.84,25.6442,25.72,24.84,16313
2024-07-18,24.92,24.8749,25.4299,24.861,16735
2024-07-19,24.57,24.8578,24.89,24.37,4715
2024-07-22,24.41,24.32,24.46,24.14,13550
2024-07-23,24.03,24.26,24.26,23.98,17271
2024-07-24,25.07,25.6081,25.6081,24.85,28334
2024-07-25,25.55,26.0088,26.62,25.54,62884
2024-07-26,25.44,25.3923,25.67,25.19,27551
2024-07-29,25.29,25.3785,25.3785,24.99,49066
2024-07-30,25.27,25.4883,25.859,25.008,20708
2024-07-31,25.09,24.9166,25.18,24.826,127023
2024-08-01,22.48,23.7,23.951,22.153,214360
2024-08-02,24.1,24.14,24.7,23.61,71621
2024-08-05,26.02,24.7788,26.02,24.42,48612
2024-08-06,24.64,23.8162,24.64,23.391,97884
2024-08-07,23.42,24.1038,24.15,23.0799,51434
2024-08-08,23.641,23.05,23.79,23.05,38459
2024-08-09,23.17,22.7113,23.19,22.705,34290
2024-08-12,22.74,22.8227,23.11,22.74,47709
2024-08-13,22.65,22.257,22.66,22.14,27696
2024-08-14,22.26,22.3218,22.41,22.04,70415
2024-08-15,22.2,21.9107,22.29,21.8003,51062
2024-08-16,22.13,22.3101,22.329,22.09,42013
2024-08-19,22.32,22.2472,22.5099,22.19,45357
2024-08-20,22.3,22.3541,22.37,22.18,21636
2024-08-21,22.35,22.0,22.35,21.849,116454
2024-08-22,21.92,22.1598,22.24,21.66,43916
2024-08-23,21.9,22.3295,22.3595,21.86,35517
2024-08-26,22.32,22.6539,22.88,22.32,50599
2024-08-27,22.75,22.7175,22.814,22.531,30399
2024-08-28,22.76,22.81,22.939,22.6301,33603
2024-08-29,22.7394,22.78,22.82,22.371,45014
2024-08-30,22.57,22.6309,22.8661,22.56,48707
2024-09-03,22.69,23.05,23.1599,22.5,50392
2024-09-04,23.36,23.0108,23.36,22.881,39272
2024-09-05,23.0,22.8844,23.0,22.68,59964
2024-09-06,22.56,23.5913,23.6797,22.56,50232
2024-09-09,23.3,23.3895,23.4596,23.1,13380
2024-09-10,23.1,23.39,23.6,23.0112,26134
2024-09-11,23.33,23.07,23.81,23.05,37417
2024-09-12,22.92,22.4717,22.92,22.44,32845
2024-09-13,22.69,22.53,22.8,22.42,23455
2024-09-16,22.63,22.12,22.76,22.12,12008
2024-09-17,21.98,22.03,22.19,21.78,78856
2024-09-18,22.0,21.97,22.0853,21.71,19937
2024-09-19,21.47,21.08,21.58,21.02,109785
2024-09-20,21.08,21.0,21.2,20.92,28199
2024-09-23,20.73,20.93,20.975,20.5712,43197
2024-09-24,20.67,20.79,21.08,20.67,36430
2024-09-25,20.75,20.58,20.75,20.27,95126
2024-09-26,20.32,20.63,20.7999,20.31,56148
2024-09-27,20.57,20.66,20.72,20.565,20795
2024-09-30,20.66,20.45,20.719,20.4,55102
2024-10-01,20.25,20.32,20.549,20.11,134037
2024-10-02,20.41,20.48,20.559,20.379,27220
2024-10-03,20.54,20.1,20.54,20.1,84843
2024-10-04,20.05,19.69,20.07,19.641,64155
2024-10-07,19.6,20.03,20.06,19.46,58830
2024-10-08,19.95,19.78,19.95,19.74,31182
2024-10-09,19.74,19.85,20.14,19.74,32622
2024-10-10,19.89,20.09,20.09,19.88,13354
2024-10-11,20.04,19.89,20.1,19.84,16119
2024-10-14,19.76,19.85,19.85,19.5602,16687
2024-10-15,19.99,20.05,20.17,19.905,19688
2024-10-16,20.17,20.36,20.43,20.17,23337
2024-10-17,20.13,20.35,20.35,20.11,13414
2024-10-18,20.23,20.36,20.37,20.12,18602
2024-10-21,20.385,20.44,20.61,20.385,16765
2024-10-22,20.36,20.18,20.4,20.18,7626
2024-10-23,20.23,20.83,20.8697,20.23,12653
2024-10-24,20.79,20.69,20.86,20.66,19314
2024-10-25,20.48,20.47,20.492961,20.23,11859
2024-10-28,20.18,20.3,20.44,20.18,41170
2024-10-29,20.38,19.78,20.38,19.78,24032
2024-10-30,19.53,19.84,19.89,19.53,175766
2024-10-31,20.08,20.67,20.79,19.9101,483023
2024-11-01,20.64,20.7,20.815,20.47,135000
2024-11-04,20.78,20.93,20.995,20.6601,24074
2024-11-05,20.66,20.49,20.6883,20.47,56177
2024-11-06,20.79,20.5,21.1196,20.5,130609
2024-11-07,20.33,19.8,20.37,19.7275,27170
2024-11-08,19.77,19.89,20.03,19.77,5877
2024-11-11,19.98,20.1,20.2893,19.98,25365
2024-11-12,19.93,20.05,20.17,19.59,24021
2024-11-13,20.1548,20.21,20.3634,20.0312,10957
2024-11-14,20.33,20.32,20.449,20.25,25444
2024-11-15,20.55,21.17,21.2177,20.55,56844
2024-11-18,21.05,21.16,21.24,20.95,18063
2024-11-19,21.279,20.89,21.279,20.89,30004
2024-11-20,20.88,20.74,21.13,20.72,12745
2024-11-21,20.59,20.83,21.34,20.59,32677
2024-11-22,20.89,20.9898,21.139,20.89,11982
2024-11-25,20.9,20.77,21.0,20.51,20800
2024-11-26,20.5186,20.47,20.622,20.3308,18374
2024-11-27,20.47,20.6381,20.76,20.47,29568
2024-11-29,20.67,20.46,20.67,20.3148,21939
2024-12-02,20.13,19.81,20.195,19.772,136533
2024-12-03,19.79,19.12,19.82,19.11,85176
2024-12-04,19.13,19.13,19.36,19.02,66160
2024-12-05,19.01,19.28,19.33,18.94,66436
2024-12-06,19.17,18.82,19.17,18.63,99141
2024-12-09,18.81,19.12,19.311,18.77,55610
2024-12-10,19.0106,18.95,19.129,18.8,31828
2024-12-11,18.83,18.54,18.8304,18.3688,43160
2024-12-12,18.57,18.61,18.69,18.44,19050
2024-12-13,18.7,18.93,19.015,18.6317,34040
2024-12-16,18.66,18.79,18.93,18.62,35263
2024-12-17,18.61,18.9305,19.005,18.61,25696
2024-12-18,18.92,19.62,19.62,18.73,59150
2024-12-19,19.2631,19.69,19.69,19.26,60606
2024-12-20,19.84,20.09,20.09,19.4635,52941
2024-12-23,19.66,19.32,19.76,19.29,64965
2024-12-24,19.24,19.08,19.24,19.08,33839
2024-12-26,19.25,19.22,19.31,19.19,8150
2024-12-27,19.39,19.34,19.65,19.34,21591
2024-12-30,19.68,19.63,19.75,19.43,24970
2024-12-31,19.66,19.82,19.84,19.54,36993
2025-01-02,19.69,19.36,19.72,19.2,90634
2025-01-03,19.2,19.2,19.43,19.05,34901
2025-01-06,18.98,18.39,19.14,18.385,101160
2025-01-07,18.35,18.75,19.01,18.35,88198
2025-01-08,18.87,18.97,19.11,18.81,82032
2025-01-10,18.97,18.82,19.38,18.3986,83540
2025-01-13,19.11,19.07,19.29,19.0499,77638
2025-01-14,19.19,19.5,19.64,19.19,118418
2025-01-15,18.97,18.75,19.02,18.5888,85558
2025-01-16,18.979,18.94,18.98,18.791,40076
2025-01-17,18.6,18.91,19.14,18.59,54815
2025-01-21,18.76,18.8,18.91,18.67,30302
2025-01-22,18.65,18.585,18.66,18.285,108697
2025-01-23,18.46,18.2,18.58,18.2,64943
2025-01-24,18.24,17.9,18.24,17.77,146477
2025-01-27,18.28,17.54,18.5,17.4699,381165
2025-01-28,17.38,17.19,17.53,16.96,380745
2025-01-29,17.17,17.11,17.39,17.0199,793934
2025-01-30,16.63,16.83,17.12,16.27,720657
2025-01-31,16.74,16.81,16.89,16.4126,366562
2025-02-03,17.14,16.61,17.14,16.46,561689
2025-02-04,16.5287,16.45,16.7401,16.38,265350
2025-02-05,16.46,16.42,16.57,16.1475,287106
2025-02-06,16.44,16.28,16.47,16.1113,258200
2025-02-07,16.19,16.23,16.3,16.0096,479610
2025-02-10,16.17,16.17,16.32,16.0975,478464
2025-02-11,16.3,16.12,16.33,16.035,748337
2025-02-12,16.21,16.0,16.25465,15.9601,691687
2025-02-13,16.1,15.93,16.17,15.93,921176
2025-02-14,15.99,15.76,16.0,15.68,1032350
2025-02-18,15.79,16.2,16.401,15.77,1234232
2025-02-19,16.46,16.49,16.6763,16.43,591232
2025-02-20,16.65,16.7,16.7373,16.4502,486550
2025-02-21,16.65,16.98,17.01,16.5079,388717
2025-02-24,16.95,17.37,17.51,16.93,274870
2025-02-25,17.44,17.65,18.0599,17.3801,357494
2025-02-26,17.62,17.22,17.62,16.98,178110
2025-02-27,17.01,17.62,17.635,16.89,218101
2025-02-28,17.65,17.38,18.06,17.345,213508
2025-03-03,17.25,17.72,17.82,17.07,163986
2025-03-04,18.0,18.13,18.57,17.871,318754
2025-03-05,18.07,17.69,18.19,17.6,134585
2025-03-06,17.93,18.45,18.53,17.85,125594
2025-03-07,18.56,18.53,19.26,18.27,220643
2025-03-10,19.01,19.33,19.66,19.0,192607
2025-03-11,19.43,19.12,19.43,18.83,152675
2025-03-12,18.351,18.68,18.98,18.24,96931
2025-03-13,18.66,19.54,19.655,18.66,157496
2025-03-14,19.14,18.98,19.41,18.935,127597
2025-03-17,18.99,19.07,19.275,18.83,84981
2025-03-18,19.22,19.78,20.015,19.22,163739
2025-03-19,19.75,19.72,20.03,19.4704,126805
2025-03-20,19.82,19.68,19.84,18.87,248872
2025-03-21,19.765,19.33,19.81,19.31,78408
