2021-05-13,10.13,9.77,10.19,9.6,220443
2021-05-14,10.03,10.05,10.0799,9.895,70563
2021-05-17,10.29,10.14,10.31,10.07,88042
2021-05-18,10.3,10.09,10.3,10.09,69116
2021-05-19,10.05,9.86,10.05,9.704,85332
2021-05-20,9.96,9.9234,9.97,9.84,36158
2021-05-21,9.99,9.91,9.99,9.8,16570
2021-05-24,9.91,10.0,10.049,9.91,31835
2021-05-25,10.08,10.0264,10.145,10.0,47826
2021-05-26,10.15,10.195,10.2399,10.0,30301
2021-05-27,10.36,10.35,10.36,10.23,16251
2021-05-28,10.3,10.348,10.38,10.3,66215
2021-06-01,10.6,10.25,10.6,10.25,21286
2021-06-02,10.45,10.38,10.47,10.28,55286
2021-06-03,10.5,10.27,10.5,10.26,24114
2021-06-04,10.39,10.25,10.51,10.21,11145
2021-06-07,10.31,10.3166,10.45,10.2001,34125
2021-06-08,10.46,10.3,10.46,10.25,43069
2021-06-09,10.3,10.2,10.3299,10.2,31627
2021-06-10,10.11,10.0968,10.209,10.05,24571
2021-06-11,10.05,10.1,10.1699,10.05,11253
2021-06-14,10.16,10.05,10.225,10.05,12593
2021-06-15,10.06,9.8,10.086,9.8,44236
2021-06-16,9.85,9.8,9.85,9.79,13852
2021-06-17,9.8,9.7,9.85,9.6,19368
2021-06-18,9.6,9.55,9.6899,9.55,31782
2021-06-21,9.6,9.57,9.6,9.49,26908
2021-06-22,9.57,9.51,9.57,9.49,16106
2021-06-23,9.53,9.74,9.74,9.51,16288
2021-06-24,9.88,9.97,9.99,9.8618,24898
2021-06-25,9.94,10.0499,10.0499,9.84,44862
2021-06-28,10.0,9.98,10.04,9.93,37596
2021-06-29,10.03,9.9184,10.03,9.84,10488
2021-06-30,9.97,9.8604,9.97,9.825,9346
2021-07-01,9.9928,10.0,10.04,9.89,25368
2021-07-02,10.07,9.94,10.07,9.8601,8211
2021-07-06,9.97,9.83,9.97,9.7501,7254
2021-07-07,10.06,9.85,10.06,9.85,19576
2021-07-08,10.22,9.7253,10.22,9.6444,13945
2021-07-09,9.84,9.8553,9.88,9.68,16219
2021-07-12,9.92,9.8227,9.92,9.78,6654
2021-07-13,9.79,9.8625,10.08,9.79,10800
2021-07-14,9.88,9.6,9.95,9.6,14586
2021-07-15,9.56,9.3415,9.56,9.15,23034
2021-07-16,9.49,9.1,9.49,9.095,16483
2021-07-19,9.07,8.8,9.14,8.6,30078
2021-07-20,8.94,9.0493,9.06,8.93,35335
2021-07-21,9.48,9.171,9.48,9.14,14951
2021-07-22,9.25,9.1,9.25,9.0501,8140
2021-07-23,9.15,8.98,9.15,8.95,14187
2021-07-26,8.91,8.831,9.0,8.79,10856
2021-07-27,8.82,8.68,8.87,8.65,15077
2021-07-28,8.8001,8.8746,8.919,8.8,7758
2021-07-29,8.92,8.9,8.99,8.89,14404
2021-07-30,8.91,8.8163,8.9499,8.75,4643
2021-08-02,8.82,8.9792,8.9792,8.82,5936
2021-08-03,9.1,8.8635,9.1,8.82,11757
2021-08-04,8.86,8.76,8.8799,8.72,32229
2021-08-05,8.92,9.02,9.02,8.79,21784
2021-08-06,9.11,9.055,9.11,8.98,6957
2021-08-09,9.07,9.155,9.155,9.05,2721
2021-08-10,9.2,9.0851,9.2,9.031,10033
2021-08-11,9.0,8.9314,9.02,8.9314,2444
2021-08-12,8.93,8.7501,8.9676,8.75,8191
2021-08-13,8.68,8.65,8.8577,8.65,12968
2021-08-16,8.64,8.37,8.64,8.3001,18393
2021-08-17,8.31,8.1899,8.31,8.03,19585
2021-08-18,8.27,8.2948,8.34,8.2,7087
2021-08-19,8.16,8.06,8.16,8.05,5945
2021-08-20,8.12,8.0,8.12,8.0,15621
2021-08-23,8.0001,8.07,8.08,8.0,9630
2021-08-24,8.08,8.1,8.1,8.0,22902
2021-08-25,8.13,8.215,8.2581,8.13,2754
2021-08-26,8.29,8.1,8.29,8.1,32788
2021-08-27,8.1601,8.1801,8.26,8.1601,1748
2021-08-30,8.1961,8.11,8.22,8.11,2571
2021-08-31,8.17,8.1044,8.17,8.05,7784
2021-09-01,8.14,8.1965,8.28,8.12,3779
2021-09-02,8.25,8.2,8.25,8.1801,6706
2021-09-03,8.26,8.327,8.35,8.259,9829
2021-09-07,8.38,8.3,8.38,8.285,5852
2021-09-08,8.22,8.03,8.22,8.03,5590
2021-09-09,8.05,7.97,8.06,7.96,9191
2021-09-10,7.93,7.655,7.96,7.645,10543
2021-09-13,7.55,7.64,7.64,7.5,28173
2021-09-14,7.579,7.4,7.579,7.4,3556
2021-09-15,7.39,7.6841,7.719,7.37,8674
2021-09-16,7.725,7.7889,7.7889,7.6324,3239
2021-09-17,7.99,7.7437,7.99,7.6901,2008
2021-09-20,7.69,7.4,7.69,7.4,14495
2021-09-21,7.46,7.5406,7.55,7.33,10635
2021-09-22,7.625,7.7319,7.8499,7.62,5444
2021-09-23,7.9299,7.86,8.02,7.85,7929
2021-09-24,7.641,7.8914,7.9,7.641,5788
2021-09-27,8.02,7.9862,8.02,7.878,3440
2021-09-28,8.01,7.85,8.01,7.73,4371
2021-09-29,7.7787,7.6342,7.7787,7.581,3308
2021-09-30,7.75,7.7084,7.75,7.56,15269
2021-10-01,7.82,7.66,7.82,7.62,2240
2021-10-04,7.74,7.475,7.7499,7.45,13203
2021-10-05,7.45,7.45,7.519,7.4,7918
2021-10-06,7.5003,7.495,7.5099,7.385,9711
2021-10-07,7.62,7.595,7.659,7.501,3821
2021-10-08,7.66,7.48,7.66,7.4201,2790
2021-10-11,7.48,7.46,7.4949,7.44,2346
2021-10-12,7.4456,7.44,7.48,7.44,2182
2021-10-13,7.3501,7.36,7.395,7.3501,1973
2021-10-14,7.375,7.4,7.42,7.375,2436
2021-10-15,7.37,7.22,7.37,7.195,9246
2021-10-18,7.18,7.0301,7.19,6.89,23547
2021-10-19,7.02,7.34,7.345,7.02,15609
2021-10-20,7.38,7.3206,7.4,7.24,33424
2021-10-21,7.3912,7.2741,7.41,7.23,15817
2021-10-22,7.23,7.02,7.23,7.02,47691
2021-10-25,7.06,7.02,7.08,7.02,5152
2021-10-26,7.13,6.9323,7.13,6.85,19137
2021-10-27,6.925,6.7655,6.98,6.74,6575
2021-10-28,6.76,6.8054,6.8199,6.73,10458
2021-10-29,6.829,6.75,6.8382,6.695,7060
2021-11-01,6.8,6.87,6.91,6.765,9217
2021-11-02,6.87,6.6734,6.88,6.661,10650
2021-11-03,6.75,6.7,6.75,6.65,3767
2021-11-04,6.75,6.5242,6.75,6.51,6135
2021-11-05,6.54,6.9992,6.9992,6.5001,8958
2021-11-08,7.17,7.2926,7.75,7.17,27976
2021-11-09,7.49,7.4,7.49,7.2,14255
2021-11-10,7.21,7.0864,7.28,7.0293,7129
2021-11-11,7.14,7.4,7.445,7.14,7091
2021-11-12,7.5,7.73,7.82,7.49,10900
2021-11-15,7.9,7.71,8.15,7.68,20969
2021-11-16,7.52,7.45,7.64,7.3672,7972
2021-11-17,7.37,7.21,7.4,7.13,5893
2021-11-18,7.21,6.9172,7.23,6.76,17923
2021-11-19,6.95,6.8386,6.98,6.8301,4320
2021-11-22,6.84,6.68,6.84,6.5194,14017
2021-11-23,6.65,6.7249,6.7497,6.52,5957
2021-11-24,6.8561,6.87,6.919,6.811,4136
2021-11-26,6.6499,6.7854,6.7854,6.63,2751
2021-11-29,6.81,6.56,6.81,6.551,16681
2021-11-30,6.56,6.356,6.5999,6.34,10429
2021-12-01,6.52,6.14,6.52,6.11,16270
2021-12-02,6.18,6.251,6.251,6.061,12996
2021-12-03,6.36,6.2,6.37,6.16,6948
2021-12-06,6.2,6.03,6.261,6.03,4226
2021-12-07,6.08,6.0598,6.2326,6.05,13483
2021-12-08,6.04,6.2857,6.29,6.03,4878
2021-12-09,6.191,6.22,6.2399,6.171,3699
2021-12-10,6.081,6.1227,6.125,6.08,6132
2021-12-13,6.03,5.9322,6.03,5.9322,6518
2021-12-14,5.9,5.7969,5.9014,5.685,4786
2021-12-15,5.93,5.7903,5.93,5.6,11988
2021-12-16,5.7781,5.75,5.839,5.7,8573
2021-12-17,5.7,5.75,5.76,5.7,6434
2021-12-20,5.7,5.505,5.7,5.45,5276
2021-12-21,5.5639,5.5709,5.66,5.53,10624
2021-12-22,5.58,5.772,5.7999,5.58,1273
2021-12-23,5.8,5.993,6.0,5.78,13964
2021-12-27,6.0,5.8845,6.12,5.87,11903
2021-12-28,5.82,5.7947,5.9,5.7587,437726
2021-12-29,5.8,5.8,5.8,5.72,16791
2021-12-30,5.81,5.9111,6.1,5.81,18818
2021-12-31,5.905,5.92,5.92,5.85,14406
2022-01-03,6.03,6.04,6.16,6.0099,6193
2022-01-04,5.94,5.84,5.94,5.83,4554
2022-01-05,5.75,5.5367,5.7935,5.5367,32121
2022-01-06,5.5,5.55,5.55,5.4201,6354
2022-01-07,5.6199,5.69,5.69,5.5342,1829
2022-01-10,5.64,5.6799,5.6811,5.54,21208
2022-01-11,5.7,5.758,5.86,5.53,16852
2022-01-12,5.85,5.7433,5.85,5.6864,1500
2022-01-13,5.7225,5.6753,5.7225,5.6753,957
2022-01-14,5.63,5.6655,5.6999,5.5619,3932
2022-01-18,5.7,5.64,5.7,5.635,1743
2022-01-19,5.57,5.5463,5.58,5.5,7660
2022-01-20,5.535,5.35,5.5352,5.35,9897
2022-01-21,5.31,5.0475,5.31,5.001,11895
2022-01-24,5.0,5.0564,5.0564,4.6102,18108
2022-01-25,4.9,5.0067,5.06,4.831,3949
2022-01-26,5.03,4.8597,5.0493,4.8597,4677
2022-01-27,4.88,4.75,4.95,4.7373,10219
2022-01-28,4.6,4.7,4.7,4.56,15582
2022-01-31,4.795,5.0,5.0,4.795,4829
2022-02-01,5.07,5.31,5.31,4.979,4358
2022-02-02,5.35,5.2215,5.35,5.1118,3683
2022-02-03,5.04,4.9937,5.06,4.9937,2333
2022-02-04,4.99,5.1141,5.16,4.99,369571
2022-02-07,5.21,5.2266,5.2401,5.15,12131
2022-02-08,5.28,5.23,5.28,5.195,2304
2022-02-09,5.37,5.6161,5.6161,5.37,14811
2022-02-10,5.6,5.6126,5.9,5.6,5769
2022-02-11,5.64,5.5951,5.8,5.5951,867
2022-02-14,5.6399,5.5326,5.6399,5.5326,2051
2022-02-15,5.66,5.6761,5.6761,5.501,7644
2022-02-16,5.65,5.676,5.78,5.5739,6991
2022-02-17,5.7,5.501,5.7,5.501,1124
2022-02-18,5.4,5.3636,5.4048,5.315,2587
2022-02-22,5.25,5.1135,5.275,5.031,4536
2022-02-23,5.11,4.9679,5.11,4.9679,1256
2022-02-24,4.93,5.0931,5.0931,4.75,9271
2022-02-25,5.2,5.0523,5.2,4.99,114338
2022-02-28,5.07,5.032,5.07,4.99,2246
2022-03-01,5.0606,4.938,5.0606,4.8612,4461
2022-03-02,4.85,4.8437,4.89,4.81,3886
2022-03-03,4.92,4.7064,4.92,4.66,7144
2022-03-04,4.675,4.6,4.7,4.6,4311
2022-03-07,4.61,4.4451,4.61,4.4451,6509
2022-03-08,4.44,4.534,4.56,4.41,2538
2022-03-09,4.75,4.68,4.75,4.65,3223
2022-03-10,4.548,4.6067,4.6382,4.54,2932
2022-03-11,4.6,4.5007,4.6,4.48,1882
2022-03-14,4.43,4.38,4.455,4.38,2843
2022-03-15,4.3982,4.3982,4.3982,4.3982,336
2022-03-16,4.5,4.5725,4.5725,4.4995,2486
2022-03-17,4.6,4.73,4.73,4.5916,2548
2022-03-18,4.8399,4.8937,4.8937,4.8399,850
2022-03-21,4.87,4.8509,4.87,4.85,989
2022-03-22,4.901,4.92,4.949,4.87,4539
2022-03-23,4.9168,4.8505,4.95,4.8505,4497
2022-03-24,4.8492,4.92,4.99,4.7682,4024
2022-03-25,5.41,4.97,5.48,4.97,20620
2022-03-28,5.0,4.866,5.0,4.8273,8189
2022-03-29,4.82,5.0,5.015,4.82,5642
2022-03-30,5.25,5.0117,5.25,4.98,4146
2022-03-31,4.988,4.93,4.9968,4.9101,2669
2022-04-01,5.17,4.965,5.17,4.91,8190
2022-04-04,5.15,5.0,5.15,4.985,2995
2022-04-05,4.99,4.8145,4.99,4.8,6095
2022-04-06,5.0,4.67,5.0,4.62,7558
2022-04-07,4.65,4.6,4.65,4.5,6948
2022-04-08,4.5401,4.59,4.63,4.5401,4539
2022-04-11,4.5,4.5041,4.53,4.5,5131
2022-04-12,4.5801,4.445,4.62,4.445,2737
2022-04-13,4.499,4.48,4.52,4.4606,7386
2022-04-14,4.46,4.3902,4.46,4.39,4842
2022-04-18,4.39,4.23,4.39,4.18,9055
2022-04-19,4.2,4.2582,4.269,4.2,420
2022-04-20,4.2,4.205,4.211,4.18,2736
2022-04-21,4.53,4.09,4.53,4.0701,8327
2022-04-22,4.08,4.0524,4.08,4.0001,4658
2022-04-25,4.0715,4.04,4.0999,4.0,7121
2022-04-26,4.0,3.91,4.0,3.9,3859
2022-04-27,3.62,3.8069,3.8706,3.62,1240
2022-04-28,3.8,3.765,3.8,3.7,4262
2022-04-29,3.8,3.67,3.8,3.67,6415
2022-05-02,3.57,3.6004,3.6004,3.5205,2716
2022-05-03,3.6043,3.6,3.6043,3.6,1973
2022-05-04,3.49,3.5594,3.58,3.49,1126
2022-05-05,3.5,3.386,3.5,3.375,3337
2022-05-06,3.285,3.48,3.48,3.28,3291
2022-05-09,3.5,3.2677,3.5,3.25,4051
2022-05-10,3.23,3.26,3.26,3.185,3200
2022-05-11,3.2599,3.165,3.2599,3.165,13280
2022-05-12,3.1624,3.195,3.195,3.1624,1576
2022-05-13,3.28,3.322,3.322,3.27,3117
2022-05-16,3.14,3.3333,3.36,3.14,1161
2022-05-17,3.3899,3.3302,3.3899,3.3302,727
2022-05-18,3.195,3.1834,3.195,3.16,757
2022-05-19,3.3439,3.28,3.3439,3.28,9577
2022-05-20,3.38,3.2812,3.38,3.15,1818
2022-05-23,3.29,3.245,3.29,3.245,2385
2022-05-24,3.235,3.1922,3.235,3.14,3612
2022-05-25,3.22,3.215,3.22,3.2001,1428
2022-05-26,3.282,3.2546,3.352,3.2546,153367
2022-05-27,3.24,3.2594,3.2594,3.2001,10618
2022-05-31,3.29,3.2867,3.29,3.26,2985
2022-06-01,3.29,3.235,3.29,3.235,1500
2022-06-02,3.2546,3.3,3.32,3.2546,986
2022-06-03,3.29,3.2519,3.29,3.2519,1123
2022-06-06,3.25,3.29,3.29,3.2,2290
2022-06-07,3.26,3.3022,3.3099,3.26,682
2022-06-08,3.23,3.2208,3.275,3.2208,958
2022-06-09,3.2,3.2,3.22,3.2,2793
2022-06-10,3.04,3.1399,3.1399,3.0201,1636
2022-06-13,3.1,3.0104,3.1,3.0001,4233
2022-06-14,2.99,2.81,2.99,2.81,6022
2022-06-15,2.89,2.8508,2.89,2.78,4078
2022-06-16,2.7797,2.77,2.78,2.76,2207
2022-06-17,2.76,2.75,2.76,2.75,3575
2022-06-21,2.73,2.74,2.82,2.73,3000
2022-06-22,2.91,2.669,2.91,2.66,6651
2022-06-23,2.66,2.68,2.68,2.6533,1068
2022-06-24,2.8127,2.735,2.8127,2.735,617
2022-06-27,2.78,2.7299,2.78,2.7036,1033
2022-06-28,2.7,2.6208,2.7,2.6101,1361
2022-06-29,2.75,2.6165,2.75,2.6165,874
2022-06-30,2.5,2.505,2.548,2.445,5186
2022-07-01,2.45,2.4831,2.4999,2.45,698
2022-07-05,2.41,2.6102,2.6102,2.41,3129
2022-07-06,2.64,2.64,2.6662,2.63,1779
2022-07-07,2.66,2.69,2.7,2.66,4444
2022-07-08,2.72,2.7151,2.75,2.7001,2166
2022-07-11,2.66,2.52,2.66,2.51,6495
2022-07-12,2.49,2.525,2.56,2.49,5240
2022-07-13,2.5,2.5393,2.5393,2.5,718
2022-07-14,2.52,2.6651,2.6899,2.52,10709
2022-07-15,2.65,2.615,2.65,2.5744,3879
2022-07-18,2.66,2.6248,2.66,2.6163,5986
2022-07-19,2.63,2.665,2.6699,2.6201,6445
2022-07-20,2.81,2.86,2.9,2.81,18032
2022-07-21,2.87,2.83,2.87,2.8,5331
2022-07-22,2.87,2.81,2.87,2.7789,2381
2022-07-25,2.78,2.809,2.82,2.78,2348
2022-07-26,2.76,2.73,2.76,2.7108,2871
2022-07-27,2.7069,2.7069,2.7069,2.7069,140
2022-07-28,2.74,2.7223,2.74,2.7223,1003
2022-07-29,2.72,2.6916,2.72,2.67,1652
2022-08-01,2.8,2.665,2.8,2.6575,785
2022-08-02,2.655,2.7026,2.7197,2.65,1365
2022-08-03,2.7001,2.691,2.729,2.68,2692
2022-08-04,2.7099,2.66,2.71,2.66,2789
2022-08-05,2.6201,2.6742,2.6742,2.62,1295
2022-08-08,2.72,2.719,2.72,2.7001,9525
2022-08-09,2.71,2.6299,2.71,2.6299,573
2022-08-10,2.655,2.67,2.798,2.65,9744
2022-08-11,2.72,2.704,2.72,2.6901,3074
2022-08-12,2.765,2.7471,2.765,2.72,3902
2022-08-15,2.84,2.8167,2.84,2.8167,1944
2022-08-16,2.82,2.8801,2.8801,2.82,3601916
2022-08-17,2.92,2.8269,2.93,2.8269,1704371
2022-08-18,2.8422,2.76,2.88,2.76,1768044
2022-08-19,2.87,2.8253,2.87,2.79,11003020
2022-08-22,2.84,2.74,2.84,2.718,1512717
2022-08-23,2.84,2.76,2.84,2.737,1513905
2022-08-24,2.67,2.75,2.83,2.67,2329630
2022-08-25,2.78,3.11,3.14,2.78,2089877
2022-08-26,3.06,2.92,3.06,2.91,37752
2022-08-29,2.91,3.06,3.11,2.91,1334856
2022-08-30,3.06,3.03,3.06,2.79,1014580
2022-08-31,2.95,2.89,2.9597,2.8607,2521873
2022-09-01,2.89,2.8078,2.89,2.72,1526116
2022-09-02,2.85,2.81,2.88,2.8,1209342
2022-09-06,2.85,2.76,2.85,2.71,1256395
2022-09-07,2.78,2.749,2.7801,2.71,1207336
2022-09-08,2.73,2.76,2.83,2.73,1216456
2022-09-09,2.79,2.819,2.87,2.78,377560
2022-09-12,2.84,2.76,2.84,2.745,6660
2022-09-13,2.65,2.6,2.65,2.5891,507236
2022-09-14,2.51,2.585,2.59,2.5,528789
2022-09-15,2.59,2.55,2.64,2.54,505889
2022-09-16,2.58,2.54,2.58,2.4,519909
2022-09-19,2.52,2.56,2.57,2.5,504810
2022-09-20,2.56,2.48,2.56,2.46,15712
2022-09-21,2.49,2.51,2.52,2.45,41780
2022-09-22,2.51,2.37,2.51,2.37,13795
2022-09-23,2.32,2.28,2.385,2.25,36807
2022-09-26,2.31,2.18,2.32,2.18,34493
2022-09-27,2.2,2.1735,2.24,2.16,15432
2022-09-28,2.18,2.25,2.28,2.18,23295
2022-09-29,2.21,2.16,2.21,2.13,10941
2022-09-30,2.13,2.1565,2.26,2.02,31556
2022-10-03,2.26,2.24,2.26,2.1,11146
2022-10-04,2.25,2.29,2.39,2.25,40969
2022-10-05,2.29,2.18,2.29,2.17,3933
2022-10-06,2.19,2.77,3.5,2.1,433561
2022-10-07,2.88,2.65,3.01,2.54,111566
2022-10-10,2.65,2.57,2.69,2.54,18395
2022-10-11,2.44,2.42,2.54,2.35,54306
2022-10-12,2.38,2.35,2.39,2.32,25426
2022-10-13,2.33,2.3551,2.41,2.27,32879
2022-10-14,2.38,2.27,2.4,2.27,50722
2022-10-17,2.34,2.4,2.4,2.2901,12934
2022-10-18,2.42,2.44,2.46,2.39,16004
2022-10-19,2.41,2.4367,2.529,2.41,58933
2022-10-20,2.44,2.4972,2.51,2.44,31170
2022-10-21,2.48,2.53,2.54,2.47,29688
2022-10-24,2.51,2.44,2.52,2.42,12736
2022-10-25,2.46,2.53,2.6,2.46,41426
2022-10-26,2.56,2.51,2.59,2.51,16072
2022-10-27,2.5199,2.49,2.52,2.485,1407
2022-10-28,2.46,2.5,2.52,2.43,27820
2022-10-31,2.49,2.61,2.68,2.44,53014
2022-11-01,2.61,2.6,2.665,2.57,25780
2022-11-02,2.53,2.48,2.55,2.44,29005
2022-11-03,2.49,2.58,2.62,2.44,21788
2022-11-04,2.62,2.6,2.64,2.5999,18934
2022-11-07,2.63,2.54,2.64,2.54,11020
2022-11-08,2.56,2.61,2.69,2.53,42239
2022-11-09,2.66,2.61,2.86,2.61,134776
2022-11-10,2.69,2.76,2.82,2.66,82124
2022-11-11,2.76,2.77,2.78,2.7,42450
2022-11-14,2.86,2.78,2.9,2.74,79307
2022-11-15,2.83,2.91,2.91,2.78,41919
2022-11-16,2.83,2.91,2.91,2.76,304526
2022-11-17,2.91,2.92,2.92,2.84,558029
2022-11-18,2.83,2.77,2.83,2.75,2618472
2022-11-21,2.81,2.7065,2.81,2.69,17508
2022-11-22,2.83,2.79,2.83,2.7082,24932
2022-11-23,2.8,2.88,2.88,2.77,37250
2022-11-25,2.8401,2.8785,2.88,2.84,9808
2022-11-28,2.85,2.81,2.86,2.75,41418
2022-11-29,2.82,2.8012,2.82,2.78,10774
2022-11-30,2.79,2.88,2.88,2.77,34435
2022-12-01,2.85,3.01,3.01,2.8,49882
2022-12-02,2.93,3.11,3.11,2.88,66695
2022-12-05,3.13,3.2,3.31,3.12,108713
2022-12-06,3.18,2.91,3.18,2.8,54402
2022-12-07,2.83,2.72,2.83,2.63,75036
2022-12-08,2.71,2.5,2.71,2.49,53728
2022-12-09,2.51,2.48,2.57,2.47,19550
2022-12-12,2.4749,2.39,2.49,2.34,101998
2022-12-13,2.45,2.32,2.46,2.29,28176
2022-12-14,2.3,2.22,2.33,2.22,282757
2022-12-15,2.22,2.19,2.28,2.16,91911
2022-12-16,2.19,2.31,2.31,2.19,69703
2022-12-19,2.3,2.14,2.3,2.0401,548584
2022-12-20,2.11,1.92,2.11,1.9,438848
2022-12-21,1.89,1.905,1.94,1.85,540650
2022-12-22,1.88,1.85,1.89,1.84,38139
2022-12-23,1.85,1.94,1.96,1.85,27711
2022-12-27,1.95,1.8831,1.95,1.84,212959
2022-12-28,1.9,1.84,1.9,1.79,46317
2022-12-29,1.92,1.94,1.95,1.9,93471
2022-12-30,1.93,1.96,1.96,1.89,69081
2023-01-03,1.95,1.88,2.0,1.88,53094
2023-01-04,1.93,1.96,1.96,1.91,1884
2023-01-05,1.96,1.96,1.9648,1.91,33065
2023-01-06,1.92,1.95,1.96,1.92,16936
2023-01-09,1.96,1.93,1.96,1.89,39464
2023-01-10,1.92,1.92,1.93,1.895,13270
2023-01-11,1.97,1.95,1.97,1.93,1958
2023-01-12,1.96,1.99,1.99,1.94,3478
2023-01-13,1.97,1.99,2.0,1.97,3421
2023-01-17,2.01,2.03,2.03,1.99,3471
2023-01-18,2.035,1.975,2.04,1.96,17700
2023-01-19,2.13,1.84,2.13,1.83,28759
2023-01-20,1.84,1.85,1.86,1.835,13896
2023-01-23,1.85,1.83,1.85,1.81,962949
2023-01-24,1.8165,1.81,1.84,1.77,638728
2023-01-25,1.8,1.77,1.8,1.735,37120
2023-01-26,1.79,1.74,1.79,1.71,21408
2023-01-27,1.71,1.74,1.77,1.7,97614
2023-01-30,1.73,1.76,1.77,1.73,15919
2023-01-31,1.77,1.84,1.88,1.76,34004
2023-02-01,1.81,1.86,1.91,1.77,164393
2023-02-02,1.92,1.89,1.93,1.89,36693
2023-02-03,1.89,1.87,1.92,1.87,27936
2023-02-06,1.87,1.87,1.891,1.86,28048
2023-02-07,1.86,1.85,1.8781,1.845,31583
2023-02-08,1.85,1.82,1.85,1.82,47901
2023-02-09,1.85,1.75,1.85,1.75,57506
2023-02-10,1.79,1.79,1.82,1.75,3137503
2023-02-13,1.83,1.77,1.83,1.75,2906465
2023-02-14,1.78,1.85,1.85,1.78,1948070
2023-02-15,1.84,1.85,1.86,1.84,1605938
2023-02-16,1.82,1.86,1.9,1.79,1619959
2023-02-17,1.8601,1.87,1.87,1.84,3296667
2023-02-21,1.87,1.82,1.87,1.775,52118
2023-02-22,1.8,1.79,1.8,1.77,14294
2023-02-23,1.77,1.78,1.7867,1.75,11537
2023-02-24,1.74,1.76,1.76,1.74,34369
2023-02-27,1.7645,1.74,1.7645,1.72,1437
2023-02-28,1.73,1.78,1.8,1.73,6707455
2023-03-01,1.75,1.76,1.77,1.735,3625379
2023-03-02,1.75,1.8,1.8,1.745,3006760
2023-03-03,1.8,1.85,1.85,1.8,2003600
2023-03-06,1.84,1.81,1.87,1.8,2250849
2023-03-07,1.79,1.83,1.83,1.79,4715320
2023-03-08,1.79,1.8,1.8,1.76,6030409
2023-03-09,1.8,1.73,1.8,1.73,1540686
2023-03-10,1.69,1.69,1.72,1.66,5828635
2023-03-13,1.65,1.68,1.69,1.64,10761
2023-03-14,1.67,1.66,1.77,1.66,183135
2023-03-15,1.63,1.66,1.66,1.62,27098
2023-03-16,1.65,1.64,1.725,1.6201,46183
2023-03-17,1.64,1.65,1.6561,1.6393,7998
2023-03-20,1.65,1.6,1.65,1.6,6270
2023-03-21,1.63,1.63,1.63,1.59,578783
2023-03-22,1.59,1.59,1.6,1.58,3534
2023-03-23,1.59,1.56,1.5999,1.545,21660
2023-03-24,1.5201,1.54,1.54,1.5141,9101
2023-03-27,1.52,1.54,1.57,1.5,4089
2023-03-28,1.55,1.53,1.55,1.521,2446
2023-03-29,1.56,1.56,1.57,1.531,12509
2023-03-30,1.555,1.55,1.56,1.53,10970
2023-03-31,1.55,1.5276,1.55,1.5119,3584
2023-04-03,1.53,1.51,1.53,1.495,23298
2023-04-04,1.49,1.46,1.49,1.45,29609
2023-04-05,1.45,1.43,1.45,1.4001,26826
2023-04-06,1.455,1.43,1.46,1.43,6724
2023-04-10,1.42,1.4459,1.45,1.42,13688
2023-04-11,1.43,1.44,1.4499,1.43,16613
2023-04-12,1.48,1.45,1.48,1.44,63669
2023-04-13,1.4501,1.5,1.5,1.4501,1163
2023-04-14,1.5,1.46,1.5,1.45,18541
2023-04-17,1.47,1.49,1.49,1.47,1809
2023-04-18,1.47,1.445,1.47,1.43,28530
2023-04-19,1.4496,1.45,1.45,1.43,21160
2023-04-20,1.46,1.4157,1.46,1.41,17565
2023-04-21,1.4099,1.42,1.42,1.4,13783
2023-04-24,1.42,1.42,1.43,1.3821,20749
2023-04-25,1.42,1.385,1.42,1.385,14310
2023-04-26,1.373,1.39,1.39,1.3601,10733
2023-04-27,1.45,1.47,1.5199,1.45,18433
2023-04-28,1.47,1.46,1.48,1.46,12708
2023-05-01,1.48,1.5,1.52,1.48,34446
2023-05-02,1.47,1.4601,1.47,1.4332,8945
2023-05-03,1.49,1.41,1.49,1.41,19058
2023-05-04,1.4102,1.5,1.51,1.3901,76039
2023-05-05,1.52,1.56,1.58,1.52,115218
2023-05-08,1.56,1.57,1.57,1.5399,23343
2023-05-09,1.57,1.55,1.57,1.55,4340
2023-05-10,1.569,1.5506,1.57,1.55,3450
2023-05-11,1.56,1.45,1.56,1.44,17254
2023-05-12,1.43,1.4074,1.43,1.383,5549
2023-05-15,1.4114,1.425,1.425,1.4114,942
2023-05-16,1.4599,1.4301,1.46,1.43,16289
2023-05-17,1.43,1.45,1.45,1.4201,13213
2023-05-18,1.47,1.46,1.47,1.46,4835
2023-05-19,1.44,1.41,1.4467,1.4,9806079
2023-05-22,1.43,1.47,1.47,1.43,10241
2023-05-23,1.47,1.47,1.49,1.45,2936
2023-05-24,1.47,1.48,1.48,1.47,10713
2023-05-25,1.5,1.4469,1.5,1.42,10726
2023-05-26,1.43,1.4262,1.4373,1.4201,12235
2023-05-30,1.42,1.5,1.51,1.42,4336889
2023-05-31,1.5,1.45,1.5,1.44,15748
2023-06-01,1.46,1.44,1.46,1.4355,1295
2023-06-02,1.4401,1.45,1.46,1.4301,1717
2023-06-05,1.4421,1.45,1.45,1.43,4573
2023-06-06,1.46,1.4543,1.4699,1.4543,7650
2023-06-07,1.48,1.4993,1.52,1.4761,39680
2023-06-08,1.51,1.4796,1.51,1.4796,27747
2023-06-09,1.49,1.471,1.4998,1.46,24622
2023-06-12,1.47,1.4749,1.48,1.4601,5634
2023-06-13,1.461,1.47,1.49,1.46,34088
2023-06-14,1.48,1.4758,1.49,1.4758,10798
2023-06-15,1.49,1.4887,1.51,1.4654,3946
2023-06-16,1.5,1.5003,1.53,1.5,59473
2023-06-20,1.51,1.471,1.51,1.47,640375
2023-06-21,1.485,1.519,1.58,1.4701,159120
2023-06-22,1.54,1.51,1.54,1.48,106793
2023-06-23,1.52,1.465,1.52,1.465,19108
2023-06-26,1.47,1.46,1.48,1.46,5991
2023-06-27,1.46,1.4734,1.4799,1.46,2301
2023-06-28,1.47,1.48,1.48,1.46,17397
2023-06-29,1.4721,1.475,1.48,1.46,3178
2023-06-30,1.47,1.48,1.49,1.47,14170
2023-07-03,1.48,1.56,1.56,1.48,41065
2023-07-05,1.55,1.55,1.56,1.5401,33215
2023-07-06,1.54,1.5323,1.54,1.52,4481
2023-07-07,1.5302,1.63,1.63,1.53,3691
2023-07-10,1.6401,1.63,1.652,1.6136,7862
2023-07-11,1.63,1.6363,1.6363,1.61,13588
2023-07-12,1.66,1.6022,1.66,1.6,26444
2023-07-13,1.62,1.63,1.66,1.595,87527
2023-07-14,1.65,1.6,1.65,1.6,32117
2023-07-17,1.59,1.5663,1.5901,1.56,11687
2023-07-18,1.5614,1.56,1.57,1.56,4969
2023-07-19,1.57,1.57,1.59,1.56,28715
2023-07-20,1.56,1.55,1.569,1.51,37244
2023-07-21,1.55,1.51,1.55,1.51,21012
2023-07-24,1.53,1.5,1.53,1.49,31312
2023-07-25,1.48,1.49,1.49,1.47,11784
2023-07-26,1.52,1.5,1.52,1.49,20040
2023-07-27,1.48,1.47,1.5,1.47,20985
2023-07-28,1.46,1.51,1.51,1.46,7831
2023-07-31,1.52,1.58,1.58,1.52,7477
2023-08-01,1.58,1.5602,1.58,1.5499,9043
2023-08-02,1.55,1.525,1.55,1.52,3718
2023-08-03,1.5105,1.5286,1.55,1.51,3040
2023-08-04,1.54,1.5299,1.54,1.5229,16900
2023-08-07,1.5399,1.52,1.5399,1.5,11256
2023-08-08,1.51,1.5202,1.5299,1.5,32952
2023-08-09,1.51,1.4574,1.51,1.4574,17002
2023-08-10,1.46,1.4527,1.46,1.42,31842
2023-08-11,1.45,1.42,1.45,1.42,2691
2023-08-14,1.42,1.4082,1.42,1.39,5536
2023-08-15,1.399,1.3841,1.399,1.38,10548
2023-08-16,1.37,1.375,1.3784,1.37,3004006
2023-08-17,1.39,1.37,1.4,1.37,2048121
2023-08-18,1.36,1.3541,1.38,1.35,1740375
2023-08-21,1.35,1.365,1.3697,1.35,8075
2023-08-22,1.37,1.3649,1.3701,1.3649,2747
2023-08-23,1.37,1.3651,1.38,1.3601,2181
2023-08-24,1.37,1.345,1.37,1.34,2129
2023-08-25,1.35,1.34,1.35,1.33,645019
2023-08-28,1.3401,1.33,1.3599,1.31,2180182
2023-08-29,1.35,1.36,1.38,1.3301,1115
2023-08-30,1.355,1.5567,1.6,1.35,489251
2023-08-31,1.62,1.7599,1.84,1.6,341876
2023-09-01,1.82,1.7693,1.8233,1.74,40464
2023-09-05,1.81,1.9258,1.95,1.77,141389
2023-09-06,2.04,1.935,2.06,1.91,73461
2023-09-07,1.93,1.97,2.02,1.89,84588
2023-09-08,1.99,2.02,2.1138,1.95,109270
2023-09-11,2.06,2.1199,2.14,2.05,80325
2023-09-12,2.14,2.0382,2.14,1.94,86990
2023-09-13,2.03,2.01,2.09,1.96,51427
2023-09-14,2.05,2.115,2.14,2.05,87378
2023-09-15,2.25,2.15,2.34,2.11,77796
2023-09-18,2.12,2.0801,2.12,2.0317,41033
2023-09-19,2.09,1.96,2.09,1.932,51453
2023-09-20,1.97,1.98,2.0,1.95,37272
2023-09-21,1.91,1.86,1.9101,1.85,44909
2023-09-22,1.86,1.8908,1.91,1.86,9041
2023-09-25,1.91,1.881,2.019,1.88,50071
2023-09-26,1.91,1.9,1.9699,1.865,79168
2023-09-27,1.86,1.8751,1.98,1.8546,13269
2023-09-28,1.86,1.8635,1.9,1.8,14063
2023-09-29,1.9,1.8497,1.9043,1.84,9284
2023-10-02,1.84,1.84,1.871,1.79,27567
2023-10-03,1.8,1.76,1.82,1.76,39659
2023-10-04,1.72,1.6996,1.7599,1.6801,6069
2023-10-05,1.72,1.6644,1.72,1.6601,4924
2023-10-06,1.6613,1.6991,1.715,1.66,11209
2023-10-09,1.7,1.6935,1.7,1.65,1942
2023-10-10,1.7,1.7252,1.7268,1.6995,2180
2023-10-11,1.725,1.6809,1.725,1.6552,2744
2023-10-12,1.6783,1.6605,1.6972,1.65,5387
2023-10-13,1.68,1.69,1.72,1.66,14885
2023-10-16,1.67,1.68,1.7099,1.6612,6608
2023-10-17,1.68,1.735,1.75,1.67,4570
2023-10-18,1.75,1.6201,1.75,1.6102,9115
2023-10-19,1.61,1.63,1.65,1.61,3959
2023-10-20,1.63,1.59,1.63,1.58,28134
2023-10-23,1.59,1.56,1.6,1.56,4188
2023-10-24,1.54,1.53,1.579,1.51,5159
2023-10-25,1.5,1.45,1.5098,1.45,4108
2023-10-26,1.44,1.39,1.44,1.39,54173
2023-10-27,1.41,1.3188,1.41,1.3188,2529763
2023-10-30,1.34,1.33,1.341,1.29,19543
2023-10-31,1.34,1.4,1.4,1.34,9312
2023-11-01,1.3797,1.36,1.4,1.36,2136
2023-11-02,1.4506,1.4472,1.46,1.4301,6897
2023-11-03,1.475,1.4883,1.51,1.45,4169
2023-11-06,1.5,1.47,1.5,1.4641,2502
2023-11-07,1.4701,1.48,1.48,1.47,604
2023-11-08,1.5,1.505,1.54,1.48,13587
2023-11-09,1.5167,1.5,1.5167,1.47,3405
2023-11-10,1.5,1.5598,1.5598,1.4997,2699
2023-11-13,1.56,1.62,1.62,1.5421,7676
2023-11-14,1.65,1.61,1.65,1.59,16833
2023-11-15,1.64,1.5994,1.65,1.57,15668
2023-11-16,1.58,1.52,1.58,1.52,93892
2023-11-17,1.55,1.65,1.66,1.54,38226
2023-11-20,1.64,1.59,1.64,1.56,15741
2023-11-21,1.6,1.62,1.62,1.53,14165
2023-11-22,1.62,1.6246,1.6246,1.58,33549
2023-11-24,1.63,1.61,1.63,1.6,3561
2023-11-27,1.585,1.6011,1.6011,1.58,6189
2023-11-28,1.58,1.6126,1.64,1.575,31135
2023-11-29,1.63,1.5821,1.63,1.58,25311
2023-11-30,1.58,1.5853,1.6,1.57,11984
2023-12-01,1.59,1.6244,1.6261,1.59,4738
2023-12-04,1.6,1.685,1.72,1.6,52667
2023-12-05,1.66,1.68,1.6934,1.66,19911
2023-12-06,1.671,1.745,1.745,1.671,22731
2023-12-07,1.75,1.75,1.75,1.7239,11966
2023-12-08,1.73,1.71,1.74,1.71,3890
2023-12-11,1.73,1.66,1.73,1.655,79892
2023-12-12,1.66,1.4705,1.66,1.46,23819
2023-12-13,1.46,1.52,1.52,1.42,68221
2023-12-14,1.55,1.53,1.55,1.48,42520
2023-12-15,1.511,1.55,1.5599,1.51,6162
2023-12-18,1.56,1.5005,1.56,1.5,10531
2023-12-19,1.51,1.4804,1.52,1.4804,11136
2023-12-20,1.48,1.45,1.48,1.45,7001
2023-12-21,1.48,1.4333,1.49,1.4333,1572024
2023-12-22,1.455,1.5228,1.53,1.44,56201
2023-12-26,1.52,1.65,1.68,1.52,244156
2023-12-27,1.67,1.6041,1.67,1.5901,19738
2023-12-28,1.58,1.6,1.64,1.58,44337
2023-12-29,1.62,1.6187,1.62,1.57,24317
2024-01-02,1.62,1.59,1.62,1.564,7585
2024-01-03,1.55,1.65,1.68,1.5401,42794
2024-01-04,1.66,1.72,1.729,1.66,19207
2024-01-05,1.72,1.8044,1.8299,1.68,33036
2024-01-08,1.82,1.79,1.83,1.78,29516
2024-01-09,1.81,1.7514,1.82,1.72,23910
2024-01-10,1.77,1.6727,1.77,1.6727,32116
2024-01-11,1.6999,1.715,1.73,1.68,9748
2024-01-12,1.78,1.8656,1.88,1.7521,18145
2024-01-16,1.93,2.01,2.06,1.93,54609
2024-01-17,2.04,1.95,2.04,1.9199,29841
2024-01-18,1.95,1.8302,1.95,1.83,30298
2024-01-19,1.87,1.94,1.9499,1.7887,32903
2024-01-22,1.95,1.99,1.99,1.911,25795
2024-01-23,2.01,1.9419,2.01,1.9209,24210
2024-01-24,1.97,2.0729,2.08,1.97,28266
2024-01-25,2.09,2.12,2.12,2.03,23406
2024-01-26,2.09,2.07,2.13,2.07,25736
2024-01-29,2.08,2.15,2.1555,2.06,30583
2024-01-30,2.17,2.2,2.21,2.11,44066
2024-01-31,2.15,2.14,2.2,2.11,33814
2024-02-01,2.11,2.34,2.34,2.11,49112
2024-02-02,2.35,2.42,2.45,2.27,81787
2024-02-05,2.41,2.33,2.41,2.2705,73757
2024-02-06,2.36,2.4071,2.44,2.305,47790
2024-02-07,2.36,2.35,2.42,2.3399,53109
2024-02-08,2.38,2.3,2.38,2.21,66731
2024-02-09,2.34,2.2251,2.34,2.22,32032
2024-02-12,2.22,2.06,2.23,2.04,1059546
2024-02-13,2.06,1.982,2.06,1.97,1552522
2024-02-14,2.02,1.9845,2.02,1.92,2534740
2024-02-15,1.97,2.0796,2.105,1.97,3043435
2024-02-16,2.08,2.03,2.1,1.99,3393298
2024-02-20,2.1,2.03,2.1,2.0,60921
2024-02-21,2.03,2.02,2.03,1.98,16626
2024-02-22,1.99,2.08,2.08,1.99,32550
2024-02-23,2.08,2.15,2.15,2.05,241893
2024-02-26,2.19,2.0511,2.19,2.0402,19982
2024-02-27,2.065,2.0,2.079,2.0,78251
2024-02-28,1.99,1.98,2.03,1.979,65158
2024-02-29,2.02,1.93,2.05,1.93,22103
2024-03-01,1.96,2.01,2.01,1.93,44180
2024-03-04,2.01,1.94,2.01,1.93,35779
2024-03-05,1.93,1.9171,1.97,1.87,20598
2024-03-06,1.92,1.79,1.92,1.79,58428
2024-03-07,1.8,1.7596,1.81,1.73,23580
2024-03-08,1.78,1.83,1.83,1.78,22168
2024-03-11,1.81,1.6974,1.81,1.6974,37869
2024-03-12,1.7,1.69,1.7114,1.675,18070
2024-03-13,1.67,1.739,1.7399,1.67,9473
2024-03-14,1.7201,1.7308,1.75,1.705,12907
2024-03-15,1.74,1.96,1.98,1.74,45420
2024-03-18,2.0,2.1,2.1,2.0,70643
2024-03-19,2.11,2.05,2.11,2.03,20737
2024-03-20,2.05,2.0099,2.05,2.0,35037
2024-03-21,2.0,2.13,2.159,1.97,41619
2024-03-22,2.16,2.1599,2.18,2.11,41386
2024-03-25,2.12,2.016817,2.17,2.04,33160
2024-03-26,2.01,2.07,2.07,2.0,48370
2024-03-27,2.07,2.23,2.23,2.03,22454
2024-03-28,2.23,2.19,2.23,2.14,56590
2024-04-01,2.19,2.24,2.24,2.14,135660
2024-04-02,2.21,2.2,2.2199,2.1899,13487
2024-04-03,2.21,2.26,2.26,2.1592,30880
2024-04-04,2.27,2.036,2.34,2.03,61573
2024-04-05,2.109,2.1896,2.1896,2.08,46356
2024-04-08,2.21,2.19,2.21,2.14,11435
2024-04-09,2.16,2.1733,2.1733,2.1117,18522
2024-04-10,2.12,2.1,2.1599,2.1,11795
2024-04-11,2.09,2.12,2.14,2.03,19900
2024-04-12,2.12,1.9314,2.12,1.9093,21545
2024-04-15,1.95,1.94,1.97,1.9,9670
2024-04-16,1.94,1.92,1.94,1.88,22900
2024-04-17,1.97,2.05,2.0699,1.93,21036
2024-04-18,2.0095,1.997,2.05,1.99,9865
2024-04-19,2.0,1.9256,2.0099,1.9243,36217
2024-04-22,1.95,1.8864,1.95,1.8789,19087
2024-04-23,1.9,1.93,1.939,1.8901,12299
2024-04-24,1.89,1.96,1.96,1.89,8817
2024-04-25,1.91,1.86,1.92,1.86,41332
2024-04-26,1.85,1.93,1.93,1.85,21708
2024-04-29,1.94,1.97,1.97,1.85,24720
2024-04-30,1.96,2.405,2.41,1.9,900831
2024-05-01,2.4,2.09,2.4,2.065,223654
2024-05-02,2.12,2.1051,2.17,2.0901,29170
2024-05-03,2.16,2.11,2.16,2.0699,34572
2024-05-06,2.13,2.05,2.14,2.05,32760
2024-05-07,2.11,1.97,2.11,1.94,71440
2024-05-08,1.95,1.96,1.99,1.921,32944
2024-05-09,2.01,2.04,2.05,2.0,19508
2024-05-10,2.02,2.0313,2.0313,1.96,22249
2024-05-13,2.02,2.05,2.05,1.98,49574
2024-05-14,2.04,2.11,2.13,2.03,21504
2024-05-15,2.14,2.1,2.14,2.06,38562
2024-05-16,2.11,2.14,2.25,2.1,178354
2024-05-17,2.16,2.15,2.1653,2.07,12526521
2024-05-20,2.11,1.93,2.11,1.93,2871817
2024-05-21,1.98,1.98,2.0097,1.94,77049
2024-05-22,1.99,1.95,2.0,1.945,62728
2024-05-23,1.96,1.78,1.96,1.775,128657
2024-05-24,1.79,1.8,1.85,1.78,41261
2024-05-28,1.79,1.7474,1.79,1.73,80086
2024-05-29,1.74,1.7,1.75,1.695,56081
2024-05-30,1.7,1.75,1.76,1.7,68091
2024-05-31,1.77,1.77,1.77,1.7303,14828
2024-06-03,1.78,1.7,1.78,1.69,44759
2024-06-04,1.72,1.7345,1.74,1.68,48596
2024-06-05,1.75,1.6998,1.75,1.6901,36715
2024-06-06,1.69,1.6848,1.705,1.6638,43365
2024-06-07,1.67,1.7,1.7,1.65,27554
2024-06-10,1.7,1.71,1.729,1.69,26918
2024-06-11,1.7,1.6882,1.7,1.66,12066
2024-06-12,1.7,1.6804,1.72,1.68,26992
2024-06-13,1.66,1.5993,1.669,1.5993,65634
2024-06-14,1.62,1.56,1.62,1.54,56148
2024-06-17,1.57,1.61,1.61,1.5399,21391
2024-06-18,1.6,1.58,1.6101,1.58,9179
2024-06-20,1.58,1.6,1.6,1.58,9862
2024-06-21,1.61,1.62,1.62,1.561,17803
2024-06-24,1.62,1.6921,1.7,1.62,10459
2024-06-25,1.7,1.66,1.7,1.6599,9160
2024-06-26,1.64,1.690645,1.7399,1.6335,132495
2024-06-27,1.7,1.73,1.75,1.68,902878
2024-06-28,1.74,1.5931,1.74,1.58,42749
2024-07-01,1.61,1.5825,1.65,1.58,28551
2024-07-02,1.55,1.5495,1.57,1.51,36617
2024-07-03,1.53,1.59,1.6201,1.53,29061
2024-07-05,1.59,1.5758,1.6,1.56,17398
2024-07-08,1.58,1.6,1.6,1.57,7394
2024-07-09,1.6,1.5406,1.6,1.53,55820
2024-07-10,1.545,1.53,1.57,1.53,10290
2024-07-11,1.54,1.65,1.65,1.54,14840
2024-07-12,1.64,1.6512,1.67,1.625,15256
2024-07-15,1.62,1.6569,1.68,1.605,16782
2024-07-16,1.65,1.71,1.72,1.65,38916
2024-07-17,1.7,1.71,1.72,1.6899,20699
2024-07-18,1.69,1.69,1.7399,1.68,44203
2024-07-19,1.68,1.6443,1.6899,1.63,19455
2024-07-22,1.66,1.71,1.71,1.65,12754
2024-07-23,1.72,1.7234,1.7699,1.7,25247
2024-07-24,1.72,1.6523,1.72,1.651,27341
2024-07-25,1.63,1.62,1.67,1.62,13719
2024-07-26,1.65,1.67,1.67,1.63,22850
2024-07-29,1.67,1.66,1.68,1.6408,46842
2024-07-30,1.68,1.6648,1.69,1.64,15089
2024-07-31,1.66,1.67,1.69,1.65,19505
2024-08-01,1.65,1.64,1.67,1.63,27560
2024-08-02,1.61,1.55,1.61,1.54,33087
2024-08-05,1.49,1.4,1.49,1.35,42105
2024-08-06,1.48,1.54,1.56,1.47,22436
2024-08-07,1.54,1.46,1.54,1.46,12020
2024-08-08,1.48,1.59,1.61,1.47,39405
2024-08-09,1.61,1.55,1.61,1.55,11507
2024-08-12,1.58,1.5603,1.58,1.5417,3610
2024-08-13,1.55,1.5729,1.5802,1.55,10226
2024-08-14,1.56,1.61,1.65,1.56,9229
2024-08-15,1.66,1.63,1.66,1.6297,13434
2024-08-16,1.63,1.71,1.71,1.62,7063548
2024-08-19,1.69,1.65,1.71,1.645,259846
2024-08-20,1.65,1.5701,1.65,1.565,12166
2024-08-21,1.58,1.595,1.599,1.57,36246
2024-08-22,1.6,1.57,1.6,1.55,54087
2024-08-23,1.57,1.59,1.6,1.57,17873
2024-08-26,1.57,1.5592,1.57,1.5592,36965
2024-08-27,1.41,1.36,1.45,1.36,289955
2024-08-28,1.39,1.3679,1.399,1.3601,15713
2024-08-29,1.355,1.38,1.389,1.34,31853
2024-08-30,1.36,1.38,1.425,1.36,37394
2024-09-03,1.42,1.41,1.46,1.4,63432
2024-09-04,1.42,1.41,1.47,1.41,86613
2024-09-05,1.42,1.45,1.46,1.42,15776
2024-09-06,1.445,1.39,1.445,1.39,9350
2024-09-09,1.44,1.56,1.56,1.44,82594
2024-09-10,1.57,1.49,1.57,1.49,28588
2024-09-11,1.5,1.47,1.5,1.47,4418
2024-09-12,1.48,1.47,1.5,1.47,12129
2024-09-13,1.47,1.48,1.5,1.47,5113
