2024-07-23,25.51,25.55,25.55,25.5,5055500
2024-07-24,25.72,24.8,25.9,24.8,5448018
2024-07-25,25.78,25.79,25.81,25.5,1454128
2024-07-26,25.79,25.87,25.87,25.75,749603
2024-07-29,25.82,25.87,25.95,24.4,948947
2024-07-30,25.85,25.88,25.89,25.8,205975
2024-07-31,25.95,25.86,26.0,25.81,291982
2024-08-01,25.85,26.08,26.25,25.7999,1191252
2024-08-02,25.94,26.08,26.18,25.94,510207
2024-08-05,25.89,26.09,26.56,25.51,1413510
2024-08-06,26.15,26.1,26.15,26.055,699217
2024-08-07,26.15,26.2,26.31,26.13,564366
2024-08-08,26.3,26.45,26.59,26.255,551551
2024-08-09,26.55,26.52,26.68,26.5,333616
2024-08-12,26.58,26.51,26.6,26.37,203302
2024-08-13,26.57,26.55,26.6,26.47,275014
2024-08-14,26.55,26.65,26.8,26.5,304466
2024-08-15,26.83,26.75,26.91,26.73,311730
2024-08-16,26.75,26.67,26.7694,26.67,77362
2024-08-19,26.6613,26.73,26.84,26.64,229445
2024-08-20,26.75,26.62,26.75,26.5,270487
2024-08-21,26.54,26.62,26.665,26.5,297676
2024-08-22,26.65,26.67,26.73,26.6,152328
2024-08-23,26.67,26.87,27.16,26.64,290427
2024-08-26,26.855,26.81,26.92,26.79,174527
2024-08-27,26.82,26.77,26.83,26.76,181436
2024-08-28,26.8,26.88,26.95,26.74,307449
2024-08-29,26.87,26.76,26.87,26.71,268081
2024-08-30,26.79,26.75,26.88,26.61,5600543
2024-09-03,26.7,26.57,26.74,26.55,282285
2024-09-04,26.63,26.54,26.6612,26.52,70988
2024-09-05,26.65,26.73,26.7498,26.61,138710
2024-09-06,26.75,26.64,26.7891,26.54,69974
2024-09-09,26.72,26.82,26.83,26.56,31368
2024-09-10,26.91,26.87,26.92,26.8001,28536
2024-09-11,26.85,26.86,26.92,26.76,85717
2024-09-12,26.96,26.98,27.16,26.8875,88856
2024-09-13,27.06,27.05,27.12,27.03,74304
