2022-04-01,10.02,10.0,10.03,10.0,4915121
2022-04-04,10.02,10.02,10.02,10.01,242325
2022-04-05,10.015,10.02,10.02,10.01,174167
2022-04-06,10.02,10.02,10.02,10.01,476114
2022-04-07,10.01,10.0189,10.02,10.01,12619
2022-04-08,10.015,10.02,10.02,10.015,57394
2022-04-11,10.0,10.01,10.01,10.0,233605
2022-04-12,10.005,10.015,10.02,10.0,193251
2022-04-13,10.01,10.02,10.02,10.0,38287
2022-04-14,10.02,10.0388,10.04,10.02,48011
2022-04-18,10.04,10.04,10.04,10.04,261875
2022-04-19,10.05,10.05,10.0502,10.05,10400
2022-04-20,10.065,10.065,10.065,10.065,120
2022-04-21,10.02,10.06,10.06,10.02,943
2022-04-26,10.05,10.05,10.0501,10.04,61440
2022-04-27,10.07,10.07,10.07,10.07,501
2022-04-29,10.07,10.07,10.0703,10.07,85145
2022-05-02,10.07,10.07,10.071,10.06,113008
2022-05-09,10.02,10.03,10.03,10.01,241200
2022-05-10,10.03,10.0,10.03,9.97,52552
2022-05-11,10.0,10.02,10.02,10.0,102402
2022-05-16,9.96,9.96,9.96,9.96,13900
2022-05-17,10.01,10.0,10.01,9.98,2089
2022-05-24,9.95,9.95,9.95,9.92,73403
2022-05-31,9.98,10.01,10.01,9.98,110411
2022-06-01,10.0,10.0,10.0,10.0,7331
2022-06-02,10.02,10.03,10.03,10.02,30030
2022-06-06,10.04,10.02,10.04,10.02,398
2022-06-08,10.0,10.0,10.0,10.0,2095
2022-06-09,10.0,10.0,10.0,10.0,146300
2022-06-14,10.04,10.04,10.04,10.04,2294
2022-07-19,10.01,10.01,10.01,10.01,1000
2022-08-12,10.015,10.015,10.015,10.015,177980
2022-08-26,10.0,10.0,10.0,10.0,10800
2022-08-29,10.02,10.03,10.03,10.02,5200
2022-08-30,10.03,10.03,10.03,10.03,5100
2022-09-01,10.04,10.04,10.04,10.0272,1400
2022-09-08,10.01,10.01,10.01,10.01,8728
2022-09-09,9.97,9.97,9.97,9.97,1100
2022-09-12,10.02,10.02,10.02,10.02,8500
2022-09-13,10.0236,10.0236,10.0236,10.0236,3800
2022-09-14,10.02,10.02,10.03,10.01,168472
2022-09-26,10.04,10.04,10.04,10.04,1003
2022-09-27,10.07,10.07,10.07,10.07,1140
2022-10-05,10.05,10.05,10.05,10.05,100
2022-10-06,10.05,10.05,10.05,10.05,100
2022-10-11,10.1,10.05,10.1,10.05,922
2022-10-12,10.02,10.065,10.065,10.02,570
2022-10-13,10.07,10.07,10.07,10.07,100
2022-10-18,10.1,10.1,10.1,10.1,200
2022-10-19,10.1,10.1,10.1,10.1,200
2022-10-20,10.1,10.15,10.15,10.1,2981
2022-10-21,10.08,10.08,10.08,10.08,5300
2022-10-25,10.15,10.08,10.15,10.04,23194
2022-10-26,10.08,10.08,10.08,10.08,100
2022-11-03,10.05,10.05,10.05,10.05,100
2022-11-04,10.14,10.13,10.14,10.13,600
2022-11-14,10.12,10.12,10.12,10.12,107
2022-11-15,10.12,10.12,10.2523,10.12,2400
2022-11-17,10.145,10.16,10.16,10.145,316
2022-11-28,10.18,10.18,10.18,10.18,100
2022-11-30,10.17,10.19,10.19,10.16,1526
2022-12-09,10.16,10.16,10.16,10.16,105
2022-12-12,10.16,10.16,10.16,10.16,100
2022-12-13,10.16,10.16,10.16,10.16,100
2022-12-14,10.21,10.21,10.21,10.21,102
2022-12-16,9.91,9.91,9.91,9.91,101
2022-12-19,9.91,9.91,9.91,9.91,100
2022-12-20,9.91,9.91,9.91,9.91,100
2022-12-21,9.91,9.91,9.91,9.91,100
2022-12-22,9.91,9.91,9.91,9.91,100
2022-12-23,9.91,9.91,9.91,9.91,100
2022-12-27,9.91,9.91,9.91,9.91,100
2022-12-28,9.91,9.91,9.91,9.91,100
2022-12-29,9.91,9.91,9.91,9.91,100
2022-12-30,9.93,9.93,9.93,9.93,100
2023-01-03,10.19,10.19,10.19,10.19,100
2023-01-04,10.19,10.19,10.19,10.19,100
2023-01-05,10.3,10.3,10.3,10.3,100
2023-01-06,10.31,10.31,10.31,10.31,1001
2023-01-18,10.27,10.27,10.27,10.27,79172
2023-01-27,11.25,11.49,11.49,10.41,4906
2023-01-30,12.56,11.4,12.56,11.4,4207
2023-01-31,10.41,10.41,10.41,10.41,337
2023-02-02,11.45,11.45,11.45,11.45,469
2023-02-06,11.34,11.34,11.5,11.34,601
2023-02-07,10.76,10.76,10.76,10.76,857
2023-02-10,10.12,10.3,10.3,10.12,644
2023-02-13,11.1,11.1,11.1,11.1,2754
2023-02-14,10.82,11.9,11.9,10.82,5930
2023-02-16,11.435,12.26,12.26,11.435,409
2023-02-17,11.5,10.7,12.68,10.6,9592
2023-02-21,10.44,11.05,11.06,10.44,5849
2023-02-22,11.84,11.84,11.84,11.84,399
2023-02-23,12.38,12.37,12.99,12.065,6557
2023-02-24,11.17,11.17,11.17,11.17,100
2023-02-28,11.3,11.1,11.3,10.64,6686
2023-03-01,12.19,11.25,12.22,11.25,21100
2023-03-02,11.98,10.6,14.24,10.4,10140
2023-03-03,10.8,10.3201,10.8,10.3201,1254
2023-03-06,10.99,11.07,11.07,10.99,830
2023-03-08,10.6,10.6,10.6,10.1,2815
2023-03-09,10.6,10.52,10.6,10.52,300
2023-03-10,10.52,10.65,10.79,10.52,1600
2023-03-13,10.6952,11.08,11.246,10.52,5801
2023-03-14,11.88,12.58,12.98,11.84,1927
2023-03-15,12.43,10.8,13.66,10.8,5508
2023-03-16,12.39,10.6006,16.57,10.56,19727
2023-03-24,10.72,10.72,10.72,10.72,100
2023-03-27,10.67,10.72,10.72,10.67,341
2023-04-04,10.48,10.48,10.48,10.48,102
2023-04-06,10.58,10.5901,10.65,10.58,1002
2023-04-11,10.61,10.58,10.61,10.58,343
2023-04-18,10.3,10.6,11.9,10.2,21392
2023-04-20,10.45,10.55,10.65,10.45,602
2023-04-24,10.64,10.54,11.6001,10.52,7000
2023-04-26,11.39,10.6,11.39,10.49,963
2023-05-04,10.56,10.56,10.56,10.56,100
2023-05-05,10.56,10.56,10.56,10.56,100
2023-05-08,10.56,10.56,10.56,10.56,100
2023-05-09,10.56,10.56,10.56,10.56,100
2023-05-10,10.6,10.6,10.6,10.6,200
2023-05-11,10.6,10.6,10.6,10.6,100
2023-05-12,10.6,10.62,10.62,10.6,416
2023-05-16,10.64,10.65,10.65,10.64,1339
2023-05-17,10.66,10.62,10.66,10.62,1402
2023-05-18,10.8,10.62,10.8,10.62,2259
2023-05-23,10.67,10.62,10.7,10.62,1992
2023-05-26,10.62,10.62,10.62,10.62,578
2023-05-30,10.62,10.62,10.62,10.62,1098
2023-06-01,10.67,10.66,10.7,10.63,1481
2023-06-02,10.63,10.62,10.63,10.61,1375
2023-06-09,10.53,10.945,10.945,10.05,6543
2023-06-13,10.68,10.7,10.72,10.68,1301
2023-06-14,10.7,10.7,10.72,10.7,3764
2023-06-15,10.75,10.72,10.79,10.7001,901
2023-06-16,10.79,10.76,10.8,10.26,7300
2023-06-20,10.74,10.701,10.74,10.701,521
2023-06-22,10.8161,10.73,10.8161,10.71,520
2023-06-27,10.73,10.89,10.89,10.73,320
2023-06-29,10.88,10.88,10.88,10.88,147
2023-07-03,12.59,12.44,12.59,12.29,542
2023-07-05,10.8,10.99,10.99,10.8,575
2023-07-12,10.75,10.75,10.75,10.75,105
2023-07-13,10.8,10.8,10.8,10.78,10633
2023-07-17,10.85,10.81,10.86,10.81,4107
2023-07-20,10.91,10.81,10.91,10.91,103
2023-07-25,10.9,10.9,10.9,10.9,115
2023-08-02,11.1,10.89,11.1,10.89,1007
2023-08-10,10.95,10.91,10.95,10.91,659
2023-08-11,10.94,10.94,10.94,10.94,400
2023-08-14,10.95,10.89,10.95,10.89,500
2023-08-22,10.98,10.98,10.98,10.98,100
2023-08-23,10.98,10.98,10.98,10.98,100
2023-08-24,11.0,11.0,11.0,11.0,106
2023-08-25,11.0,11.0,11.0,11.0,100
2023-08-28,10.99,10.99,10.99,10.99,100
2023-08-29,10.99,10.99,10.99,10.99,100
2023-08-30,10.99,10.99,10.99,10.99,100
2023-08-31,10.99,10.99,10.99,10.99,101
2023-09-01,10.99,10.99,10.99,10.99,110
2023-09-05,10.99,10.99,10.99,10.99,100
2023-09-07,11.0,11.0,11.0,11.0,100
2023-09-11,11.0,11.0,11.0,11.0,100
2023-09-12,11.06,11.06,11.06,11.06,100
2023-09-13,10.96,10.96,10.96,10.96,100
2023-09-14,10.96,10.96,10.96,10.96,100
2023-09-15,11.02,11.02,11.02,11.02,1150
2023-09-18,11.07,11.06,11.07,11.06,1050
2023-09-26,11.05,11.05,11.05,11.05,100
2023-09-27,10.96,10.96,10.97,10.96,5389
2023-10-05,10.96,10.96,10.96,10.96,100
2023-10-06,10.96,10.96,10.96,10.96,100
2023-10-09,10.96,10.96,10.96,10.96,100
2023-10-24,11.63,11.63,11.63,11.63,266
2023-10-25,11.49,11.2,11.49,10.81,776
2023-10-26,10.85,10.85,10.85,10.85,339
2023-10-27,11.01,11.0,11.01,11.0,626
2023-10-30,11.3,11.01,11.5,11.0,1061
2023-10-31,11.0,11.0,11.0,11.0,156
2023-12-13,11.0,11.0,11.0,11.0,500
2023-12-27,11.0531,11.0537,11.0537,11.0531,440
2024-02-09,NaN,NaN,NaN,NaN,1
2024-03-26,NaN,NaN,NaN,NaN,1
2024-06-05,12.0,12.0,12.0,12.0,568
2024-06-21,11.7,11.33,11.7,11.27,1302
2024-07-18,11.57,11.36,11.57,11.36,200
2024-07-26,11.35,11.35,11.35,11.35,107
2024-08-01,11.59,11.59,11.59,11.59,100
2024-08-22,11.33,11.33,11.33,11.33,101
2024-09-05,11.39,11.39,11.39,11.39,801
