2024-03-06,25.1,25.0951,25.13,25.0951,400506
2024-03-07,25.13,25.1307,25.1307,25.13,400003
2024-03-08,25.18,25.17,25.18,25.17,389905
2024-03-11,25.16,25.16,25.16,25.16,1
2024-03-12,25.0958,25.0958,25.0958,25.0958,0
2024-03-13,25.0738,25.0738,25.0738,25.0738,1
2024-03-14,24.93,24.93,24.93,24.93,5
2024-03-15,24.92,24.92,24.92,24.92,1
2024-03-18,24.92,24.89,24.92,24.89,206
2024-03-19,24.9568,24.95,24.9568,24.95,100
2024-03-20,25.01,25.01,25.01,25.01,0
2024-03-21,25.05,25.05,25.05,25.05,1
2024-03-22,25.1192,25.1192,25.1192,25.1192,0
2024-03-25,25.08,25.08,25.08,25.08,0
2024-03-26,25.095,25.095,25.095,25.095,0
2024-03-27,25.1882,25.1882,25.1882,25.1882,0
2024-03-28,25.17,25.17,25.17,25.17,1
2024-04-01,24.9199,24.9199,24.9199,24.9199,0
2024-04-02,24.88,24.88,24.88,24.88,0
2024-04-03,24.8959,24.8959,24.8959,24.8959,1
2024-04-04,24.95,24.95,24.95,24.95,0
2024-04-05,24.8497,24.8497,24.8497,24.8497,2
2024-04-08,24.83,24.83,24.83,24.83,0
2024-04-09,24.918,24.918,24.918,24.918,0
2024-04-10,24.7289,24.65,24.7289,24.65,400
2024-04-11,24.605,24.605,24.605,24.605,0
2024-04-12,24.6518,24.6518,24.6518,24.6518,0
2024-04-15,24.49,24.49,24.49,24.49,0
2024-04-16,24.403,24.403,24.403,24.403,1
2024-04-17,24.4985,24.4985,24.4985,24.4985,0
2024-04-18,24.4663,24.4663,24.4663,24.4663,0
2024-04-19,24.4777,24.4777,24.4777,24.4777,10
2024-04-22,24.515,24.515,24.515,24.515,0
2024-04-23,24.565,24.565,24.565,24.565,1
2024-04-24,24.5,24.5,24.5,24.5,0
2024-04-25,24.45,24.45,24.45,24.45,0
2024-04-26,24.51,24.51,24.51,24.51,5
2024-04-29,24.58,24.5799,24.59,24.5799,87940
2024-04-30,24.4964,24.4964,24.4964,24.4964,1
2024-05-01,24.4659,24.4659,24.4659,24.4659,0
2024-05-02,24.575,24.575,24.575,24.575,0
2024-05-03,24.7,24.7,24.7,24.7,2
2024-05-06,24.74,24.74,24.74,24.74,1
2024-05-07,24.77,24.79,24.79,24.77,256
2024-05-08,24.745,24.745,24.745,24.745,1
2024-05-09,24.8049,24.8049,24.8049,24.8049,0
2024-05-10,24.74,24.74,24.74,24.74,0
2024-05-13,24.7583,24.7583,24.7583,24.7583,0
2024-05-14,24.825,24.825,24.825,24.825,2
2024-05-15,24.9733,24.9733,24.9733,24.9733,1
2024-05-16,24.96,24.96,24.96,24.96,1
2024-05-17,24.9,24.9,24.9,24.9,0
2024-05-20,24.88,24.88,24.88,24.88,1
2024-05-21,24.925,24.925,24.925,24.925,0
2024-05-22,24.89,24.89,24.89,24.89,0
2024-05-23,24.8125,24.8125,24.8125,24.8125,0
2024-05-24,24.82,24.83,24.83,24.82,100
2024-05-28,24.715,24.715,24.715,24.715,0
2024-05-29,24.625,24.625,24.625,24.625,230
2024-05-30,24.7127,24.7127,24.7127,24.7127,0
2024-05-31,24.8214,24.8214,24.8214,24.8214,3
2024-06-03,24.83,24.83,24.83,24.83,1
2024-06-04,24.925,24.925,24.925,24.925,2
2024-06-05,24.9961,24.9961,24.9961,24.9961,4
2024-06-06,24.985,24.985,24.985,24.985,8
2024-06-07,24.8292,24.8292,24.8292,24.8292,1
2024-06-10,24.77,24.77,24.77,24.77,0
2024-06-11,24.85,24.85,24.85,24.85,0
2024-06-12,24.955,24.955,24.955,24.955,0
2024-06-13,25.081,25.081,25.081,25.081,0
2024-06-14,25.11,25.095,25.11,25.095,957
2024-06-17,25.025,25.025,25.025,25.025,0
2024-06-18,25.1,25.1,25.1,25.1,0
2024-06-20,25.075,25.075,25.075,25.075,0
2024-06-21,25.05,25.0724,25.09,25.05,844
2024-06-24,25.07,25.0815,25.0815,25.07,12800
2024-06-25,25.1,25.1093,25.11,25.1,257727
2024-06-26,24.99,24.985,24.9992,24.985,1667
2024-06-27,25.03,25.01,25.03,25.01,1196
2024-06-28,24.94,24.9205,24.96,24.9205,1683
2024-07-01,24.71,24.7049,24.71,24.7049,3431
2024-07-02,24.73,24.7451,24.75,24.73,1153
2024-07-03,24.89,24.89,24.89,24.89,38
2024-07-05,24.9997,24.9997,24.9997,24.9997,233
2024-07-08,25.0097,25.01,25.03,25.0097,18440
2024-07-09,25.0092,25.0009,25.0092,25.0009,2026
2024-07-10,25.03,25.0353,25.11,25.02,15454
2024-07-11,25.165,25.165,25.17,25.16,2566
2024-07-12,25.17,25.24,25.25,25.17,16831
2024-07-15,25.1699,25.1501,25.17,25.15,2650
2024-07-16,25.22,25.2293,25.2293,25.22,1343
2024-07-17,25.25,25.25,25.26,25.25,1398
2024-07-18,25.23,25.1835,25.23,25.1835,26995
2024-07-19,25.13,25.1191,25.13,25.1102,566
2024-07-22,25.13,25.125,25.13,25.11,4861
2024-07-23,25.1003,25.1003,25.1003,25.1003,0
2024-07-24,25.0559,25.029,25.0559,25.029,558
2024-07-25,25.08,25.0772,25.08,25.0772,638
2024-07-26,25.16,25.1783,25.19,25.16,1667
2024-07-29,25.23,25.2053,25.23,25.2034,2243
2024-07-30,25.24,25.237,25.25,25.237,1668
2024-07-31,25.31,25.3541,25.3541,25.2982,1124
2024-08-01,25.34,25.33,25.3464,25.33,2444
2024-08-02,25.52,25.5541,25.5541,25.52,23645
2024-08-05,25.53,25.53,25.53,25.53,438
2024-08-06,25.45,25.4298,25.45,25.4298,1239
2024-08-07,25.35,25.36,25.36,25.35,5840
2024-08-08,25.32,25.3296,25.339,25.32,1742
2024-08-09,25.41,25.4106,25.42,25.41,1433
2024-08-12,25.4491,25.4491,25.4491,25.4491,1
2024-08-13,25.54,25.56,25.5699,25.54,4157
2024-08-14,25.6109,25.6109,25.6109,25.6109,6
2024-08-15,25.55,25.55,25.56,25.55,1284
2024-08-16,25.59,25.58,25.59,25.58,219
2024-08-19,25.6474,25.6437,25.6474,25.6437,365
2024-08-20,25.69,25.705,25.71,25.66,198372
2024-08-21,25.77,25.76,25.77,25.76,1169
2024-08-22,25.69,25.6754,25.69,25.6754,724
2024-08-23,25.7768,25.78,25.8,25.7768,1412
2024-08-26,25.77,25.7489,25.77,25.7489,967
2024-08-27,25.75,25.76,25.77,25.75,1954
2024-08-28,25.73,25.73,25.73,25.72,1391
2024-08-29,25.7199,25.71,25.7295,25.71,5747
2024-08-30,25.6618,25.6618,25.6618,25.6618,45
2024-09-03,25.6391,25.63,25.6399,25.63,780
2024-09-04,25.73,25.7404,25.7404,25.73,568
2024-09-05,25.76,25.81,25.81,25.76,77420
2024-09-06,25.85,25.8307,25.85,25.8307,5022
2024-09-09,25.87,25.8757,25.88,25.87,3926
2024-09-10,25.93,25.92,25.93,25.92,971
2024-09-11,25.92,25.9458,25.9458,25.92,2274
2024-09-12,25.8903,25.92,25.92,25.89,2253
2024-09-13,25.99,25.975,26.01,25.975,2510
