2023-10-19,24.99,24.7925,25.05,24.7925,5156
2023-10-20,24.8,24.5343,24.8,24.5343,3456
2023-10-23,24.44,24.3243,24.5,24.3133,3562
2023-10-24,24.49,24.4273,24.52,24.3726,2427
2023-10-25,24.43,24.37,24.445,24.31,1786
2023-10-26,24.3868,24.385,24.53,24.385,2329
2023-10-27,24.31,24.0585,24.31,24.0331,1238
2023-10-30,24.2,24.2647,24.2647,24.1667,219
2023-10-31,24.3,24.3701,24.3701,24.292,351
2023-11-01,24.4801,24.4801,24.4801,24.4801,97
2023-11-02,24.79,24.788,24.79,24.765,427
2023-11-03,25.0,24.96,25.0,24.96,771
2023-11-06,24.85,24.8149,24.85,24.8149,465
2023-11-07,24.65,24.605,24.65,24.605,537
2023-11-08,24.56,24.465,24.56,24.465,3709
2023-11-09,24.42,24.3772,24.42,24.3772,121
2023-11-10,24.29,24.41,24.41,24.29,460
2023-11-13,24.41,24.3699,24.41,24.3699,749
2023-11-14,24.7,24.7353,24.78,24.7,3340
2023-11-15,24.77,24.8451,24.94,24.77,2795
2023-11-16,24.69,24.7266,24.74,24.6795,1311
2023-11-17,24.85,24.8051,24.86,24.8,805
2023-11-20,24.84,24.7799,24.87,24.77,2982
2023-11-21,24.78,24.75,24.79,24.742,3674
2023-11-22,24.8651,24.8651,24.8651,24.8651,264
2023-11-24,24.98,24.9549,24.98,24.9549,243
2023-11-27,25.01,24.88,25.01,24.86,1519
2023-11-28,24.9,24.8849,24.9,24.8849,312
2023-11-29,24.925,24.679041,24.95,24.8451,359
2023-11-30,24.87,24.8827,24.8827,24.85,1109
2023-12-01,24.9,25.23,25.3,24.9,12793
2023-12-04,25.21,25.3358,25.39,25.21,15996
2023-12-05,25.15,25.1,25.17,25.07,6281
2023-12-06,25.15,25.082,25.1874,25.082,1993
2023-12-07,25.12,25.1451,25.15,25.12,1024
2023-12-08,25.1735,25.2485,25.26,25.173,5595
2023-12-11,25.31,25.3573,25.42,25.3099,4527
2023-12-12,25.3,25.3027,25.3056,25.3,811
2023-12-13,25.28,25.63,25.634,25.25,4742
2023-12-14,25.8129,25.855,28.2299,25.8129,21723
2023-12-15,25.69,25.5938,25.7,25.585,6720
2023-12-18,25.67,25.6599,25.72,25.6262,11833
2023-12-19,25.71,25.775,25.78,25.71,3999
2023-12-20,25.73,25.401722,25.78,25.61,3110
2023-12-21,25.5599,25.5438,25.5599,25.435,2115
2023-12-22,25.5913,25.6755,25.72,25.5913,2116
2023-12-26,25.71,25.77,25.81,25.68,7182
2023-12-27,25.708,25.7456,25.8201,25.708,8748
2023-12-28,25.81,25.77,25.8193,25.77,1435
2023-12-29,25.77,25.7367,25.77,25.6887,3171
2024-01-02,25.7,25.8546,25.96,25.685,16445
2024-01-03,25.97,25.66,25.97,25.6264,24535
2024-01-04,25.69,25.6165,25.7392,25.6,5166
2024-01-05,25.5703,25.67,25.75,25.5703,7923
2024-01-08,25.64,25.7549,25.8344,25.52,13902
2024-01-09,25.6765,25.6548,25.6765,25.62,4163
2024-01-10,25.61,25.5998,25.63,25.5659,2526
2024-01-11,25.6,25.495,25.6,25.43,4890
2024-01-12,25.63,25.5625,25.6899,25.55,2667
2024-01-16,25.56,25.3159,25.56,25.3,8163
2024-01-17,25.28,25.1942,25.28,25.1926,4636
2024-01-18,25.19,25.2975,25.3,25.13,1891
2024-01-19,25.2,25.283,25.51,25.18,11235
2024-01-22,25.26,25.3851,25.3999,25.26,4078
2024-01-23,25.39,25.445,25.4599,25.39,1826
2024-01-24,25.43,25.2649,25.43,25.2,8103
2024-01-25,25.38,25.4222,25.45,25.3052,5650
2024-01-26,25.5986,25.5431,25.5986,25.47,12743
2024-01-29,25.54,25.58,25.58,25.46,3082
2024-01-30,25.64,25.52483,25.68,25.6,3206
2024-01-31,25.53,25.42,25.67,25.42,18000
2024-02-01,25.42,25.6342,25.68,25.4101,29292
2024-02-02,25.41,25.42,25.52,25.36,115812
2024-02-05,25.2501,25.24,25.289,25.15,13363
2024-02-06,25.3241,25.369,25.4599,25.3241,5474
2024-02-07,25.26,25.29,25.57,25.2307,5148
2024-02-08,25.24,25.295,25.295,25.2,7846
2024-02-09,25.25,25.24,25.25,25.1601,2601
2024-02-12,25.19,25.4941,25.4941,25.19,1831
2024-02-13,25.19,25.16,25.27,25.1,4935
2024-02-14,25.22,25.2801,25.2801,25.15,6875
2024-02-15,25.5528,25.626,25.6454,25.5528,3617
2024-02-16,25.57,25.64,25.75,25.57,2771
2024-02-20,25.64,25.6657,25.74,25.64,4698
2024-02-21,25.635,25.7594,25.7594,25.635,1274
2024-02-22,25.76,25.79,25.8,25.66,8537
2024-02-23,25.78,25.8826,25.91,25.78,3859
2024-02-26,25.89,25.8,25.89,25.74,5110
2024-02-27,25.84,25.8849,25.91,25.84,1476
2024-02-28,25.86,25.745097,25.91,25.86,2477
2024-02-29,25.84,25.85,25.8994,25.7901,90986
2024-03-01,25.87,25.72,25.87,25.7,7602
2024-03-04,25.91,25.89,26.0,25.89,4885
2024-03-05,25.88,25.9691,26.1199,25.88,10331
2024-03-06,26.12,26.11,26.13,26.06,4963
2024-03-07,26.275,26.22,26.275,26.17,38783
2024-03-08,26.27,26.2414,26.32,26.215,49487
2024-03-11,26.36,26.3751,26.38,26.2699,56473
2024-03-12,26.37,26.33,26.42,26.33,3797
2024-03-13,26.52,26.535,26.6286,26.52,2030
2024-03-14,26.5,26.3066,26.5,26.2713,4526
2024-03-15,26.26,26.3988,26.45,26.26,2766
2024-03-18,26.49,26.41,26.5092,26.28,3978
2024-03-19,26.5,26.5014,26.53,26.47,1924
2024-03-20,26.52,26.6417,26.69,26.52,1507
2024-03-21,26.66,26.77,26.8,26.66,4438
2024-03-22,26.77,26.6692,26.77,26.62,44261
2024-03-25,26.72,26.7,26.8,26.7,5151
2024-03-26,26.75,26.6332,26.75,26.63,1397
2024-03-27,26.72,26.843807,27.0239,26.72,160003
2024-03-28,26.9301,27.0778,27.1,26.9301,17833
2024-04-01,27.385,27.0021,27.76,26.95,18239
2024-04-02,26.93,26.9101,27.019,26.9101,1277
2024-04-03,26.93,26.85,26.96,26.77,44685
2024-04-04,27.05,26.7513,27.06,26.7,4543
2024-04-05,26.675,26.8,26.88,26.675,20517
2024-04-08,26.8507,26.878,26.95,26.8507,64001
2024-04-09,27.01,26.9314,27.02,26.85,5588
2024-04-10,26.67,26.6,26.67,26.47,6782
2024-04-11,26.4899,26.487,26.56,26.385,3834
2024-04-12,26.3886,26.155,26.3886,26.145,3135
2024-04-15,26.29,26.0446,26.29,25.99,4591
2024-04-16,26.0,25.8892,26.0,25.86,75106
2024-04-17,25.88,25.94,25.94,25.8607,5537
2024-04-18,25.96,25.9554,25.96,25.88,2013
2024-04-19,26.19,26.2154,26.2154,26.18,1016
2024-04-22,26.3,26.352,26.43,26.27,310002
2024-04-23,26.45,26.4367,26.46,26.4367,1320
2024-04-24,26.408,26.5515,26.5515,26.408,12675
2024-04-25,26.55,26.4466,26.55,26.4,3848
2024-04-26,26.45,26.3441,26.45,26.3441,9158
2024-04-29,26.4,26.314339,26.52,26.4,9415
2024-04-30,26.37,26.1179,26.37,26.1179,2558
2024-05-01,26.13,26.1162,26.13,26.0,1595
2024-05-02,26.1901,26.1717,26.1901,26.1717,419
2024-05-03,26.14,26.2604,26.2604,26.14,2993
2024-05-06,26.45,26.355,26.45,26.3257,3395
2024-05-07,26.5,26.52,26.5285,26.5,1388
2024-05-08,26.54,26.5753,26.5753,26.54,4060
2024-05-09,26.595,26.7101,26.73,26.595,4409
2024-05-10,26.75,26.7699,26.7699,26.75,906
2024-05-13,26.85,26.81,26.88,26.79,2961
2024-05-14,26.875,26.8349,26.88,26.8349,1138
2024-05-15,26.93,26.7419,26.93,26.7,12602
2024-05-16,26.75,26.8201,26.84,26.75,3072
2024-05-17,26.88,26.94,26.95,26.8,18594
2024-05-20,26.88,26.8712,26.92,26.87,23062
2024-05-21,26.98,26.8554,26.98,26.8252,22209
2024-05-22,26.75,26.73,26.8091,26.6769,18179
2024-05-23,26.55,26.4046,26.64,26.4,12278
2024-05-24,26.46,26.4962,26.54,26.46,3053
2024-05-28,26.81,26.45,26.81,26.39,33621
2024-05-29,26.14,26.03,26.2,26.03,4792
2024-05-30,26.2014,26.132033,26.32,26.2014,171263
2024-05-31,26.33,26.5144,26.5144,26.1222,19262
2024-06-03,26.59,26.3681,26.59,26.33,38147
2024-06-04,26.279,26.2697,26.33,26.2049,22083
2024-06-05,26.26,26.2408,26.3423,26.1683,39233
2024-06-06,26.3,26.2399,26.33,26.16,19585
2024-06-07,26.25,26.1597,26.2683,26.11,211719
2024-06-10,26.065,26.1649,26.21,26.045,13817
2024-06-11,26.26,26.1075,26.26,26.0079,42817
2024-06-12,26.27,26.0138,26.27,25.9789,8984
2024-06-13,25.96,25.8877,25.96,25.82,5796
2024-06-14,25.88,25.7203,25.88,25.66,17114
2024-06-17,25.7094,25.7893,25.7893,25.64,6406
2024-06-18,25.95,25.8848,25.95,25.83,8419
2024-06-20,25.95,25.9937,26.0595,25.9,25235
2024-06-21,26.01,26.05,26.05,25.985,10840
2024-06-24,26.2,26.3598,26.41,26.15,43333
2024-06-25,26.25,26.12,26.25,26.08,14724
2024-06-26,26.14,25.9787,26.14,25.9245,80554
2024-06-27,26.0,25.790918,26.0,25.86,15965
2024-06-28,25.9,25.8516,25.93,25.84,18543
2024-07-01,25.88,25.69,25.95,25.67,15472
2024-07-02,25.75,25.75,25.87,25.6597,16660
2024-07-03,25.7209,25.76,26.0,25.71,25403
2024-07-05,25.645,25.5499,25.645,25.51,5333
2024-07-08,25.59,25.66,25.7,25.59,30020
2024-07-09,25.6,25.5948,25.7,25.55,42174
2024-07-10,25.87,25.6742,25.87,25.54,39501
2024-07-11,25.78,26.1559,26.2,25.78,36527
2024-07-12,26.29,26.27,26.29,26.23,15769
2024-07-15,26.33,26.36,26.45,26.28,44571
2024-07-16,26.49,26.715,26.73,26.46,17749
2024-07-17,26.78,27.0902,27.15,26.78,31882
2024-07-18,27.01,26.8892,27.2239,26.8892,35747
2024-07-19,26.77,26.6952,26.79,26.67,7295
2024-07-22,26.77,26.8399,26.84,26.64,22620
2024-07-23,26.83,26.6922,26.83,26.6688,31978
2024-07-24,26.76,26.6407,26.8099,26.6407,15696
2024-07-25,26.7,26.8188,27.1,26.7,47938
2024-07-26,26.94,27.1305,27.2,26.94,10690
2024-07-29,27.25,27.165,27.25,27.05,14367
2024-07-30,27.21,27.223831,27.3455,27.15,7210
2024-07-31,27.32,27.2117,27.35,27.1781,23954
2024-08-01,27.38,27.09,27.38,26.955,32473
2024-08-02,26.88,26.6955,26.88,26.4746,9720
2024-08-05,26.18,26.0878,26.3499,25.89,27065
2024-08-06,26.125,26.2882,26.58,26.125,19403
2024-08-07,26.5,26.1959,26.61,26.1959,7255
2024-08-08,26.26,26.4836,26.54,26.26,24305
2024-08-09,26.55,26.4592,26.55,26.4018,12864
2024-08-12,26.59,26.3267,26.59,26.3201,7843
2024-08-13,26.45,26.4899,26.52,26.3287,10025
2024-08-14,26.46,26.53,26.57,26.46,37589
2024-08-15,26.73,26.6109,26.74,26.58,15802
2024-08-16,26.68,26.69,26.69,26.59,30246
2024-08-19,26.71,26.6,26.76,26.6,12193
2024-08-20,26.65,26.4868,26.65,26.4829,8379
2024-08-21,26.58,26.64,26.67,26.5393,26849
2024-08-22,26.56,26.77,26.81,26.56,55961
2024-08-23,26.77,26.905,26.98,26.77,25965
2024-08-26,26.89,27.0299,27.175,26.89,9947
2024-08-27,27.09,26.9799,27.09,26.861,34202
2024-08-28,26.98,27.025,27.08,26.9436,9139
2024-08-29,27.08,27.082945,27.38,26.9533,137166
2024-08-30,27.28,27.22,27.28,26.9769,34353
2024-09-03,26.85,26.98,27.14,26.85,15923
2024-09-04,27.06,26.9203,27.09,26.88,22609
2024-09-05,26.95,26.79,27.08,26.72,12175
2024-09-06,26.94,26.5785,26.94,26.53,17647
2024-09-09,26.7,26.78,26.8504,26.621,13838
2024-09-10,26.83,26.69,26.83,26.602,13148
2024-09-11,26.7,26.55,26.7,26.25,62887
2024-09-12,26.62,26.5792,26.62,26.475,26347
2024-09-13,26.73,26.92,26.92,26.6704,12789
