2024-07-19,3.49,3.41,4.2,2.25,590304
2024-07-22,3.29,2.7,3.29,2.25,463738
2024-07-23,2.27,1.9201,2.3,1.81,523817
2024-07-24,1.7,1.72,2.1194,1.67,285201
2024-07-25,1.56,2.07,2.17,1.55,1597436
2024-07-26,1.75,1.42,1.78,1.34,716264
2024-07-29,1.38,1.2,1.4299,1.14,312099
2024-07-30,1.19,1.36,1.5,1.115,467439
2024-07-31,1.34,1.11,1.4,1.06,204930
2024-08-01,1.1235,0.9295,1.17,0.91,300123
2024-08-02,0.8404,0.76,0.874999,0.751,1120318
2024-08-05,0.7187,0.732,0.739,0.65,267742
2024-08-06,0.71,0.87,0.97,0.7,585508
2024-08-07,0.8,0.8,0.855,0.78,345601
2024-08-08,0.8065,0.69,0.86,0.69,188438
2024-08-09,0.736,1.01,1.04,0.7113,2374993
2024-08-12,1.43,2.3,2.82,1.35,182756240
2024-08-13,2.03,2.42,2.5,1.6,7953104
2024-08-14,2.1,2.01,2.64,1.8,7523998
2024-08-15,1.96,1.85,2.12,1.72,1031571
2024-08-16,1.76,1.44,1.8465,1.23,1334138
2024-08-19,1.5,1.48,1.59,1.41,269550
2024-08-20,1.47,1.48,1.52,1.43,200372
2024-08-21,1.51,1.07,1.51,0.85,1181706
2024-08-22,1.09,0.98,1.11,0.9538,263532
2024-08-23,0.9866,0.97,1.05,0.92665,176393
2024-08-26,0.95,0.938,1.0,0.91,100494
2024-08-27,0.95,0.89,0.95,0.752,151439
2024-08-28,0.88,0.800521,0.88,0.7734,182652
2024-08-29,0.81,0.8271,0.889899,0.801,50336
2024-08-30,0.81,0.86,0.89,0.8093,57406
2024-09-03,0.858,0.851899,0.859,0.8,92152
2024-09-04,0.88,0.75,0.8999,0.722,165941
2024-09-05,0.76,0.7698,0.7993,0.75,103793
2024-09-06,0.779,0.732,0.78,0.706,55348
2024-09-09,0.75,0.76,0.79,0.74,119593
2024-09-10,0.81,0.9034,0.91084,0.775,336905
2024-09-11,0.937,1.09,1.26,0.87,598571
2024-09-12,0.99,1.0201,1.08,0.9639,197128
2024-09-13,1.03,0.975001,1.14,0.96,251789
2024-09-16,0.9458,0.98,0.993,0.9,102453
2024-09-17,1.0,0.949,1.0199,0.928,41096
2024-09-18,0.9799,0.94,0.9799,0.886708,87146
2024-09-19,0.949,0.8885,0.949,0.875,40650
2024-09-20,0.8601,0.8683,0.92,0.8011,99628
2024-09-23,0.9099,0.8575,0.9099,0.832494,26909
2024-09-24,0.888,0.8501,0.898,0.85,26448
2024-09-25,0.841,0.801,0.858,0.75,48528
2024-09-26,0.8829,0.8205,0.8829,0.781,8919
2024-09-27,0.838409,0.8027,0.843,0.7825,47939
2024-09-30,0.83432,0.819,0.8471,0.7851,28325
2024-10-01,0.857,0.8282,0.857,0.79,110374
2024-10-02,0.84,0.8012,0.87,0.7829,82916
2024-10-03,0.81,0.76,0.815,0.76,35737
2024-10-04,0.7502,0.7541,0.8004,0.7502,47150
2024-10-07,0.7819,0.7301,0.782,0.73,42622
2024-10-08,0.78,0.765,0.78,0.75,28214
2024-10-09,0.764,0.7703,0.81,0.73,26314
2024-10-10,0.814,0.768,0.814,0.7592,23438
2024-10-11,0.7682,0.8398,0.87,0.7682,191470
2024-10-14,0.895,0.919,0.95,0.86,207807
2024-10-15,0.9106,0.8443,0.925,0.8368,65746
2024-10-16,0.86502,0.84,0.8698,0.7601,63316
2024-10-17,0.84,0.818,0.8687,0.8001,23031
2024-10-18,0.862,0.8324,0.88,0.82,25097
2024-10-21,0.83,0.7701,0.83,0.73,62528
2024-10-22,0.8114,0.811,0.8655,0.77,203820
2024-10-23,0.7967,0.7753,0.8498,0.775,45919
2024-10-24,0.8,0.7871,0.809,0.775,76192
2024-10-25,0.80475,0.7991,0.8299,0.7725,60134
2024-10-28,0.7898,0.8025,0.8211,0.771,49049
2024-10-29,0.795,0.78,0.8025,0.7685,52965
2024-10-30,0.78,0.7999,0.8,0.771,36132
2024-10-31,0.7606,0.809,0.819,0.76,43593
2024-11-01,0.809,0.7975,0.809,0.772,15315
2024-11-04,0.79,0.78519,0.7901,0.73,38735
2024-11-05,0.751,0.7482,0.7843,0.745,19849
2024-11-06,0.7856,0.74,0.79,0.73,31567
2024-11-07,0.769,0.759,0.8,0.7301,110624
2024-11-08,0.7362,0.7,0.7888,0.55,275322
2024-11-11,0.7398,0.6637,0.7398,0.6126,49413
2024-11-12,0.67,0.6286,0.67,0.61,62358
2024-11-13,0.611,0.545,0.615,0.5281,157697
2024-11-14,0.5287,0.536,0.55,0.5015,56007
2024-11-15,0.5247,0.526,0.54,0.5,51879
2024-11-18,0.55,0.534,0.565,0.5015,31460
2024-11-19,0.5101,0.535,0.58,0.5101,27680
2024-11-20,0.5732,0.5375,0.5732,0.535,14254
2024-11-21,0.55,0.54,0.580933,0.535,8309
2024-11-22,0.541,0.5641,0.58,0.54,21800
2024-11-25,0.5434,0.56,0.5877,0.5256,16286
2024-11-26,0.5354,0.55,0.555,0.506,15326
2024-11-27,0.5575,0.585499,0.6299,0.5251,41944
2024-11-29,0.584485,0.6,0.78,0.532,185566
2024-12-02,0.685,0.583,0.685,0.573,75559
2024-12-03,0.58,0.65,0.68,0.58,69403
2024-12-04,0.65,0.6451,0.6824,0.61,39270
2024-12-05,0.649,0.59105,0.649,0.542282,63876
2024-12-06,0.609,0.5826,0.61,0.555,71339
2024-12-09,0.58,0.5878,0.588,0.526,26205
2024-12-10,0.588,0.562,0.6054,0.547,23986
2024-12-11,0.6018,0.5923,0.7,0.57875,79131
2024-12-12,0.5897,0.495,0.6152,0.491,134192
2024-12-13,0.4951,0.4449,0.5269,0.4449,38740
2024-12-16,0.45,0.421,0.459,0.4111,49201
2024-12-17,0.4515,0.42,0.4686,0.4112,21703
2024-12-18,0.4393,0.4295,0.4545,0.3829,93187
2024-12-19,0.449,0.4101,0.4499,0.39,159226
2024-12-20,0.3808,0.51,0.5175,0.38,408263
2024-12-23,0.4947,0.4413,0.5149,0.435,99613
2024-12-24,0.4518,0.4224,0.4785,0.41,38177
2024-12-26,0.44505,0.473,0.5137,0.4115,209420
2024-12-27,0.4912,0.521,0.68,0.466,430610
2024-12-30,0.534,0.5074,0.57,0.48432,105446
2024-12-31,0.4987,0.563361,0.63,0.48,202435
2025-01-02,0.619,0.6195,0.628,0.5799,93479
2025-01-03,0.6009,0.6023,0.614899,0.5501,98548
2025-01-06,0.5842,0.61,0.64,0.5801,50682
2025-01-07,0.639,0.7625,0.8491,0.61,759627
2025-01-08,0.7618,0.6201,0.7618,0.5705,273128
2025-01-10,0.581,0.529,0.6499,0.4606,2378376
2025-01-13,0.47,0.43999,0.4969,0.41,340299
2025-01-14,0.4294,0.4234,0.4304,0.381,78766
2025-01-15,0.41,0.442,0.449,0.3951,86368
2025-01-16,0.4275,0.44,0.4499,0.4151,133380
2025-01-17,0.4136,0.4113,0.4435,0.4051,714779
2025-01-21,0.4275,0.458,0.458,0.4031,134984
2025-01-22,0.445,0.4626,0.48,0.44,40606
2025-01-23,0.4571,0.455,0.5551,0.425101,549591
2025-01-24,0.455,0.4799,0.489,0.427,88525
2025-01-27,0.4547,0.47,0.5199,0.4542,145870
2025-01-28,0.509,0.489,0.509,0.41,131032
2025-01-29,0.4655,0.46675,0.49,0.4405,40121
2025-01-30,0.46,0.488,0.499,0.457,31283
2025-01-31,0.469,0.4684,0.4986,0.4411,35111
2025-02-03,0.4751,0.46,0.477,0.454,20007
2025-02-04,0.4581,0.4893,0.518,0.458,29061
2025-02-05,0.4697,0.540049,0.5697,0.4527,356604
2025-02-06,0.5495,0.5901,0.62,0.52,415591
2025-02-07,0.622,0.63,0.65,0.5905,1931552
2025-02-10,0.4701,0.4299,0.5,0.41,767396
2025-02-11,0.42,0.4362,0.45,0.42,82505
2025-02-12,0.42,0.4315,0.4579,0.41,66691
2025-02-13,0.4479,0.4658,0.4678,0.435,159767
2025-02-14,0.4694,0.459899,0.48,0.4404,47367
2025-02-18,0.45,0.473,0.478,0.4368,45684
2025-02-19,0.4719,0.49,0.5,0.4521,33338
2025-02-20,0.4688,0.4897,0.49,0.4606,39597
2025-02-21,0.489,0.51,0.5179,0.4606,319649
2025-02-24,0.5426,0.537399,0.6274,0.48,1529907
2025-02-25,0.54,0.5569,0.5656,0.4783,364673
2025-02-26,0.54,0.49,0.54,0.49,175856
2025-02-27,0.475,0.48105,0.52,0.45,224495
2025-02-28,0.4754,0.4701,0.5165,0.4332,176786
2025-03-03,0.451,0.4708,0.48,0.43,113097
2025-03-04,0.444,0.4508,0.4508,0.416,72920
2025-03-05,0.451,0.471,0.5085,0.451,51346
2025-03-06,0.4582,0.5099,0.5611,0.45,305692
2025-03-07,0.4781,0.485799,0.53,0.46,460912
2025-03-10,0.4712,0.471,0.51,0.437,26350
2025-03-11,0.471,0.4318,0.5,0.4201,88607
2025-03-12,0.4318,0.4973,0.52,0.426,408606
2025-03-13,0.4827,0.484999,0.53,0.4501,1230978
2025-03-14,0.4578,0.464899,0.4999,0.4366,226848
2025-03-17,0.45,0.459,0.4999,0.435,375830
2025-03-18,0.4421,0.4699,0.495,0.435,895765
2025-03-19,0.45,0.5,0.52,0.435,835642
2025-03-20,0.485,0.4692,0.4999,0.4347,159504
2025-03-21,0.46,0.46,0.489,0.4501,191702
