2024-06-14,25.22,25.2419,25.28,25.19,40034
2024-06-17,25.29,25.531,25.56,25.29,15608
2024-06-18,25.45,25.528,25.55,25.45,10158
2024-06-20,25.62,25.37,25.63,25.23,40867
2024-06-21,25.19,25.23,25.23,25.19,40731
2024-06-24,25.1199,25.0384,25.1199,25.0384,1193
2024-06-25,25.21,25.3356,25.3499,25.21,548
2024-06-26,25.37,25.3575,25.37,25.3575,40186
2024-06-27,25.3819,25.3819,25.3819,25.3819,26
2024-06-28,25.33,25.2914,25.33,25.2914,400
2024-07-01,25.43,25.4666,25.4666,25.39,2087
2024-07-02,25.68,25.6865,25.6999,25.64,3239
2024-07-03,25.805,25.895,25.895,25.805,41454
2024-07-05,25.909,25.9663,25.9663,25.909,2344
2024-07-08,26.05,26.0299,26.05,26.0299,790
2024-07-09,26.16,26.2177,26.25,26.16,3763
2024-07-10,26.26,26.5227,26.57,26.26,19654
2024-07-11,26.59,25.8997,26.59,25.88,8446
2024-07-12,26.2799,25.9857,26.29,25.9857,63139
2024-07-15,26.19,26.1044,26.36,26.0965,17826
2024-07-16,26.06,26.1486,26.2899,25.94,31307
2024-07-17,25.69,25.6141,25.74,25.6141,23104
2024-07-18,25.4,25.5132,25.63,25.4,1698
2024-07-19,25.58,25.2645,25.58,25.2645,4097
2024-07-22,25.67,25.6471,25.72,25.51,6986
2024-07-23,25.6,25.6033,25.71,25.6,5874
2024-07-24,25.06,24.8543,25.09,24.85,4701
2024-07-25,24.6711,24.6711,24.6711,24.6711,32
2024-07-26,24.85,24.8199,24.9,24.8199,1647
2024-07-29,25.01,24.9366,25.05,24.9366,6720
2024-07-30,24.6494,24.6494,24.6494,24.6494,5
2024-07-31,25.32,25.3021,25.42,25.27,1215
2024-08-01,24.59,24.7609,24.7609,24.59,15879
2024-08-02,24.19,24.1915,24.26,24.11,17628
2024-08-05,23.45,23.4674,23.71,23.43,11027
2024-08-06,23.6803,23.6803,23.6803,23.6803,1
2024-08-07,23.81,23.4627,23.81,23.4627,3925
2024-08-08,23.86,23.98,24.13,23.85,42426
2024-08-09,24.2118,24.2118,24.2118,24.2118,610
2024-08-12,24.2,24.2309,24.41,24.2,4502
2024-08-13,24.6501,24.76,24.76,24.6501,122
2024-08-14,24.9,24.8218,24.9198,24.8218,1702
2024-08-15,25.19,25.3062,25.3062,25.19,405
2024-08-16,25.3661,25.3661,25.3661,25.3661,244
2024-08-19,25.42,25.661,25.67,25.42,3721
2024-08-20,25.6404,25.6404,25.6404,25.6404,84
2024-08-21,25.7797,25.7609,25.78,25.7609,1381
2024-08-22,25.74,25.3464,25.74,25.3464,2152
2024-08-23,25.5,25.6333,25.6333,25.5,1355
2024-08-26,25.45,25.3699,25.51,25.3699,3307
2024-08-27,25.5,25.455,25.53,25.445,1869
2024-08-28,25.17,25.2011,25.2011,25.15,1923
2024-08-29,25.2614,25.1541,25.2614,25.11,4375
2024-08-30,25.34,25.4406,25.4406,25.265,2708
2024-09-03,24.895,24.895,24.895,24.895,156
2024-09-04,24.63,24.6781,24.6781,24.57,1400
2024-09-05,24.7298,24.6457,24.73,24.6457,1048
2024-09-06,24.1535,24.0704,24.1535,23.99,1478
2024-09-09,24.37,24.3448,24.47,24.2799,2652
2024-09-10,24.62,24.5706,24.63,24.47,3541
2024-09-11,24.3,25.0963,25.0963,24.3,842
2024-09-12,25.305,25.3274,25.3274,25.305,661
2024-09-13,25.48,25.4318,25.48,25.4318,1984
