2024-08-13,25.05,25.035,25.05,25.0281,399
2024-08-14,25.04,25.07,25.07,25.04,2041
2024-08-15,25.0324,25.04,25.04,25.0324,3904
2024-08-16,25.06,25.075,25.1,25.06,401
2024-08-19,25.1,25.1,25.1,25.1,511
2024-08-20,25.1,25.11,25.12,25.1,2144
2024-08-21,25.11,25.11,25.13,25.11,4101
2024-08-22,25.09,25.09,25.09,25.09,0
2024-08-23,25.12,25.12,25.12,25.12,0
2024-08-26,25.11,25.0988,25.12,25.0988,5781
2024-08-27,25.1,25.1045,25.1045,25.1,4040
2024-08-28,25.1161,25.1161,25.1161,25.1161,0
2024-08-29,25.17,25.17,25.17,25.17,1
2024-08-30,25.1515,25.1515,25.1515,25.1515,40
2024-09-03,25.2144,25.22,25.22,25.2144,220
2024-09-04,25.28,25.272,25.28,25.272,101
2024-09-05,25.26,25.26,25.28,25.26,4159
2024-09-06,25.28,25.28,25.28,25.28,0
2024-09-09,25.2758,25.2758,25.2758,25.2758,1
2024-09-10,25.25,25.29,25.29,25.25,771
2024-09-11,25.2955,25.2955,25.2955,25.2955,25
2024-09-12,25.3033,25.3033,25.3033,25.3033,0
2024-09-13,25.315,25.34,25.34,25.315,322
2024-09-16,25.37,25.37,25.37,25.3632,2540
2024-09-17,25.33,25.36,25.36,25.33,5995
2024-09-18,25.34,25.32,25.34,25.32,580
2024-09-19,25.3205,25.3205,25.3205,25.3205,135
2024-09-20,25.3433,25.3433,25.3433,25.3433,2
2024-09-23,25.33,25.3359,25.3359,25.33,120
2024-09-24,25.34,25.355,25.355,25.34,100
2024-09-25,25.33,25.3256,25.33,25.3256,2700
2024-09-26,25.34,25.22543,25.34,25.3255,2000
2024-09-27,25.3008,25.3008,25.3008,25.3008,0
2024-09-30,25.2853,25.2853,25.2853,25.2853,77
2024-10-01,25.3333,25.3333,25.3333,25.3333,2
2024-10-02,25.3,25.3264,25.33,25.3,2000
2024-10-03,25.31,25.31,25.31,25.31,0
2024-10-04,25.255,25.215,25.255,25.215,200
2024-10-07,25.19,25.19,25.19,25.19,0
2024-10-08,25.1839,25.1839,25.1839,25.1839,0
2024-10-09,25.155,25.155,25.155,25.155,0
2024-10-10,25.1727,25.17,25.2,25.14,13124
2024-10-11,25.17,25.1847,25.1847,25.17,101
2024-10-14,25.1246,25.1246,25.1246,25.1246,0
2024-10-15,25.25,25.2485,25.25,25.2485,900
2024-10-16,25.25,25.2454,25.25,25.2454,1261
2024-10-17,25.2,25.215,25.215,25.2,1468
2024-10-18,25.2151,25.2151,25.2151,25.2151,0
2024-10-21,25.22,25.1403,25.22,25.14,594
2024-10-22,25.07,25.075,25.075,25.07,162
2024-10-23,24.94,24.9401,24.9401,24.94,236
2024-10-24,25.0398,25.0398,25.0398,25.0398,0
2024-10-25,25.1248,25.1248,25.1248,25.1248,0
2024-10-28,25.1727,25.1727,25.1727,25.1727,1
2024-10-29,25.08,25.05857,25.1509,25.08,100
2024-10-30,25.065,25.065,25.065,25.065,0
2024-10-31,25.0553,25.0553,25.0553,25.0553,97
2024-11-01,25.045,25.045,25.045,25.045,1
2024-11-04,25.09,25.125,25.125,25.09,140
2024-11-05,25.185,25.185,25.185,25.185,26
2024-11-06,24.78,24.795,24.81,24.78,2000
2024-11-07,24.9644,24.9644,24.9644,24.9644,2
2024-11-08,25.1886,25.1886,25.1886,25.1886,0
2024-11-11,25.1688,25.1688,25.1688,25.1688,0
2024-11-12,25.095,25.095,25.095,25.095,0
2024-11-13,25.19,25.075,25.19,25.075,10970
2024-11-14,25.1172,25.1172,25.1172,25.1172,3
2024-11-15,25.195,25.195,25.195,25.195,1
2024-11-18,25.215,25.215,25.215,25.215,78
2024-11-19,25.24,25.24,25.24,25.24,3
2024-11-20,25.2315,25.2315,25.2315,25.2315,12
2024-11-21,25.25,25.26,25.26,25.25,1882
2024-11-22,25.25,25.255,25.255,25.2,200
2024-11-25,25.3,25.2867,25.3,25.2867,727
2024-11-26,25.325,25.24817,25.325,25.325,0
2024-11-27,25.3191,25.3191,25.3191,25.3191,4
2024-11-29,25.3877,25.3877,25.3877,25.3877,155
2024-12-02,25.435,25.435,25.435,25.435,0
2024-12-03,25.34,25.34,25.34,25.34,1
2024-12-04,25.3844,25.3844,25.3844,25.3844,28
2024-12-05,25.355,25.355,25.355,25.355,1
2024-12-06,25.4,25.4,25.4,25.4,0
2024-12-09,25.335,25.335,25.335,25.335,4
2024-12-10,25.28,25.3007,25.3007,25.28,3492
2024-12-11,25.215,25.215,25.215,25.215,1
2024-12-12,25.1425,25.1425,25.1425,25.1425,8
2024-12-13,25.0681,25.0681,25.0681,25.0681,99
2024-12-16,25.12,25.1271,25.1271,25.1188,40287
2024-12-17,25.0627,25.0627,25.0627,25.0627,0
2024-12-18,25.05,24.8704,25.05,24.8704,102
2024-12-19,24.64,24.7462,24.7462,24.64,589
2024-12-20,24.93,24.93,24.93,24.93,0
2024-12-23,24.91,24.91,24.91,24.91,6
2024-12-24,24.9241,24.9241,24.9241,24.9241,0
2024-12-26,24.925,24.925,24.925,24.925,0
2024-12-27,24.918,24.861135,24.918,24.918,1
2024-12-30,24.9449,24.9449,24.9449,24.9449,0
2024-12-31,24.925,24.925,24.925,24.87,1567
2025-01-02,24.955,24.955,24.955,24.955,1
2025-01-03,24.925,24.925,24.925,24.925,2
2025-01-06,24.945,24.945,24.945,24.945,4
2025-01-07,24.8791,24.8791,24.8791,24.8791,0
2025-01-08,24.7771,24.7771,24.7771,24.7771,2
2025-01-10,24.66,24.66,24.66,24.66,9
2025-01-13,24.65,24.5917,24.65,24.59,1105
2025-01-14,24.5945,24.5945,24.5945,24.5945,33
2025-01-15,24.765,24.765,24.765,24.765,0
2025-01-16,24.78,24.7791,24.78,24.7791,290
2025-01-17,24.875,24.875,24.875,24.875,5
2025-01-21,24.98,24.9797,24.98,24.9797,102
2025-01-22,24.965,24.965,24.965,24.965,12
2025-01-23,24.855,24.855,24.855,24.855,14
2025-01-24,24.9098,24.9098,24.9098,24.9098,0
2025-01-27,25.045,25.045,25.045,25.045,0
2025-01-28,25.0226,25.0226,25.0226,25.0226,0
2025-01-29,24.9765,24.88869,24.9765,24.9765,2
2025-01-30,24.935,24.935,24.935,24.935,0
2025-01-31,24.8773,24.8773,24.8773,24.8773,93
2025-02-03,24.945,24.945,24.945,24.945,5
2025-02-04,25.005,25.005,25.005,25.005,2
2025-02-05,25.07,25.07,25.07,25.07,3
2025-02-06,25.0681,25.0681,25.0681,25.0681,0
2025-02-07,25.015,25.015,25.015,25.015,0
2025-02-10,25.035,25.035,25.035,25.035,13
2025-02-11,24.98,24.98,24.98,24.98,0
2025-02-12,24.805,24.805,24.805,24.805,1
2025-02-13,24.9743,24.9743,24.9743,24.9743,11
2025-02-14,25.015,25.015,25.015,25.015,0
2025-02-18,24.935,24.935,24.935,24.935,11
2025-02-19,24.9926,24.9926,24.9926,24.9926,2
2025-02-20,25.025,25.025,25.025,25.025,1
2025-02-21,25.0677,25.0677,25.0677,25.0677,131
2025-02-24,25.105,25.105,25.105,25.105,0
2025-02-25,25.205,25.205,25.205,25.205,1
2025-02-26,25.2451,25.18824,25.2451,25.2451,107
2025-02-27,25.1365,25.1365,25.1365,25.1365,2
2025-02-28,25.15,25.1896,25.1896,25.15,12123
2025-03-03,25.1312,25.1312,25.1312,25.1312,5
2025-03-04,25.01,25.035,25.035,25.01,401
2025-03-05,25.0377,25.0377,25.0377,25.0377,12
2025-03-06,24.95,24.95,24.95,24.95,39
2025-03-07,24.96,24.9011,24.98,24.9011,4480
2025-03-10,24.92,24.92,24.92,24.92,7
2025-03-11,24.82,24.815,24.82,24.815,1319
2025-03-12,24.7204,24.7204,24.7204,24.7204,0
2025-03-13,24.7093,24.6999,24.7093,24.6999,252
2025-03-14,24.69,24.685,24.69,24.685,9962
