2020-06-12,76.0,76.0,76.0,76.0,405
2020-06-16,NaN,76.0,NaN,NaN,2
2020-06-17,NaN,76.0,NaN,NaN,131
2020-06-18,NaN,76.0,NaN,NaN,0
2020-06-19,100.1452,76.0,100.1452,100.1452,921
2020-06-22,NaN,76.0,NaN,NaN,2236
2020-07-08,134.9,134.9,134.9,134.9,26
2020-07-14,NaN,134.9,NaN,NaN,63
2020-07-15,180.5,134.9,180.5,180.5,486
2020-07-20,NaN,134.9,NaN,NaN,263
2020-07-22,NaN,134.9,NaN,NaN,131
2020-07-23,217.0674,134.9,217.0674,217.0674,526
2020-07-24,NaN,134.9,NaN,NaN,0
2020-07-29,NaN,134.9,NaN,NaN,0
2020-08-13,NaN,134.9,NaN,NaN,263
2020-08-21,220.4,220.4,220.4,220.4,13
2020-08-27,NaN,220.4,NaN,NaN,26
2020-09-02,NaN,220.4,NaN,NaN,263
2020-09-03,NaN,220.4,NaN,NaN,59
2020-09-04,NaN,220.4,NaN,NaN,0
2020-09-10,NaN,220.4,NaN,NaN,1026
2020-09-11,163.59,167.2,167.2,163.59,193
2020-09-17,NaN,167.2,NaN,NaN,0
2020-09-24,NaN,167.2,NaN,NaN,197
2020-09-25,NaN,167.2,NaN,NaN,0
2020-09-29,NaN,167.2,NaN,NaN,1719
2020-09-30,NaN,167.2,NaN,NaN,390
2020-10-01,NaN,167.2,NaN,NaN,797
2020-10-08,230.68345,167.2,230.68345,230.68345,15
2020-10-09,NaN,167.2,NaN,NaN,0
2020-10-12,NaN,167.2,NaN,NaN,396
2020-10-13,NaN,167.2,NaN,NaN,789
2020-10-19,NaN,167.2,NaN,NaN,29
2020-10-21,NaN,167.2,NaN,NaN,6
2020-10-22,207.5826,167.2,207.5826,207.5826,1084
2020-10-28,NaN,167.2,NaN,NaN,1
2020-11-03,NaN,167.2,NaN,NaN,1012
2020-11-06,NaN,167.2,NaN,NaN,0
2020-11-09,NaN,167.2,NaN,NaN,26
2020-11-10,NaN,167.2,NaN,NaN,259
2020-11-11,NaN,167.2,NaN,NaN,211
2020-11-20,NaN,167.2,NaN,NaN,1
2020-11-30,190.0,190.0,190.0,190.0,5
2020-12-01,190.0,169.1,190.0,169.1,12
2020-12-02,NaN,169.1,NaN,NaN,0
2020-12-04,NaN,169.1,NaN,NaN,0
2020-12-07,190.0,190.0,190.0,190.0,3
2020-12-09,190.0,190.0,190.0,169.1,348
2020-12-10,163.4,163.4,163.4,163.4,18
2020-12-15,NaN,163.4,NaN,NaN,26
2020-12-17,NaN,163.4,NaN,NaN,26
2020-12-18,193.8,193.8,193.8,193.8,588
2020-12-21,209.0,209.0,209.0,209.0,3
2020-12-23,NaN,209.0,NaN,NaN,552
2020-12-24,NaN,209.0,NaN,NaN,0
2020-12-28,191.9,193.8,209.0,191.9,79
2020-12-29,209.0,193.8,209.0,193.8,1166
2020-12-30,NaN,193.8,NaN,NaN,948
2020-12-31,NaN,193.8,NaN,NaN,0
2021-01-04,NaN,193.8,NaN,NaN,1379
2021-01-05,193.8,208.24,209.0,193.8,32
2021-01-06,193.8,193.8,266.0,193.8,7
2021-01-08,193.8,193.8,193.8,193.8,40
2021-01-13,228.0,199.5,228.0,199.5,127
2021-01-14,NaN,199.5,NaN,NaN,1
2021-01-19,NaN,199.5,NaN,NaN,526
2021-01-21,NaN,199.5,NaN,NaN,263
2021-01-22,NaN,199.5,NaN,NaN,0
2021-01-25,NaN,199.5,NaN,NaN,0
2021-01-27,360.62,361.0,361.0,360.62,655
2021-01-28,342.0038,342.0038,342.0038,342.0038,88
2021-01-29,342.0,342.0,342.0,241.3,560
2021-02-01,322.62,322.62,322.62,228.0,14
2021-02-02,NaN,322.62,NaN,NaN,0
2021-02-03,330.6,322.62,330.6,330.6,531
2021-02-04,342.0,323.0,342.0,253.46,22
2021-02-05,NaN,323.0,NaN,NaN,2
2021-02-08,328.7,304.0,328.7,304.0,113
2021-02-09,NaN,304.0,NaN,NaN,0
2021-02-10,286.7328,304.0,286.7328,286.7328,546
2021-02-11,315.685,304.0,315.685,315.685,136
2021-02-12,313.8876,304.0,313.8876,313.8876,263
2021-02-16,380.0,380.0,380.0,380.0,837
2021-02-17,NaN,380.0,NaN,NaN,3
2021-02-18,323.0,323.0,380.0,323.0,601
2021-02-19,NaN,323.0,NaN,NaN,0
2021-02-22,351.5,323.0,351.5,351.5,3
2021-02-23,324.9,324.9,324.9,324.9,31
2021-02-24,304.0,323.0,323.0,304.0,18
2021-02-25,NaN,323.0,NaN,NaN,0
2021-02-26,304.0,304.0,304.0,304.0,164
2021-03-01,307.8,304.0,342.0,304.0,92
2021-03-02,304.0,304.0,304.0,304.0,1287
2021-03-03,304.0,277.02,304.0,277.02,231
2021-03-04,277.02,277.02,277.02,277.02,255
2021-03-05,NaN,277.02,NaN,NaN,0
2021-03-09,NaN,277.02,NaN,NaN,5
2021-03-10,570.0,277.02,570.0,266.0,21
2021-03-11,NaN,277.02,NaN,NaN,2
2021-03-12,266.0,266.0,313.5,266.0,62
2021-03-17,NaN,266.0,NaN,NaN,174
2021-03-18,266.38,266.0,266.38,266.38,5
2021-03-19,NaN,266.0,NaN,NaN,0
2021-03-22,NaN,266.0,NaN,NaN,26
2021-03-23,NaN,266.0,NaN,NaN,0
2021-03-25,NaN,266.0,NaN,NaN,189
2021-03-26,266.0,228.0,380.0,228.0,671
2021-03-29,NaN,228.0,NaN,NaN,0
2021-03-30,266.0,228.0,266.0,266.0,296
2021-03-31,NaN,228.0,NaN,NaN,343
2021-04-01,304.0,304.0,304.0,304.0,12
2021-04-05,NaN,304.0,NaN,NaN,0
2021-04-07,456.0,437.0,456.0,437.0,85
2021-04-08,NaN,437.0,NaN,NaN,0
2021-04-09,NaN,437.0,NaN,NaN,81
2021-04-12,425.6,425.6,425.6,425.6,2
2021-04-13,NaN,425.6,NaN,NaN,1
2021-04-14,NaN,425.6,NaN,NaN,0
2021-04-15,NaN,425.6,NaN,NaN,2
2021-04-16,NaN,425.6,NaN,NaN,38
2021-04-19,424.84,424.84,424.84,424.84,5
2021-04-20,NaN,424.84,NaN,NaN,53
2021-04-21,NaN,424.84,NaN,NaN,2
2021-04-22,288.8,288.8,424.84,288.8,14
2021-04-23,294.5,288.8,294.5,294.5,0
2021-04-26,NaN,288.8,NaN,NaN,0
2021-04-28,NaN,288.8,NaN,NaN,0
2021-04-29,NaN,288.8,NaN,NaN,132
2021-04-30,424.84,424.84,424.84,424.84,6
2021-05-03,421.8,421.8,421.8,421.8,3
2021-05-04,421.8,421.8,421.8,421.8,1072
2021-05-05,NaN,421.8,NaN,NaN,224
2021-05-06,294.5,288.8,317.3,288.8,150
2021-05-07,275.5,275.5,275.5,275.5,13
2021-05-10,275.5,290.7,290.7,275.5,31
2021-05-12,292.6,292.6,292.6,292.6,33
2021-05-13,NaN,292.6,NaN,NaN,1
2021-05-17,NaN,292.6,NaN,NaN,88
2021-05-18,NaN,292.6,NaN,NaN,34
2021-05-19,NaN,292.6,NaN,NaN,0
2021-05-24,250.8,229.9,250.8,229.9,50
2021-05-26,250.8,229.9,250.8,229.9,46
2021-05-27,NaN,229.9,NaN,NaN,134
2021-05-28,247.0,235.6,247.0,235.6,94
2021-06-01,235.6,237.5,237.5,229.9,190
2021-06-02,237.5,237.5,237.5,237.5,138
2021-06-03,NaN,237.5,NaN,NaN,0
2021-06-04,NaN,237.5,NaN,NaN,815
2021-06-07,NaN,266.76,266.76,266.76,55
2021-06-08,353.4,323.0,353.4,323.0,54
2021-06-09,304.0,289.56,304.0,285.0,77
2021-06-10,304.0,289.94,304.0,289.94,164
2021-06-11,292.6,290.7,292.6,290.7,210
2021-06-14,290.7,289.56,290.7,289.56,45
2021-06-15,304.0,271.7,304.0,269.8,456
2021-06-16,271.7,266.0,271.7,266.0,8
2021-06-17,254.6,266.0,254.6,254.6,2
2021-06-18,254.6,254.6,254.6,254.6,68
2021-06-21,NaN,254.6,NaN,NaN,438
2021-06-23,285.0,285.0,285.0,285.0,39
2021-06-24,285.0,275.5,285.0,266.0,279
2021-06-25,303.62,303.62,303.62,303.62,11
2021-06-28,342.0,304.0,342.0,304.0,554
2021-06-29,380.0,304.0,380.0,380.0,361
2021-06-30,380.0,248.9,380.0,248.9,156
2021-07-01,304.0,254.6,304.0,248.9038,28
2021-07-02,NaN,254.6,NaN,NaN,0
2021-07-06,258.4,256.5,258.4,256.5,38
2021-07-07,NaN,256.5,NaN,NaN,0
2021-07-08,NaN,256.5,NaN,NaN,0
2021-07-12,258.0998,256.5,258.0998,258.0998,73
2021-07-13,NaN,256.5,NaN,NaN,0
2021-07-14,256.5,256.5,256.5,256.5,20
2021-07-15,256.5,233.7,256.5,182.4,63
2021-07-16,NaN,233.7,NaN,NaN,0
2021-07-19,NaN,233.7,NaN,NaN,0
2021-07-21,NaN,233.7,NaN,NaN,1
2021-07-22,233.7,233.7,233.7,233.7,13
2021-07-23,226.9246,233.7,226.9246,226.9246,43
2021-07-26,NaN,233.7,NaN,NaN,3
2021-07-27,228.0,228.0,228.0,228.0,12
2021-07-28,NaN,228.0,NaN,NaN,0
2021-07-30,228.0,228.0,228.0,228.0,24
2021-08-02,228.0,228.0,228.0,228.0,38
2021-08-03,228.0,228.0,228.0,228.0,3
2021-08-05,231.8,228.0,231.8,228.0,45
2021-08-06,NaN,228.0,NaN,NaN,1
2021-08-09,228.0,228.0,228.0,228.0,7
2021-08-10,NaN,228.0,NaN,NaN,0
2021-08-11,NaN,228.0,NaN,NaN,0
2021-08-12,209.76,209.76,209.76,209.76,26
2021-08-13,190.0,190.0,190.0,190.0,2
2021-08-18,209.0,209.0,209.0,209.0,2
2021-08-19,209.0,209.0,209.0,209.0,3
2021-08-20,210.9,209.38,210.9,209.38,26
2021-08-23,152.0,152.0,152.0,152.0,5
2021-08-24,184.68,152.0,184.68,184.68,7
2021-08-25,186.2,174.04,186.2,174.04,22
2021-08-26,182.02,182.02,182.02,182.02,526
2021-08-27,243.96,228.0,243.96,228.0,75
2021-08-30,228.0,218.5,228.0,218.5,133
2021-08-31,250.42,228.0,250.8,228.0,67
2021-09-01,228.0,212.8,237.5,212.8,36
2021-09-02,212.8,205.2,228.0,205.2,162
2021-09-03,NaN,205.2,NaN,NaN,0
2021-09-07,228.0,235.6,235.6,228.0,280
2021-09-08,228.0,197.6,228.0,193.8,292
2021-09-09,190.38,243.2,243.2,180.5,210
2021-09-10,250.8,228.0,250.8,192.28,395
2021-09-13,218.5,228.0,228.0,188.1,280
2021-09-14,228.0,228.0,247.0,178.6,250
2021-09-15,209.0,175.56,209.0,175.56,350
2021-09-16,175.56,174.8,227.24,174.8,147
2021-09-17,190.0,178.6,193.8,174.8,220
2021-09-20,171.0,182.4,242.44,168.72,180
2021-09-21,182.4,160.36,227.24,160.36,211
2021-09-22,220.4,220.02,366.32,163.4,2891
2021-09-23,209.0,174.8,209.0,174.8,161
2021-09-24,190.0,189.24,190.0,155.8,158
2021-09-27,274.36,183.92,274.36,183.92,490
2021-09-28,163.4,190.0,190.0,161.88,58
2021-09-29,190.0,163.4,208.62,163.4,300
2021-09-30,163.4,163.4,188.1,163.4,79
2021-10-01,185.82,176.32,188.1,176.32,85
2021-10-04,163.4,171.0,190.0,159.6,36
2021-10-05,155.8,152.38,155.8,146.3,335
2021-10-06,155.8,140.6,165.262,140.6,1198
2021-10-07,159.6,171.0,186.2,155.8,3120
2021-10-08,199.12,186.2,224.2,166.44,9270
2021-10-11,197.6,172.9,197.6,172.9,4159
2021-10-12,172.9,172.9,172.9,163.78,1358
2021-10-13,180.5,178.6,190.0,171.0,897
2021-10-14,178.6,176.7,188.1,171.0,983
2021-10-15,185.82,180.5,186.2,177.08,550
2021-10-18,180.88,171.0,180.88,167.2,782
2021-10-19,171.0,178.6,184.3,163.4,345
2021-10-20,177.84,175.18,188.1,171.38,768
2021-10-21,175.18,182.4,182.4,175.18,495
2021-10-22,182.4,181.26,186.2,175.18,248
2021-10-25,186.2,182.4,186.2,167.2,955
2021-10-26,169.1,165.3,176.7,165.3,536
2021-10-27,165.3,159.6,165.3,157.7,723
2021-10-28,167.2,159.6,171.0,156.56,1377
2021-10-29,165.3,153.9,167.2,152.0,563
2021-11-01,167.2,154.66,167.2,153.9,411
2021-11-02,154.66,157.7,163.4,153.9,208
2021-11-03,155.8,158.46,159.6,152.38,373
2021-11-04,153.14,150.1,158.08,136.42,2556
2021-11-05,150.1,140.6,150.1,140.6,248
2021-11-08,142.5,140.98,151.62,127.3,1335
2021-11-09,142.5,151.62,151.62,127.68,277
2021-11-10,133.0,149.72,151.24,133.0,211
2021-11-11,133.0,134.9,149.72,131.1,612
2021-11-12,136.8,117.8,136.8,38.38,945
2021-11-15,127.3,125.4,133.0,119.7,293
2021-11-16,125.4,121.6,132.62,119.7,106
2021-11-17,129.58,133.0,133.0,123.5,123
2021-11-18,133.0,129.2,152.0,123.5,1548
2021-11-19,121.6,123.88,125.02,121.6,251
2021-11-22,136.8,123.5,136.8,121.98,700
2021-11-23,123.5,121.6,127.3,119.7,182
2021-11-24,120.08,125.4,140.22,116.28,66
2021-11-26,138.32,119.7,138.32,116.66,1213
2021-11-29,132.24,120.84,132.24,95.38,783
2021-11-30,120.84,114.0,128.06,114.0,133
2021-12-01,114.0,114.0,114.38,102.98,470
2021-12-02,113.62,112.1,114.0,95.0,717
2021-12-03,114.0,114.0,133.0,96.14,148
2021-12-06,106.4,88.54,113.62,87.4,1524
2021-12-07,96.52,102.6,102.6,91.2,348
2021-12-08,98.8,98.8,98.8,88.16,159
2021-12-09,95.0,95.0,98.8,87.4,627
2021-12-10,95.0,95.0,95.0,87.4,204
2021-12-13,94.62,89.3,102.6,89.3,266
2021-12-14,76.0,77.9,91.2,76.0,408
2021-12-15,77.14,74.1,82.08,74.1,3041
2021-12-16,75.62,98.8,98.8,58.9,1222
2021-12-17,66.5,87.02,95.0,66.5,234
2021-12-20,79.8038,79.8,82.46,79.8,72
2021-12-21,95.0,78.28,95.0,76.0,176
2021-12-22,80.18,80.18,80.18,80.18,77
2021-12-23,80.18,75.62,80.18,63.46,2093
2021-12-27,78.28,79.8,79.8,63.46,283
2021-12-28,77.9,85.5,94.62,72.58,213
2021-12-29,72.2,76.0,76.0,64.6,478
2021-12-30,79.8,81.7,81.7,72.2,1034
2021-12-31,72.2,79.8,81.7,72.2,566
2022-01-03,83.6,83.6,83.6,83.6,30
2022-01-04,81.7,81.32,81.7,70.3,1207
2022-01-05,79.8,71.44,79.8,64.6,250
2022-01-06,71.44,64.6,71.44,64.6,277
2022-01-07,75.62,66.5,75.62,66.5,71
2022-01-10,64.6,66.5,66.5,64.6,18
2022-01-11,79.8,79.8,79.8,64.98,55
2022-01-12,76.0,79.42,79.42,64.6,415
2022-01-13,66.5,79.42,79.42,66.5,668
2022-01-14,66.5,75.62,75.62,64.6,194
2022-01-18,66.88,64.6,68.4,64.6,75
2022-01-19,64.6,70.3,70.3,64.6,32
2022-01-20,75.62,64.6,75.62,64.6,139
2022-01-21,64.6,60.8,66.5,60.8,61
2022-01-24,58.9,60.8,60.8,45.6,227
2022-01-25,60.8,64.6,64.6,60.8,36
2022-01-26,66.5,64.98,73.72,64.98,69
2022-01-28,58.52,61.56,61.56,58.14,251
2022-01-31,68.4,68.4,68.4,68.4,74
2022-02-01,76.0,62.7,76.0,62.7,79
2022-02-02,63.46,72.2,72.2,57.38,47
2022-02-03,66.5,66.12,66.5,45.6,81
2022-02-04,57.0,58.9,58.9,57.0,52
2022-02-07,60.8,60.04,60.8,60.04,77
2022-02-08,56.62,55.1,57.0,49.02,138
2022-02-09,56.62,64.22,64.22,56.62,110
2022-02-10,64.22,64.22,64.22,64.22,5
2022-02-11,51.68,62.7,62.7,51.68,101
2022-02-14,60.8,62.7,62.7,60.8,26
2022-02-15,52.82,52.82,56.62,50.54,79
2022-02-16,56.62,56.62,56.62,56.62,2
2022-02-17,49.4,49.4,56.24,28.5,282
2022-02-18,45.6,55.1,55.1,30.4038,295
2022-02-22,28.5,51.3,51.3,28.5,254
2022-02-23,57.0,49.4,57.0,30.4038,557
2022-02-24,30.78,30.4,39.9,30.4,276
2022-02-25,38.0,49.4,49.4,32.3,133
2022-02-28,53.2,53.2,53.2,53.2,143
2022-03-01,55.1,49.02,55.1,48.64,261
2022-03-02,47.5,39.9,47.5,39.9,111
2022-03-03,47.5,47.5,47.5,39.9,13156
2022-03-04,62.7,51.3,62.7,51.3,607
2022-03-07,38.0,47.5,47.5,38.0,161
2022-03-08,49.4,47.12,49.4,32.3,175
2022-03-09,45.6,41.8,45.6,41.8,104
2022-03-10,38.0,38.76,38.76,38.0,600
2022-03-11,41.04,28.5,41.04,28.5,74
2022-03-14,38.0,38.0,38.0,38.0,60
2022-03-15,37.62,37.62,37.62,37.62,5293
2022-03-16,36.48,37.24,37.62,36.48,170
2022-03-17,36.86,37.24,37.24,36.86,62
2022-03-18,37.62,36.1,38.0,36.1,75
2022-03-21,28.5,36.1,36.1,28.5,128
2022-03-23,39.9,36.1,39.9,36.1,16363
2022-03-24,36.1,39.9,39.9,36.1,930
2022-03-28,40.28,38.0,40.28,38.0,16
2022-03-30,41.8038,36.1,43.7,36.1,524
2022-03-31,35.72,36.1,36.1,35.72,58
2022-04-04,19.0,37.24,38.0038,19.0,95
2022-04-06,34.2,36.1,37.24,34.2,174
2022-04-08,19.6004,19.6004,19.6004,19.6004,161
2022-04-12,20.9076,20.9076,21.2876,20.9076,81
2022-04-13,22.8,22.8,22.8,22.8,26
2022-04-14,22.8,22.8,22.8,22.8,25
2022-04-18,22.8,22.8,22.8,22.8,8
2022-04-21,22.8,22.8,23.18,22.8,946
2022-04-22,22.8,22.42,22.8,22.42,123
2022-04-25,22.42,22.42,22.42,22.42,23
2022-04-26,19.0,19.0,19.0,19.0,26
2022-04-27,20.9,20.9,20.9,20.9,49
2022-04-29,22.1388,24.947,24.947,22.1388,105
2022-05-05,20.9,20.9,20.9,20.9,63
2022-05-09,20.9,37.905,37.905,20.9,1322
2022-05-10,28.5,20.9,28.5,20.9,831
2022-05-11,20.9,20.9,20.9,20.9,565
2022-05-12,19.0,20.9,20.9,19.0,590
2022-05-13,3.8038,9.5038,37.905,3.8038,3132
2022-05-18,22.8,3.8076,22.8,3.8076,72
2022-05-23,7.98,7.98,7.98,7.98,635
2022-05-25,13.3,13.3,13.3,13.3,26
2022-05-27,37.905,5.7,37.905,5.7,7
2022-05-31,6.08,6.08,6.08,6.08,14
2022-06-06,36.1,6.08,36.1,6.08,57
2022-06-07,8.93,34.2,34.2,8.93,530
2022-06-09,34.1962,32.642,34.1962,32.642,1445
2022-06-10,32.68,32.68,32.68,32.68,2
2022-06-13,32.68,32.68,32.68,32.68,74
2022-06-14,20.9,19.0,20.9,19.0,76
2022-06-16,9.12,9.12,11.4,9.12,488
2022-06-17,9.12,9.12,9.12,9.12,31
2022-06-21,9.12,9.12,9.12,9.12,96
2022-06-22,9.12,9.12,9.12,9.12,42
2022-06-23,9.12,9.12,9.12,9.12,6
2022-06-24,6.27,9.5,32.3,6.27,9
2022-06-27,6.08,9.5,9.5,6.08,75
2022-07-01,6.27,6.27,6.27,6.27,87
2022-07-05,11.4,11.4,11.4,11.4,2
2022-07-06,9.5,34.2,34.2,9.5,526
2022-07-07,32.3,32.3,32.3,6.46,359
2022-07-12,7.6,20.9,20.9,6.46,5583
2022-07-13,9.5,9.5,9.5,6.46,875
2022-07-15,5.0882,11.02,11.02,5.0882,13
2022-07-18,11.02,11.02,11.02,11.02,87
2022-07-19,11.02,11.02,11.02,7.6076,252
2022-07-20,7.619,6.84,7.619,6.84,639
2022-07-22,11.0124,11.0124,11.0124,11.0124,17
2022-07-25,11.0124,11.0124,11.0124,11.0124,52
2022-07-26,6.27,10.6324,10.6324,6.27,15
2022-07-29,30.02,13.3,30.02,7.6,671
2022-08-02,15.2,15.2,15.2,15.2,2
2022-08-03,28.5,28.5,28.5,28.5,27
2022-08-05,26.6,26.6,26.6,26.6,13
2022-08-09,26.5962,26.5962,26.5962,26.5962,2
2022-08-10,22.8,26.5962,26.5962,20.9,84
2022-08-11,23.56,26.5962,26.5962,23.56,87
2022-08-12,20.9,22.8,22.8,20.9,131
2022-08-15,13.3,22.8,22.8,13.3,7
2022-08-17,13.3,22.8,22.8,13.3,18
2022-08-18,22.8,22.8,22.8,22.8,26
2022-08-19,13.3,22.8,22.8,13.3,17
2022-08-25,22.8,22.8,22.8,22.8,7
2022-08-30,19.0,19.0,19.0,19.0,642
2022-09-01,13.3,18.24,18.24,13.3,57
2022-09-02,18.24,18.24,18.24,18.24,3
2022-09-06,13.3,18.24,18.24,13.3,8066
2022-09-12,30.4,18.24,34.2,13.4444,42
2022-09-16,13.68,33.06,33.06,13.68,52
2022-09-19,33.06,33.06,33.06,33.06,2
2022-09-21,24.7,13.3,30.4,6.0952,12723
2022-09-22,13.2886,14.82,14.82,13.2886,276
2022-09-23,14.7782,14.7782,14.7782,14.7782,18
2022-09-29,5.3618,14.44,14.44,5.3618,262
2022-10-03,6.8476,13.6382,13.6382,5.32,271
2022-10-04,13.6382,13.6382,13.6382,13.6382,7
2022-10-06,5.3618,18.582,18.582,5.3618,107
2022-10-07,5.89,18.202,18.202,5.89,16
2022-10-10,18.202,5.89,18.202,5.89,39
2022-10-12,6.2738,6.46,6.46,6.2738,342
2022-10-13,6.8438,6.8438,6.8438,6.8438,2
2022-10-14,5.7798,15.1962,15.1962,5.7798,26
2022-10-18,5.32,12.92,12.92,5.32,8
2022-10-21,12.92,11.4,12.92,5.776,252
2022-10-26,5.7038,12.92,12.92,5.7038,89
2022-10-28,6.08,12.92,12.92,6.08,39
2022-11-01,7.6,12.92,12.92,7.6,42
2022-11-02,11.3544,12.92,12.92,11.3544,89
2022-11-03,9.5,12.92,12.92,9.5,17
2022-11-04,9.5,22.8,22.8,9.5,18
2022-11-07,9.5,15.2,15.2,9.5,20
2022-11-08,11.4,21.66,21.66,9.5,18
2022-11-09,12.92,12.92,12.92,12.92,65
2022-11-10,9.5,9.5,9.5,9.5,5
2022-11-11,11.78,11.78,11.78,11.78,43
2022-11-16,7.8014,7.8014,7.8014,7.8014,6
2022-11-17,9.5,7.9838,9.5,7.9838,183
2022-11-18,9.5,15.2,15.2,9.5,214
2022-11-21,20.14,20.14,20.14,20.14,6
2022-11-23,15.2,15.2,15.2,15.2,59
2022-11-28,19.0,15.2,19.0,13.3,313
2022-11-29,11.4,11.4,15.58,7.9952,1521
2022-11-30,11.4,11.78,11.78,11.4,18
2022-12-01,11.4,11.4,11.4,11.4,16
2022-12-05,11.78,11.78,11.78,11.78,5
2022-12-07,17.1,17.1,17.1,17.1,10
2022-12-08,17.1,16.72,17.1,16.72,195
2022-12-09,11.78,15.2,15.2,11.78,410
2022-12-12,11.78,15.2,15.2,11.78,207
2022-12-13,7.9952,19.0,19.0,7.9952,20705
2022-12-14,7.9952,9.12,12.5362,7.9952,173
2022-12-15,8.36,8.36,9.5,8.36,177
2022-12-16,8.36,8.36,9.5,8.36,339
2022-12-19,8.36,8.36,8.36,8.36,92
2022-12-20,11.4,11.4,11.4,11.4,165
2022-12-21,14.82,14.82,14.82,14.82,26
2022-12-22,14.82,14.06,14.82,14.06,290
2022-12-23,14.06,14.06,14.06,14.06,33
2022-12-27,9.12,9.12,9.12,9.12,26
2022-12-28,9.12,9.12,9.5,9.12,500
2022-12-29,9.5,9.12,9.5,9.12,945
2022-12-30,9.12,9.88,9.88,9.12,106
2023-01-06,11.4,11.4,11.4,11.4,328
2023-01-09,14.06,9.12,14.06,9.12,60
2023-01-10,10.26,10.26,10.26,10.26,9
2023-01-11,14.06,14.06,14.06,13.3,366
2023-01-12,14.06,14.06,14.06,14.06,427
2023-01-13,14.06,14.06,14.06,14.06,65
2023-01-17,14.06,14.82,16.91,14.06,1616
2023-01-18,14.82,15.2,15.2,14.82,1193
2023-01-23,20.9,19.0,20.9,19.0,619
2023-01-25,19.38,20.14,20.14,19.38,119
2023-01-27,22.8,22.8,22.8,22.8,17
2023-01-30,22.8,32.3,32.3,22.8,675
2023-01-31,34.2,19.0,34.2,19.0,984
2023-02-01,17.86,31.54,33.82,17.86,1113
2023-02-02,14.5806,31.16,31.16,14.5806,123
2023-02-03,17.1038,26.6,26.6,17.1038,140
2023-02-06,17.86,17.86,17.86,17.1,1076
2023-02-07,17.1,17.1,17.1,17.1,320
2023-02-08,17.48,19.38,19.38,17.48,1317
2023-02-10,16.34,16.34,16.34,13.68,1701
2023-02-15,15.58,15.58,15.58,15.58,65
2023-02-21,17.5959,17.5959,17.5959,17.5959,30
2023-02-22,12.4526,12.4526,12.4526,12.4526,40
2023-02-24,15.2,15.58,15.58,15.2,170
2023-02-27,12.54,12.54,12.54,12.54,79
2023-03-03,12.92,21.66,22.42,12.92,264
2023-03-06,13.68,14.44,14.44,13.68,59
2023-03-10,14.44,19.6118,19.6118,14.44,6
2023-03-13,13.3,13.3,13.3,13.3,5
2023-03-14,12.92,12.92,12.92,12.92,150
2023-03-21,15.2,15.2,15.2,15.2,160
2023-03-23,12.92,19.38,19.38,11.78,173
2023-03-24,15.2,19.38,19.38,15.2,28
2023-03-27,19.38,19.38,19.38,19.38,233
2023-03-28,19.38,19.38,19.38,19.38,434
2023-03-29,19.38,19.38,19.38,19.38,3
2023-04-03,18.981,19.76,19.76,18.981,1599
2023-04-04,17.1,20.8962,20.8962,17.1,17
2023-04-05,19.4674,20.8962,20.8962,19.4674,144
2023-04-10,11.02,20.8962,20.8962,11.02,14
2023-04-14,12.16,19.76,19.76,11.78,78
2023-04-17,19.76,19.76,19.76,19.76,26
2023-04-19,17.48,20.8962,20.8962,17.48,36
2023-04-24,11.8066,12.16,12.16,11.8066,78
2023-04-25,12.16,12.16,12.16,12.16,2
2023-04-27,12.16,19.57,19.57,12.16,142
2023-05-03,12.92,19.57,19.57,12.92,26
2023-05-09,12.92,12.92,12.92,12.92,83
2023-05-10,12.92,12.92,12.92,12.92,657
2023-05-15,13.3,13.3,13.3,13.3,30
2023-05-26,0.1019,0.1019,0.1019,0.1019,138
2023-05-30,0.5,0.5,0.5,0.5,209
2023-06-22,6.01,6.01,6.01,6.01,102
2023-06-23,6.01,6.01,6.01,6.01,100
2023-06-29,6.01,6.01,6.01,6.01,725
2023-06-30,13.59,14.0,14.0,13.59,1001
2023-07-05,14.0,14.0,14.0,14.0,150
2023-07-06,13.4,13.4,13.4,13.4,116
2023-07-07,13.11,13.11,13.11,13.11,518
2023-07-11,7.03,7.34,7.34,7.03,553
2023-07-25,12.69,12.69,12.69,12.69,227
2023-08-03,13.03,13.03,13.03,13.03,105
2023-08-08,7.39,7.39,7.39,7.39,119
2023-08-11,7.52,7.52,12.0,7.52,231
2023-08-15,10.75,10.75,10.75,10.75,102
2023-08-21,13.75,13.75,13.75,13.75,120
2023-09-15,14.5,14.5,14.5,11.5,270
2023-09-21,13.0,13.0,13.0,13.0,274
2023-09-25,13.0,13.0,13.0,13.0,273
2023-10-05,10.5,10.5,10.5,10.5,141
2023-10-10,9.0,9.0,9.0,9.0,200
2023-10-18,7.41,7.41,7.41,7.41,100
2023-10-24,7.41,7.41,7.41,7.41,300
2023-11-01,8.79,8.79,8.79,8.79,190
2023-11-07,9.1,9.1,9.1,9.1,304
2023-11-08,9.1,9.1,9.1,9.1,342
2023-11-20,7.36,7.36,7.36,7.36,116
2023-12-04,10.25,10.25,10.25,10.25,987
2023-12-05,12.5,12.5,12.5,12.5,326
2023-12-14,12.0,12.0,12.0,12.0,191
2024-01-03,14.5,14.75,14.75,14.5,648
2024-01-09,14.75,14.75,14.75,14.75,1725
2024-01-12,14.0,14.0,14.0,14.0,285
2024-01-17,14.1,14.1,14.1,14.1,100
2024-02-22,45.49,38.26,49.0,38.22,51748
2024-02-23,38.51,42.68,44.49,38.51,23516
2024-02-26,43.18,48.25,49.855,43.18,45232
2024-02-27,55.01,57.9,59.5925,51.0,107763
2024-02-28,60.0,52.51,60.0,49.68,33752
2024-02-29,51.0,46.86,51.0,43.07,59524
2024-03-01,45.01,45.13,47.49,43.8,30753
2024-03-04,44.67,51.84,53.0,44.67,93604
2024-03-05,51.0,52.62,55.432,50.1,59844
2024-03-06,54.48,55.57,55.7762,53.66,22955
2024-03-07,55.57,65.52,67.9477,51.8001,81127
2024-03-08,67.45,60.73,69.98,59.225,47921
2024-03-11,60.0,53.75,62.01,53.24,34973
2024-03-12,52.5,58.89,60.745,50.2,28837
2024-03-13,57.08,58.35,59.7933,56.0,42408
2024-03-14,56.57,59.99,59.99,56.57,43545
2024-03-15,59.0,58.16,60.665,53.135,85190
2024-03-18,56.58,59.19,59.676,55.01,50893
2024-03-19,58.5,63.79,63.79,57.99,73658
2024-03-20,61.55,64.49,64.75,61.2021,21652
2024-03-21,62.81,65.64,65.64,62.81,21018
2024-03-22,67.19,75.01,77.365,66.295,148137
2024-03-25,73.75,79.25,80.8449,72.75,65524
2024-03-26,78.0,87.0,89.54,78.0,82919
2024-03-27,90.0,92.5,100.0,84.0883,114002
2024-03-28,92.0,84.49,92.0,77.0,258284
2024-04-01,82.75,68.26,82.75,60.51,121469
2024-04-02,67.64,65.46,67.64,61.0,44856
2024-04-03,65.2,74.78,77.1636,63.03,52497
2024-04-04,77.48,65.1,78.76,63.79,52277
2024-04-05,65.38,67.96,73.0,63.0,26671
2024-04-08,68.47,72.24,72.99,64.87,30825
2024-04-09,74.01,72.48,78.35,72.0,38713
2024-04-10,72.99,68.7,72.99,66.2933,46172
2024-04-11,67.1,67.61,71.06,66.7009,26519
2024-04-12,65.77,65.15,70.65,65.0,27024
2024-04-15,67.1,65.21,68.19,63.0,23632
2024-04-16,63.0,60.19,65.3,57.195,53385
2024-04-17,57.61,64.36,66.09,57.2,59968
2024-04-18,60.78,58.75,67.25,57.365,114731
2024-04-19,55.99,55.88,59.48,51.1,88369
2024-04-22,55.32,49.3,55.32,47.73,90139
2024-04-23,49.29,55.85,57.605,47.325,121683
2024-04-24,54.3,54.6,58.8,53.71,96940
2024-04-25,53.94,52.56,56.0,51.0,68123
2024-04-26,53.03,58.99,62.0,52.85,95573
2024-04-29,59.99,54.66,61.45,52.01,106823
2024-04-30,54.01,50.63,54.48,49.66,99056
2024-05-01,49.84,49.65,51.475,43.91,106948
2024-05-02,50.12,51.71,51.8421,47.96,95836
2024-05-03,52.99,50.48,54.94,49.535,79267
2024-05-06,49.78,50.63,52.9,48.71,88467
2024-05-07,51.41,43.85,51.41,43.04,154277
2024-05-08,43.01,44.74,46.0299,40.39,143352
2024-05-09,65.0,78.59,83.99,62.77,779634
2024-05-10,77.0,83.74,84.5875,74.5,184708
2024-05-13,81.23,78.1,84.54,77.4,110784
2024-05-14,82.38,70.6,82.38,67.27,147551
2024-05-15,70.6,71.84,73.95,66.5,48467
2024-05-16,72.5,68.73,75.3621,68.06,67304
2024-05-17,68.04,66.91,71.02,64.14,73357
2024-05-20,66.91,74.18,74.99,66.8,38357
2024-05-21,74.5,76.67,77.02,73.41,22618
2024-05-22,75.18,68.04,75.18,66.5,44830
2024-05-23,70.0,68.235,70.0,65.0,24655
2024-05-24,67.01,69.22,70.0,64.555,72357
2024-05-28,70.0,69.16,72.67,67.215,71568
2024-05-29,68.25,78.8,78.8,67.925,91239
2024-05-30,77.01,81.17,83.56,77.01,77430
2024-05-31,79.83,80.18,82.0,76.0,73582
2024-06-03,80.0,77.68,81.3215,73.59,32712
2024-06-04,78.66,80.07,83.7844,76.785,49777
2024-06-05,78.81,89.86,90.82,78.81,77072
2024-06-06,89.1,93.5,95.0,87.7253,121001
2024-06-07,88.35,85.65,90.1299,82.2216,101765
2024-06-10,83.78,79.02,85.0,79.0,58986
2024-06-11,78.22,72.05,79.61,70.2901,128671
2024-06-12,73.45,70.85,76.63,69.01,61145
2024-06-13,70.83,76.0,76.0,70.0,102067
2024-06-14,77.95,81.26,83.99,77.49,67951
2024-06-17,79.98,80.5,83.855,78.41,78534
2024-06-18,80.5,82.85,85.29,79.755,83385
2024-06-20,84.0,85.36,88.17,81.5739,116903
2024-06-21,84.5,81.06,84.5,75.05,152900
2024-06-24,77.01,79.42,80.57,72.01,103887
2024-06-25,77.11,81.52,83.17,76.24,123316
2024-06-26,85.6,82.0,88.0,80.3,122649
2024-06-27,81.5,87.93,89.5299,81.33,123766
2024-06-28,85.74,88.22,89.365,84.35,435381
2024-07-01,86.76,88.95,91.063,83.0,115005
2024-07-02,87.0,88.89,88.95,80.69,155231
2024-07-03,88.0,90.2,91.04,87.38,100066
2024-07-05,91.5,89.93,92.3693,87.0,120891
2024-07-08,90.28,89.21,91.05,85.01,108908
2024-07-09,89.31,95.24,98.32,89.1,172032
2024-07-10,96.65,81.98,97.0,81.0,156177
2024-07-11,77.76,82.18,84.2,74.55,126546
2024-07-12,83.09,87.58,88.305,80.86,82821
2024-07-15,87.58,85.65,89.0,82.68,91695
2024-07-16,88.0,91.35,91.5,85.23,63409
2024-07-17,90.81,90.0,92.15,86.75,59637
2024-07-18,89.82,84.33,91.0,84.0538,44144
2024-07-19,87.59,83.49,87.59,82.89,31597
2024-07-22,83.0,85.46,86.43,82.23,18008
2024-07-23,85.4,87.59,87.9,85.28,33256
2024-07-24,87.19,83.85,87.19,83.0,42249
2024-07-25,83.31,82.65,84.87,79.3,34897
2024-07-26,84.75,85.23,86.44,82.86,17621
2024-07-29,84.77,81.77,89.5,81.71,38155
2024-07-30,82.57,79.99,84.26,78.2509,35298
2024-07-31,81.59,87.46,87.69,81.41,33450
2024-08-01,85.935,77.02,87.74,77.01,49158
2024-08-02,76.95,77.1,77.5,70.0001,57059
2024-08-05,70.96,73.75,76.5799,70.95,38016
2024-08-06,75.0,78.3,79.94,70.96,49783
2024-08-07,76.9,78.82,82.78,76.9,73145
2024-08-08,93.0,106.5,107.49,85.0001,321624
2024-08-09,104.0,116.41,117.0,97.66,191507
2024-08-12,108.81,118.36,126.04,107.9,333100
2024-08-13,118.5,126.47,127.0,116.55,140582
2024-08-14,125.0,121.14,128.0,119.0,100674
2024-08-15,121.09,123.99,124.88,118.0,78153
2024-08-16,124.38,123.82,127.205,120.01,113031
2024-08-19,123.54,129.99,132.19,122.6,123100
2024-08-20,130.98,127.61,134.8,126.0601,74769
2024-08-21,127.98,130.49,136.5,127.98,110338
2024-08-22,131.6,127.1,134.25,126.3,69768
2024-08-23,127.31,127.93,132.8699,126.09,84192
2024-08-26,128.26,120.98,128.4,119.35,100037
2024-08-27,120.97,132.0,133.49,120.115,78334
2024-08-28,130.0,129.97,131.96,124.19,124889
2024-08-29,131.41,133.45,140.36,128.67,121010
2024-08-30,135.44,136.23,136.23,131.389,78205
2024-09-03,134.02,130.87,136.474,124.45,168454
2024-09-04,130.0,134.35,139.12,128.0,134401
2024-09-05,134.84,138.23,138.86,132.85,71170
2024-09-06,138.0,126.67,138.0,126.24,91749
2024-09-09,128.15,132.75,137.3899,127.57,97935
2024-09-10,136.21,133.31,136.21,128.96,70968
2024-09-11,133.33,140.03,142.4799,129.5001,111759
2024-09-12,141.8,149.26,151.65,140.8166,115560
2024-09-13,150.0,150.31,154.77,146.23,71906
2024-09-16,152.0,152.23,153.24,145.01,52233
2024-09-17,154.0,148.78,154.0,145.0,59901
2024-09-18,149.61,147.56,149.7699,140.4745,69328
2024-09-19,153.38,160.15,166.18,150.0,107182
2024-09-20,160.15,163.4,165.32,157.3001,112721
2024-09-23,166.82,164.01,167.94,161.5001,70803
2024-09-24,167.89,176.97,179.99,165.05,113585
2024-09-25,177.5,173.93,185.1777,170.465,119843
2024-09-26,177.64,176.79,181.0905,175.35,42496
2024-09-27,172.51,172.93,176.5,170.085,59540
2024-09-30,172.22,170.59,175.316,167.9302,97606
2024-10-01,170.87,163.71,170.87,161.3,69050
2024-10-02,164.0,162.37,167.8,158.07,79173
2024-10-03,162.33,148.6,163.675,147.51,88071
2024-10-04,150.07,155.35,157.31,142.91,97403
2024-10-07,157.99,164.0,166.57,157.99,76729
2024-10-08,164.0,162.55,166.76,161.345,49749
2024-10-09,163.0,156.24,163.0,155.04,86048
2024-10-10,154.59,159.34,159.58,153.94,60561
2024-10-11,161.0,179.75,182.9999,160.775,85459
2024-10-14,179.75,187.83,192.6299,176.75,90073
2024-10-15,191.39,200.71,202.15,183.05,109240
2024-10-16,199.9,203.18,203.81,194.7197,66857
2024-10-17,205.14,218.79,220.0,204.26,122419
2024-10-18,219.11,225.42,232.02,212.0,133283
2024-10-21,226.0,193.48,227.5,185.8365,195090
2024-10-22,193.55,192.17,197.905,182.15,117878
2024-10-23,190.0,190.17,196.53,186.13,33924
2024-10-24,192.4,208.69,208.69,192.4,74019
2024-10-25,211.0,212.96,224.7527,209.0,78840
2024-10-28,219.18,220.92,227.99,216.4582,56508
2024-10-29,220.0,216.42,220.0,205.51,68841
2024-10-30,218.67,229.64,235.96,216.695,100382
2024-10-31,230.0,214.66,231.535,207.5,99101
2024-11-01,218.71,213.0,223.9999,208.0,52711
2024-11-04,214.5,199.82,226.95,198.44,104144
2024-11-05,200.28,204.72,213.9999,192.0,55402
2024-11-06,214.51,242.03,243.0526,206.7801,133337
2024-11-07,249.62,250.47,269.16,246.9172,142599
2024-11-08,350.0,431.48,454.16,307.7,632223
2024-11-11,414.32,427.21,444.066,392.76,215341
2024-11-12,422.39,367.95,426.66,345.21,228257
2024-11-13,364.27,382.09,405.0,364.27,117275
2024-11-14,394.4,372.2,414.93,368.0001,108360
2024-11-15,361.17,385.0,385.0,360.88,70328
2024-11-18,390.02,399.74,400.0,377.81,85827
2024-11-19,399.3,425.88,426.66,390.0,109577
2024-11-20,425.0,390.12,430.05,383.66,105881
2024-11-21,402.28,446.05,461.15,402.27,165922
2024-11-22,442.41,463.98,477.525,437.25,113573
2024-11-25,471.02,464.0,475.0,447.04,153317
2024-11-26,450.29,428.455,468.65,411.3701,129262
2024-11-27,446.7,414.95,446.7,398.36,85598
2024-11-29,412.0,424.03,430.52,412.0,53088
2024-12-02,428.95,383.02,450.0,368.0638,191583
2024-12-03,384.84,384.04,397.69,377.02,87416
2024-12-04,380.72,368.55,390.7985,355.2101,150635
2024-12-05,359.54,373.12,388.01,359.54,73423
2024-12-06,374.5,362.23,381.19,359.37,82163
2024-12-09,374.25,331.84,374.25,331.84,102330
2024-12-10,330.0,325.25,350.0,325.0,66652
2024-12-11,329.0,320.06,333.0,309.34,110984
2024-12-12,319.71,315.87,327.995,312.0,84262
2024-12-13,314.99,309.01,328.37,308.02,58978
2024-12-16,310.24,327.15,335.7375,300.0019,120266
2024-12-17,332.94,315.18,335.5,311.99,66857
2024-12-18,324.3,242.17,324.9899,225.0,539299
2024-12-19,243.37,243.32,266.61,242.2609,245605
2024-12-20,235.68,271.16,272.4,226.835,177993
2024-12-23,279.68,265.97,284.7181,257.8817,125622
2024-12-24,268.99,255.74,268.99,252.1,45217
2024-12-26,253.0,272.31,279.1612,253.0,103981
2024-12-27,267.31,265.06,269.52,255.0,95896
2024-12-30,256.58,255.0,263.0,242.1423,99868
2024-12-31,259.01,255.8,268.57,248.13,186219
2025-01-02,260.51,272.79,272.8,242.0,186780
2025-01-03,273.72,278.69,280.5,262.9986,136556
2025-01-06,281.45,276.05,283.4,265.19,108831
2025-01-07,281.5,254.19,281.5,250.1061,148227
2025-01-08,249.48,248.12,253.75,237.57,87350
2025-01-10,242.0,228.63,242.0,222.84,127857
2025-01-13,217.08,221.94,225.92,210.23,115603
2025-01-14,228.57,233.42,245.615,224.71,101120
2025-01-15,241.87,259.57,269.6999,241.87,148313
2025-01-16,323.28,262.51,324.77,262.4446,276283
2025-01-17,261.24,225.0,267.2562,221.36,252963
2025-01-21,233.64,229.76,240.01,210.92,207604
2025-01-22,231.25,229.51,237.135,217.1619,114702
2025-01-23,229.28,238.73,238.97,225.4305,97050
2025-01-24,236.36,235.06,245.0,233.0001,82973
2025-01-27,222.39,225.28,229.8299,218.0,120154
2025-01-28,225.22,235.79,238.265,218.0,100796
2025-01-29,233.81,242.06,244.33,231.49,47244
2025-01-30,240.46,233.67,249.88,227.49,97282
2025-01-31,234.69,234.01,246.58,229.93,88760
2025-02-03,218.86,230.58,234.56,215.0,76955
2025-02-04,231.25,240.97,243.91,227.26,89891
2025-02-05,244.63,242.01,245.99,237.16,70345
2025-02-06,246.0,245.19,254.225,237.16,77402
2025-02-07,250.0,254.32,273.58,249.8325,121261
2025-02-10,268.0,277.54,311.03,265.35,215635
2025-02-11,287.998,264.65,287.998,255.12,157139
2025-02-12,256.39,305.32,311.59,256.39,217495
2025-02-13,306.02,335.0,336.16,305.29,233663
2025-02-14,338.25,340.16,358.5499,325.0001,187278
2025-02-18,351.48,347.98,352.0,329.0,153539
2025-02-19,346.52,330.74,349.3,329.2,132482
2025-02-20,330.01,308.41,330.01,292.01,196624
2025-02-21,311.95,286.65,321.18,279.335,175471
2025-02-24,294.55,284.22,294.55,266.1,180523
2025-02-25,280.0,291.44,296.34,267.98,368653
2025-02-26,335.0,306.23,342.61,286.0412,431433
2025-02-27,302.34,286.12,319.22,275.0,277464
2025-02-28,274.27,299.11,301.3687,269.0,193490
2025-03-03,303.45,272.52,309.0,267.16,179281
2025-03-04,258.24,261.99,272.9999,245.64,188286
2025-03-05,263.13,261.06,267.0,254.1,143047
2025-03-06,252.87,225.75,255.0,220.655,286287
2025-03-07,226.56,233.65,234.85,205.0001,162599
2025-03-10,221.97,204.12,221.97,198.0,196170
2025-03-11,213.68,220.5,221.77,206.79,184721
2025-03-12,233.17,237.34,242.32,225.87,294105
2025-03-13,233.15,217.24,234.51,211.1401,101497
2025-03-14,219.34,232.51,236.24,219.34,90929
2025-03-17,234.11,235.0,237.1,226.6801,115887
2025-03-18,232.33,217.65,232.33,216.26,115807
2025-03-19,217.77,230.11,238.37,217.77,174410
2025-03-20,235.205,231.96,243.1073,231.0207,99796
2025-03-21,226.26,235.93,236.78,223.28,102126
