2018-07-03,1.4825,1.4825,1.4825,1.4825,200
2018-07-19,1.5319,1.5319,1.5319,1.5319,300
2018-07-23,1.4887,1.4887,1.4887,1.4887,200
2018-07-26,1.4977,1.4977,1.4977,1.4977,100
2018-08-01,1.4353,1.4353,1.4353,1.4353,350
2018-08-07,1.463,1.463,1.463,1.463,100
2018-08-10,1.48,1.48,1.48,1.48,200
2018-08-20,1.5346,1.7292,1.7292,1.5346,1050
2018-08-27,1.781,1.782,1.782,1.781,4500
2018-09-04,1.768,1.756,1.77,1.756,55000
2018-09-24,1.73013,1.73013,1.73013,1.73013,100
2018-11-05,1.56,1.55484,1.56,1.55484,600
2018-12-07,1.5518,1.5518,1.5518,1.5518,6700
2019-01-08,1.4711,1.4711,1.4711,1.4711,200
2019-01-09,1.4788,1.4788,1.4788,1.4788,300
2019-01-10,1.5587,1.5587,1.5587,1.5587,100
2019-02-08,1.488,1.511,1.512,1.488,24700
2019-02-11,1.549,1.549,1.549,1.549,25300
2019-02-14,1.544,1.544,1.544,1.544,7600
2019-03-13,1.3,1.3,1.3,1.3,43100
2019-03-20,1.263,1.263,1.263,1.263,7500
2019-04-05,1.2781,1.2781,1.2781,1.2781,100
2019-04-17,1.19,1.19,1.19,1.19,100
2019-07-18,1.3,1.3,1.3,1.3,25000
2019-07-30,1.67,1.67,1.67,1.67,1000
2019-09-12,1.4342,1.4342,1.4342,1.4342,100
2019-09-13,1.44235,1.4325,1.64,1.4301,18195
2019-09-16,1.4358,1.43855,1.43855,1.4358,346
2019-09-17,1.44,1.4325,1.44,1.431,1520
2019-09-18,1.44,1.4295,1.5,1.4295,2709
2019-09-20,1.64,1.64,1.64,1.44052,850
2019-09-23,1.59,1.59,1.59,1.59,415
2019-09-24,1.4393,1.3905,1.4393,1.3905,450
2019-09-25,1.4395,1.4395,1.4395,1.4395,100
2019-09-27,NaN,1.4395,NaN,NaN,25
2019-10-07,1.43209,1.43959,1.4396,1.43209,10000
2019-10-08,1.399,1.399,1.399,1.399,500
2019-10-09,1.39535,1.39535,1.39535,1.39535,950
2019-10-11,1.3718,1.4042,1.4042,1.3718,2300
2019-10-15,1.3993,1.3993,1.3993,1.3993,500
2019-10-17,1.4237,1.4237,1.4237,1.4237,200
2019-10-22,1.36492,1.4216,1.4216,1.32673,10200
2019-11-04,NaN,1.4216,NaN,NaN,10
2019-11-06,1.34,1.34,1.34,1.34,900
2019-11-08,1.3921,1.3921,1.3921,1.3921,500
2019-11-12,NaN,1.3921,NaN,NaN,77
2019-11-15,1.354,1.354,1.354,1.354,1000
2019-11-19,1.45,1.4218,1.45,1.4218,300
2019-11-26,NaN,1.4218,NaN,NaN,1200
2019-12-09,1.45,1.44,1.45,1.44,2000
2019-12-13,1.41,1.41,1.41,1.41,100
2019-12-16,NaN,1.41,NaN,NaN,10
2019-12-18,NaN,1.41,NaN,NaN,10
2019-12-23,NaN,1.41,NaN,NaN,16
2019-12-24,1.37974,1.3718,1.37974,1.3718,600
2019-12-27,1.30794,1.3,1.30961,1.3,15100
2020-01-06,1.3934,1.3882,1.3934,1.3882,750
2020-01-09,1.55,1.54,1.55,1.54,240
2020-01-13,NaN,1.54,NaN,NaN,30
2020-01-14,1.3706,1.3706,1.3706,1.3706,100
2020-02-03,1.37,1.37,1.37,1.37,100
2020-02-06,1.24,1.24,1.24,1.24,350
2020-02-14,1.378,1.377,1.378,1.377,52300
2020-02-19,1.37,1.37,1.37,1.37,1500
2020-03-02,1.48303,1.48303,1.48303,1.48303,3550
2020-03-09,1.42,1.42,1.42,1.42,450
2020-03-13,NaN,1.42,NaN,NaN,25
2020-03-17,NaN,1.42,NaN,NaN,0
2020-03-19,1.254,1.254,1.254,1.254,500
2020-03-23,1.2431,1.21,1.2431,1.21,300
2020-04-09,1.21,1.21,1.21,1.21,200
2020-04-29,1.2206,1.0601,1.2209,1.0601,1000
2020-05-19,NaN,1.0601,NaN,NaN,10
2020-05-20,NaN,1.0601,NaN,NaN,10
2020-06-09,1.26298,1.11368,1.26298,1.11368,300
2020-06-17,1.1795,1.173,1.19007,1.1722,1500
2020-06-18,1.18756,1.18756,1.18756,1.18756,950
2020-06-19,1.19,1.15152,1.19,1.15152,2640
2020-06-22,1.1451,1.1451,1.1451,1.1451,2502
2020-06-23,1.19614,1.19614,1.19614,1.19614,2500
2020-06-30,1.35,1.1694,1.35,1.1694,4613
2020-07-02,1.18883,1.2976,1.3,1.18883,1926
2020-07-06,1.3028,1.3,1.3028,1.3,1900
2020-07-09,1.3241,1.3241,1.3241,1.3241,1000
2020-07-10,1.4653,1.4653,1.4653,1.4653,500
2020-07-13,NaN,1.4653,NaN,NaN,45
2020-07-15,1.4425,1.4425,1.4425,1.4425,200
2020-07-17,1.5463,1.5841,3.3399,1.5463,2407
2020-07-20,1.6037,1.6037,1.6037,1.6037,135
2020-07-21,1.8733,1.8733,1.8733,1.8733,600
2020-07-22,1.7943,1.7943,1.7943,1.7943,1000
2020-07-23,1.8134,1.9938,1.9938,1.8134,3000
2020-07-24,2.0,1.8624,2.1,1.8624,1700
2020-07-27,1.86,1.787,1.86,1.787,2990
2020-07-29,1.75,1.88,1.88,1.75,1263
2020-07-30,1.678,1.6216,1.678,1.6215,4425
2020-07-31,1.74,1.72914,1.74,1.72914,5319
2020-08-04,1.814,1.85,1.85,1.814,1200
2020-08-05,NaN,1.85,NaN,NaN,10
2020-08-07,1.95999,1.7109,1.95999,1.7109,4000
2020-08-10,NaN,1.7109,NaN,NaN,10
2020-08-12,1.7703,1.774,1.774,1.7703,500
2020-08-14,1.92499,1.8,1.92499,1.8,200
2020-08-17,1.7424,1.7424,1.7424,1.7424,2000
2020-08-18,1.7722,1.8935,1.8935,1.7722,425
2020-08-19,1.86,1.8937,1.8968,1.68,3096
2020-08-24,1.86045,1.76,1.86045,1.76,10345
2020-08-26,1.7,1.7,1.7,1.68,33457
2020-08-27,NaN,1.7,NaN,NaN,55
2020-08-28,1.7,1.7,1.7171,1.675,27000
2020-08-31,1.7,1.7,1.7,1.7,7209
2020-09-01,1.85,1.7,1.85,1.7,14270
2020-09-02,2.05,1.9,2.05,1.8367,13657
2020-09-03,1.852,1.71,1.852,1.71,6708
2020-09-04,1.7407,1.7,1.7407,1.7,5860
2020-09-08,1.99,1.7124,1.99,1.7124,620
2020-09-09,1.7,1.7,1.7,1.7,20300
2020-09-14,1.71,1.71,1.71,1.71,2310
2020-09-16,1.7137,1.66,1.7137,1.66,740
2020-09-17,1.7,1.7,1.7,1.7,1125
2020-09-18,1.7,1.7,1.7,1.7,100
2020-09-21,NaN,1.7,NaN,NaN,30
2020-09-23,1.61,1.54,1.61,1.5,7346
2020-09-25,1.7393,1.75,1.75,1.7393,200
2020-09-28,1.9,1.8038,1.9,1.8038,4210
2020-09-29,1.829,1.829,1.829,1.829,359
2020-09-30,1.8711,1.8711,1.8711,1.8711,601
2020-10-01,NaN,1.8711,NaN,NaN,30
2020-10-02,2.0,1.9952,2.06,1.9952,12600
2020-10-05,1.998,1.998,1.998,1.998,150
2020-10-06,1.9996,1.965,2.0071,1.965,10449
2020-10-07,2.0414,2.0,2.15,1.9831,2826
2020-10-08,2.0,2.0,2.0,2.0,4719
2020-10-09,2.0535,2.19,2.19,1.92,4727
2020-10-12,2.19,2.23,2.23,2.19,1440
2020-10-13,2.19,1.79,2.23,1.79,1111
2020-10-14,1.85,1.9892,2.25,1.85,1315
2020-10-15,2.0,1.895,2.0,1.895,2107
2020-10-16,1.9399,1.9399,1.9399,1.9399,1015
2020-10-19,1.91,2.1,2.1,1.91,204
2020-10-20,2.0976,2.0976,2.0976,2.0976,166
2020-10-21,2.1,2.056,2.1,2.056,232
2020-10-22,2.0991,2.1,2.1,2.0991,429
2020-10-23,2.1078,2.1078,2.1078,2.1078,345
2020-10-26,2.094,2.1322,2.1322,2.094,27724
2020-10-27,2.1179,2.1,2.1179,2.1,1354
2020-10-28,NaN,2.1,NaN,NaN,10
2020-10-29,2.0224,2.0227,2.023,2.0224,358
2020-10-30,1.9,2.03792,2.03838,1.8153,1511
2020-11-02,NaN,2.03792,NaN,NaN,5
2020-11-03,NaN,2.03792,NaN,NaN,4
2020-11-04,NaN,2.03792,NaN,NaN,4
2020-11-05,NaN,2.03792,NaN,NaN,5
2020-11-06,1.9952,1.9089,1.9952,1.9089,404
2020-11-09,1.975,1.975,1.975,1.975,5005
2020-11-10,NaN,1.975,NaN,NaN,5
2020-11-11,2.0,1.9999,2.0,1.9999,200
2020-11-12,NaN,1.9999,NaN,NaN,5
2020-11-13,1.94774,2.02734,2.02842,1.945,8154
2020-11-16,1.9585,2.054,2.054,1.9585,5304
2020-11-17,2.05,2.0426,2.05,2.0426,652
2020-11-18,NaN,2.0426,NaN,NaN,3
2020-11-19,NaN,2.0426,NaN,NaN,4
2020-11-20,1.92,1.92,1.92,1.92,428
2020-11-23,NaN,1.92,NaN,NaN,104
2020-11-24,NaN,1.92,NaN,NaN,2
2020-11-25,1.9443,1.8931,1.9443,1.68,10902
2020-11-27,2.045,2.045,2.045,2.045,103
2020-11-30,2.0,2.0,2.01995,1.97633,2310
2020-12-01,1.99,2.01,2.01,1.96,1716
2020-12-02,2.0197,2.0197,2.0197,2.0197,103
2020-12-03,1.97317,1.95,1.97317,1.95,13170
2020-12-04,1.94,1.94,1.9619,1.835,28267
2020-12-07,2.0962,2.0962,2.0962,2.0962,955
2020-12-08,2.07804,2.1774,2.1774,2.07804,26913
2020-12-09,2.1822,2.19,2.19,2.1822,1002
2020-12-10,2.18,2.05,2.18,2.0401,49033
2020-12-11,2.1112,2.0377,2.1112,2.0377,8953
2020-12-14,2.05,1.927,2.08,1.927,4402
2020-12-15,1.9055,1.9316,1.9316,1.9055,1301
2020-12-16,NaN,1.9316,NaN,NaN,1
2020-12-17,1.9435,1.8972,1.9435,1.8972,2307
2020-12-18,2.0339,2.1433,2.15,2.0339,1056
2020-12-21,2.36,2.09671,2.36,2.09671,1222
2020-12-22,2.05,2.0902,2.0902,2.05,3252
2020-12-23,2.15,2.2546,2.2546,2.15,3159
2020-12-24,2.1835,2.1835,2.1835,2.1835,202
2020-12-28,NaN,2.1835,NaN,NaN,1
2020-12-29,2.1191,2.05,2.1191,2.05,1177
2020-12-30,2.1457,2.1457,2.1457,2.1457,133
2020-12-31,2.3503,2.35,2.3607,2.35,90012
2021-01-04,2.5,2.73943,2.77,2.4565,2073
2021-01-05,3.0055,2.9,3.0062,2.88,11368
2021-01-06,2.84366,2.74,2.84366,2.74,997
2021-01-07,2.8314,2.78342,2.98,2.7758,3451
2021-01-08,3.0,2.7722,3.03,2.7722,14466
2021-01-11,2.8142,3.14,3.2004,2.8142,1471
2021-01-12,3.25,3.14,3.3,3.14,9606
2021-01-13,3.1429,2.9091,3.15185,2.85,12358
2021-01-14,2.81,3.0542,3.15,2.81,1209
2021-01-15,3.1829,3.11453,3.3008,3.11453,2539
2021-01-19,3.17,3.06696,3.17,3.06696,2141
2021-01-20,3.1,3.3621,3.4,3.0615,49434
2021-01-21,3.32739,3.26,3.33531,3.26,3376
2021-01-22,3.16011,3.194,3.21,3.12,13691
2021-01-25,3.2,3.33996,3.42,3.2,7600
2021-01-26,3.38,3.33,3.38,3.12,27748
2021-01-27,3.42,3.1633,3.42,3.0975,40505
2021-01-28,3.1248,3.19898,3.19898,3.0163,9873
2021-01-29,3.2588,3.350975,3.350975,3.2588,1653
2021-02-01,3.35,3.1959,3.35,3.19,4647
2021-02-02,3.2656,3.3619,3.3619,3.2656,7623
2021-02-03,3.4,3.41,3.41,3.3885,6020
2021-02-04,3.4,3.6174,3.6174,3.4,22305
2021-02-05,3.6861,3.76,4.2,3.6067,14823
2021-02-08,3.87,4.09,4.09,3.87,12671
2021-02-09,4.12673,4.2,4.2,4.0553,22813
2021-02-10,4.2169,4.2,4.22,4.18,6212
2021-02-11,4.23,4.05,4.23,4.0384,10407
2021-02-12,4.011,3.94,4.08,3.84,13688
2021-02-16,3.9971,3.7886,4.09,3.7886,4296
2021-02-17,3.8557,3.81,3.8557,3.81,1751
2021-02-18,3.71679,3.76,3.79,3.692,1893
2021-02-19,3.75,3.7284,3.79,3.7284,3039
2021-02-22,3.93,4.2,4.2,3.93,3309
2021-02-23,4.0707,3.59,4.0707,3.59,14526
2021-02-24,3.85,3.948,3.948,3.8395,1101
2021-02-25,4.00999,4.2,4.2,3.93,11686
2021-02-26,3.98799,4.02,4.02,3.98799,239
2021-03-01,4.0,3.9806,4.0258,3.9806,13311
2021-03-02,4.039,4.0141,4.0469,3.9833,2382
2021-03-03,4.07,3.9808,4.07,3.9808,11006
2021-03-04,3.988,3.85,3.988,3.82,1815
2021-03-05,3.84358,3.81,3.8562,3.7052,4102
2021-03-08,3.8698,3.8887,3.9955,3.8528,10382
2021-03-09,3.9153,3.8755,3.9559,3.8485,10731
2021-03-10,3.92,3.71,3.92,3.6703,7075
2021-03-11,3.8939,3.9017,4.0669,3.8939,43722
2021-03-12,3.9685,4.12,4.12,3.9685,12416
2021-03-15,4.15,4.048,4.15,4.0075,716
2021-03-16,4.0286,4.0286,4.0286,4.0286,152
2021-03-17,4.0484,4.15,4.15,4.0484,12100
2021-03-18,4.114,4.114,4.114,4.114,155
2021-03-19,4.14,4.14,4.15,4.121,1351
2021-03-22,4.15,4.12,4.15,4.12,1540
2021-03-23,4.0712,4.0101,4.0712,4.0101,1067
2021-03-24,NaN,4.0101,NaN,NaN,171
2021-03-25,3.9651,3.9651,3.9651,3.9651,307
2021-03-26,NaN,3.9651,NaN,NaN,0
2021-03-29,4.0,4.0,4.0,4.0,3011
2021-03-30,4.0,4.0,4.0,3.96,833
2021-03-31,4.025,4.025,4.025,4.025,251
2021-04-01,4.1219,4.1,4.1219,4.0,6155
2021-04-05,4.11,4.08,4.15,4.08,4001
2021-04-06,NaN,4.08,NaN,NaN,12
2021-04-07,4.1,4.1,4.1,4.1,521
2021-04-08,4.1061,4.1061,4.1061,4.1061,253
2021-04-09,4.063,3.9975,4.063,3.9975,1263
2021-04-12,NaN,3.9975,NaN,NaN,176
2021-04-13,3.9,3.9254,3.9781,3.9,2205
2021-04-14,3.95,3.9715,3.99,3.95,1074
2021-04-15,3.9418,4.0,4.0,3.9418,4679
2021-04-16,3.935,4.0015,4.0015,3.84,84917
2021-04-19,3.98,3.98,3.98,3.98,175
2021-04-20,4.013,4.02999,4.0337,4.01,3050
2021-04-21,4.0386,4.03,4.04,4.0297,23090
2021-04-22,4.086,4.1,4.1275,4.086,2007
2021-04-23,4.1,4.0444,4.1,4.0444,1161
2021-04-26,4.1092,4.16,4.16,4.0914,17324
2021-04-27,4.14,4.15,4.16,4.12,5676
2021-04-28,4.1315,4.1315,4.1315,4.1315,300
2021-04-29,4.15,4.1563,4.1563,4.15,11018
2021-04-30,4.15,4.15,4.15,4.15,174
2021-05-03,4.16,4.212,4.212,4.16,1718
2021-05-04,4.16,4.14,4.16,4.14,1726
2021-05-05,4.1968,4.172,4.21,4.16,9686
2021-05-06,4.175,4.1963,4.28,4.1137,15300
2021-05-07,4.1854,4.3686,4.37,4.1854,121260
2021-05-10,4.4578,4.4648,4.6974,4.4578,5034
2021-05-11,4.585,4.68,4.68,4.58,1675
2021-05-12,4.8001,4.82,4.82,4.755,6794
2021-05-13,4.776,4.7157,4.814,4.6895,2185
2021-05-14,4.7925,4.8127,4.91,4.75,14721
2021-05-17,4.8768,4.74,5.0,4.68,9861
2021-05-18,4.7785,4.68,4.7785,4.65,3917
2021-05-19,4.72,4.54,4.72,4.23159,13130
2021-05-20,4.43,4.531,4.69,4.3994,2830
2021-05-21,4.5,4.3789,4.5239,4.35,15749
2021-05-24,4.51,5.02,5.035,4.425,3550
2021-05-25,4.67,4.4757,4.67,4.4685,12032
2021-05-26,4.48,4.469,4.5,4.38,4970
2021-05-27,4.4571,4.4817,4.4817,4.4571,803
2021-05-28,4.506,4.61,4.61,4.48,2300
2021-06-01,4.7084,4.6859,4.7084,4.65,2560
2021-06-02,4.77,5.0947,5.1596,4.64,24135
2021-06-03,5.15,4.8375,5.15,4.8375,5052
2021-06-04,5.25,5.1,5.25,5.1,6480
2021-06-07,5.3047,5.18,5.39,5.1772,10177
2021-06-08,5.18,4.8778,5.2927,4.8778,17010
2021-06-09,5.1763,5.0,5.1763,4.96,2262
2021-06-10,5.0,5.09,5.09,5.0,3770
2021-06-11,4.9962,4.9393,4.9966,4.9393,5450
2021-06-14,5.0,4.9,5.0,4.8587,6801
2021-06-15,4.9241,4.93,4.97,4.84,4238
2021-06-16,4.9746,4.8148,4.9746,4.8148,2480
2021-06-17,4.85,4.6495,4.85,4.615,13713
2021-06-18,4.6225,4.63,4.631,4.5997,1580
2021-06-21,4.69,4.69,4.6926,4.64,5877
2021-06-22,4.7425,4.7159,4.75,4.7159,1200
2021-06-23,4.925,4.925,4.925,4.925,100
2021-06-24,4.96993,4.89,4.96993,4.89,430
2021-06-25,5.1393,5.17,5.1794,5.1104,2150
2021-06-28,5.0784,5.2738,5.2738,5.0784,1369
2021-06-29,5.428,5.29,5.4739,5.27,8498
2021-06-30,5.31,5.32,5.32,5.31,2267
2021-07-01,5.45,5.48,5.51,5.03,7447
2021-07-02,5.355,5.355,5.355,5.355,493
2021-07-06,5.2627,5.39,5.39,5.2627,1190
2021-07-07,5.19898,5.18,5.20981,5.18,2287
2021-07-08,5.18,5.10449,5.18,5.10449,1200
2021-07-12,4.89,5.1494,5.19,4.89,2078
2021-07-13,5.182,5.185,5.2,5.175,3623
2021-07-14,5.4271,5.37,5.43,5.37,750
2021-07-15,5.26696,5.3238,5.37,5.2615,1799
2021-07-16,5.6,5.37,5.6,5.37,4543
2021-07-19,5.24,5.2508,5.3227,5.2156,3252
2021-07-20,5.34,5.4039,5.4039,5.34,5318
2021-07-21,5.4,5.3488,5.42,5.3488,6663
2021-07-22,5.3776,5.3776,5.3776,5.3776,601
2021-07-23,5.24,5.37,5.46055,5.24,962
2021-07-26,5.32,5.35,5.35,5.32,1702
2021-07-27,5.4021,5.3,5.4021,5.3,5419
2021-07-28,5.3508,5.5,5.6,5.35,18595
2021-07-29,5.7,5.782,5.7971,5.7,1782
2021-07-30,5.9518,6.04,6.05,5.9,5579
2021-08-02,7.47,6.45,7.47,6.45,1359
2021-08-03,6.38,6.38,6.38,6.38,346
2021-08-04,6.3849,6.22,6.4,6.22,8317
2021-08-05,6.43,6.44,6.44,6.43,421
2021-08-06,6.6,6.815,6.86,6.6,8516
2021-08-09,7.775,7.56,7.98,7.0,18564
2021-08-10,7.5944,7.87,7.87,7.4819,2006
2021-08-11,8.22,7.97,8.5056,7.97,11685
2021-08-12,8.1841,7.954,8.1921,7.954,11283
2021-08-13,7.7889,7.71,7.8,7.63499,3937
2021-08-16,7.585,7.56,7.64,7.56,5377
2021-08-17,7.4869,7.46,7.4869,6.8333,10949
2021-08-18,7.3087,7.282,7.32,7.13049,2070
2021-08-19,6.9044,6.71,6.9081,6.1741,9111
2021-08-20,6.88,6.858,6.88,6.858,1862
2021-08-23,7.1072,7.1072,7.1072,7.1072,300
2021-08-24,7.1299,7.05,7.1299,6.95,10848
2021-08-25,7.0926,7.1775,7.31,7.0926,5311
2021-08-26,7.2584,7.2,7.2584,7.2,2365
2021-08-27,7.35,7.28,7.35,7.243,916
2021-08-30,7.5566,7.4248,7.5566,7.42,1193
2021-08-31,7.42,7.77,7.81857,7.42,8459
2021-09-01,7.8387,7.78,7.94,7.78,13209
2021-09-02,7.846,7.73,7.846,7.6819,11705
2021-09-03,7.7494,7.831,7.831,7.7435,1575
2021-09-07,7.90893,7.8372,7.91,7.8372,2924
2021-09-08,7.69,8.0816,8.09,7.69,13543
2021-09-09,8.075,7.97,8.0899,7.9048,11628
2021-09-10,8.0591,8.0,8.11,8.0,2884
2021-09-13,8.05,8.1,8.2184,8.0001,36779
2021-09-14,8.1,8.0,8.1,7.87,37129
2021-09-15,8.0,7.9,8.0,7.78,17847
2021-09-16,7.9,7.8842,7.9,7.8,15451
2021-09-17,8.0,8.0,8.075,7.9,15156
2021-09-20,8.14,7.6,8.14,6.96,41454
2021-09-21,7.93,7.96,8.0,7.67,23450
2021-09-22,8.1,7.87,8.1,7.86,11883
2021-09-23,8.17,8.21,8.39,7.828,19385
2021-09-24,8.93,8.25,8.93,7.9,22840
2021-09-27,8.41,8.33,8.41,8.2558,13989
2021-09-28,8.33,8.16,8.33,7.35,34265
2021-09-29,7.99,8.03,8.0502,7.85,10692
2021-09-30,8.23,8.38,8.77,8.2,54373
2021-10-01,8.38,8.8,8.8,8.35,33210
2021-10-04,8.47,8.42,8.73,8.39,30638
2021-10-05,8.69,8.6,8.75,8.42,95251
2021-10-06,8.75,8.47,8.75,8.3,36383
2021-10-07,8.82,8.7,8.82,8.5,51389
2021-10-08,8.84,8.62,8.84,8.5,75099
2021-10-11,9.08,9.2,9.7822,8.855,138530
2021-10-12,9.24,9.41,9.77,9.02,287789
2021-10-13,9.63,9.13,9.97,9.1026,173444
2021-10-14,9.54,9.48,9.71,9.43,128406
2021-10-15,9.67,9.56,9.74,9.45,273901
2021-10-18,9.55,9.6,9.65,9.12,162285
2021-10-19,9.71,9.6,9.71,9.46,47339
2021-10-20,9.65,9.7,9.82,9.62,85352
2021-10-21,9.67,9.3,9.7925,9.2,74847
2021-10-22,9.41,9.19,9.48,8.75,114236
2021-10-25,9.15,9.07,9.29,8.77,118223
2021-10-26,9.07,8.79,9.07,8.07,218242
2021-10-27,8.94,8.68,8.94,7.8509,109629
2021-10-28,8.69,8.54,8.69,8.4014,59766
2021-11-01,8.77,8.56,8.81,8.1,98182
2021-11-02,8.76,8.46,8.76,8.3,110475
2021-11-03,8.41,8.57,8.5999,8.24,26725
2021-11-04,8.51,9.5,9.5,8.51,198699
2021-11-05,9.72,9.32,9.97,9.02,204466
2021-11-08,9.5,9.55,9.75,9.4201,203885
2021-11-09,9.64,9.38,9.66,9.22,52806
2021-11-10,9.25,9.09,9.41,8.7403,103577
2021-11-11,9.17,9.2,9.2,9.01,56181
2021-11-12,9.3,9.21,9.3,9.0,67639
2021-11-15,9.21,9.07,9.32,8.9,43147
2021-11-16,9.27,9.04,9.27,8.82,47689
2021-11-17,8.94,9.11,9.12,8.83,76511
2021-11-18,9.15,9.49,9.4995,8.95,126164
2021-11-19,9.5,9.4,9.5,9.22,122635
2021-11-22,9.65,10.0,10.3,9.63,269865
2021-11-23,10.01,9.83,10.0957,9.63,155253
2021-11-24,9.84,9.75,9.88,9.06,214573
2021-11-29,9.5,9.4,9.69,9.36,189254
2021-11-30,9.4,9.35,9.56,8.82,239222
2021-12-01,9.42,9.4,9.669,9.27,102295
2021-12-02,9.69,9.37,9.69,9.27,71056
2021-12-03,9.44,9.07,9.44,8.56,271819
2021-12-06,9.0,8.69,9.0,8.51,135055
2021-12-07,8.81,9.02,9.06,8.81,89228
2021-12-08,9.15,9.34,9.4,9.02,46154
2021-12-09,9.34,9.67,9.73,9.33,100466
2021-12-10,9.7,10.12,10.73,9.7,193443
2021-12-13,10.25,9.18,10.25,9.04,127008
2021-12-14,9.06,9.3,9.34,8.9,632581
2021-12-15,9.33,9.83,9.9,9.03,329217
2021-12-16,9.95,10.08,10.1925,9.9303,60158
2021-12-17,10.02,10.11,10.67,10.0,277530
2021-12-20,10.0,9.94,10.03,9.61,179209
2021-12-21,10.0,9.8,10.0,9.7,52824
2021-12-22,9.83,9.73,9.91,9.6,55923
2021-12-23,9.63,10.0,10.26,9.41,49923
2021-12-27,10.14,10.06,10.14,9.8001,83637
2021-12-28,10.11,9.75,10.13,9.501,136503
2021-12-29,9.78,10.1,10.17,9.78,186708
2021-12-30,10.04,10.32,10.52,9.8363,197770
2021-12-31,10.35,10.41,10.52,9.94,116345
2022-01-03,10.61,10.57,10.7,10.24,215652
2022-01-04,10.35,9.61,10.63,9.53,277531
2022-01-05,9.65,9.75,10.15,9.51,104886
2022-01-06,10.0,10.35,10.39,9.96,330872
2022-01-07,10.46,11.13,11.53,10.4,601747
2022-01-10,11.46,11.3,12.11,11.2,517266
2022-01-11,11.28,11.15,11.415,10.7307,291388
2022-01-12,12.02,11.35,12.3,11.05,636209
2022-01-13,11.34,11.1,11.6,11.0,302323
2022-01-14,10.99,10.68,11.0799,10.33,352515
2022-01-18,10.77,10.73,10.8699,10.3862,199035
2022-01-19,10.65,10.25,10.814,10.08,152610
2022-01-20,10.02,10.18,10.45,10.0,217931
2022-01-21,10.1,9.73,10.21,9.5,209628
2022-01-24,9.23,9.28,9.43,8.39,317494
2022-01-25,9.3,9.2,9.3198,8.78,109285
2022-01-26,9.24,9.46,9.74,9.24,129022
2022-01-27,9.53,8.78,9.53,8.5,199015
2022-01-28,8.97,9.66,9.78,8.86,250805
2022-01-31,9.73,9.63,9.73,9.2601,86737
2022-02-01,9.64,10.04,10.09,9.5211,95461
2022-02-02,10.2,10.32,10.62,10.12,304698
2022-02-03,10.25,10.0,10.39,9.87,61559
2022-02-04,10.12,10.27,10.45,9.82,104623
2022-02-07,10.46,10.72,10.99,10.15,159314
2022-02-08,10.53,10.59,10.7,10.41,205395
2022-02-09,10.61,10.47,10.8,10.38,184595
2022-02-10,10.38,10.67,10.83,10.31,219345
2022-02-11,10.63,10.42,10.76,10.0761,82133
2022-02-14,10.39,9.81,10.41,9.23,233486
2022-02-15,10.11,10.6,10.69,9.88,237353
2022-02-16,10.7,10.25,10.7199,10.12,118613
2022-02-17,10.05,9.77,10.14,9.68,121558
2022-02-18,9.8,9.67,9.81,9.43,89682
2022-02-22,9.48,9.83,10.4,9.46,145847
2022-02-23,9.99,9.52,10.1399,9.48,132041
2022-02-24,9.05,9.84,10.4691,8.76,275191
2022-02-25,10.01,10.49,10.5299,9.6139,184588
2022-02-28,10.68,11.06,11.1,10.55,252265
2022-03-01,11.14,11.17,11.4,10.87,651011
2022-03-02,11.29,11.35,11.53,11.25,259449
2022-03-03,11.4,11.16,11.5189,10.69,142533
2022-03-04,11.03,11.05,11.25,10.87,140401
2022-03-07,11.09,11.21,11.21,10.73,143425
2022-03-08,11.0,10.89,11.11,10.5,178433
2022-03-09,11.0,10.83,11.21,10.78,184517
2022-03-10,10.83,11.03,11.04,10.3801,111350
2022-03-11,11.05,11.08,11.54,10.9,114745
2022-03-14,11.21,10.61,11.23,10.2,173724
2022-03-15,10.5,10.46,10.7165,10.02,93869
2022-03-16,10.63,11.35,11.42,10.46,142938
2022-03-17,11.57,11.42,11.7,11.1391,219669
2022-03-18,11.42,11.99,12.05,11.38,374803
2022-03-21,12.13,12.93,13.31,12.02,637048
2022-03-22,13.01,13.92,14.3,12.75,535941
2022-03-23,13.99,14.4,14.59,13.715,337378
2022-03-24,14.6,14.69,15.22,14.34,456878
2022-03-25,15.0,14.53,15.1,13.61,437829
2022-03-28,14.65,13.97,14.8,13.6759,504347
2022-03-29,14.3,13.75,14.3,13.57,239470
2022-03-30,13.68,13.18,13.99,12.95,561451
2022-03-31,13.08,13.59,13.85,13.01,181212
2022-04-01,13.98,15.53,16.59,13.9,1083215
2022-04-04,15.84,16.5,17.36,15.75,968285
2022-04-05,16.65,15.99,17.01,15.61,409937
2022-04-06,15.77,16.2,16.75,15.33,386539
2022-04-07,16.52,17.66,18.0,16.42,738404
2022-04-08,18.62,17.02,19.48,16.63,718455
2022-04-11,17.82,16.36,18.09,15.73,592895
2022-04-12,16.7,16.18,16.73,14.65,725005
2022-04-13,15.98,15.9,16.3,15.0,459166
2022-04-14,15.69,15.86,16.0224,15.35,279536
2022-04-18,15.73,17.29,17.3,15.7,572149
2022-04-19,17.3,17.04,17.75,16.3837,506917
2022-04-20,17.47,17.11,17.75,16.7,410159
2022-04-21,17.87,16.91,18.01,16.67,498472
2022-04-22,16.59,15.71,16.77,14.96,676693
2022-04-25,15.16,16.05,16.18,14.31,410188
2022-04-26,15.77,15.39,15.826,15.14,261248
2022-04-27,15.39,15.22,15.96,14.86,180428
2022-04-28,15.18,15.77,15.88,15.15,209929
2022-04-29,15.62,15.8,15.95,15.45,307929
2022-05-02,15.6,15.94,16.0499,15.11,286748
2022-05-03,15.94,16.98,17.24,15.94,615219
2022-05-04,17.27,17.54,17.59,16.515,484672
2022-05-05,17.98,17.02,18.0982,16.66,447914
2022-05-06,17.27,15.93,17.29,15.27,585124
2022-05-09,15.34,14.33,15.34,13.66,567667
2022-05-10,14.88,14.04,14.96,13.1,375582
2022-05-11,14.1,13.77,14.55,13.54,270880
2022-05-12,13.02,14.09,14.82,12.71,209240
2022-05-13,14.4,14.55,14.77,14.0,276649
2022-05-16,14.55,14.32,14.84,14.0,149951
2022-05-17,14.85,14.66,14.95,14.4125,306382
2022-05-18,14.32,13.87,14.5099,13.7,309419
2022-05-19,13.79,14.68,14.8,13.72,112526
2022-05-20,14.8,14.49,14.98,14.15,287650
2022-05-23,14.51,15.49,15.5,14.45,124982
2022-05-24,15.57,14.99,15.57,14.33,289605
2022-05-25,15.09,15.43,15.5,14.75,207470
2022-05-26,15.61,17.18,17.66,15.57,1063049
2022-05-27,17.27,18.3,18.98,17.18,1143922
2022-05-31,18.69,16.66,19.99,15.8588,1215805
2022-06-01,16.36,15.22,16.66,14.055,1441842
2022-06-02,15.22,17.24,17.45,15.19,382693
2022-06-03,16.85,18.07,18.21,16.12,451100
2022-06-06,18.34,17.37,18.34,16.9408,224122
2022-06-07,17.12,17.58,17.84,17.01,253055
2022-06-08,17.51,17.55,18.2,17.3101,223144
2022-06-09,17.47,16.27,17.58,16.24,428005
2022-06-10,16.0,17.03,17.06,15.62,294132
2022-06-13,16.28,15.57,16.3762,15.32,411787
2022-06-15,15.92,15.84,16.38,15.1301,590975
2022-06-16,15.58,15.17,15.82,14.9209,382459
2022-06-17,15.42,15.41,15.64,14.5,390083
2022-06-21,15.45,15.92,16.33,15.45,217571
2022-06-22,16.1,17.05,17.2,15.4,348345
2022-06-23,17.51,15.94,18.06,15.61,1091455
2022-06-24,16.22,16.1,16.3488,15.8,479984
2022-06-27,16.1,16.65,16.84,16.1,395442
2022-06-28,16.72,16.36,17.327,16.14,324394
2022-06-29,16.34,15.58,16.47,14.93,1634038
2022-06-30,15.36,15.4,15.62,14.68,675795
2022-07-01,15.17,14.78,15.17,14.26,312319
2022-07-05,14.77,14.38,14.77,13.31,388995
2022-07-06,14.37,13.83,14.65,13.28,496256
2022-07-07,14.12,15.29,15.41,14.12,246426
2022-07-08,14.9,15.46,15.55,14.82,201519
2022-07-11,15.05,14.57,15.35,14.45,155525
2022-07-12,14.2,14.3,14.75,14.1,229017
2022-07-13,14.05,14.46,14.73,14.0001,272623
2022-07-14,14.17,13.65,14.24,13.64,270167
2022-07-15,13.73,14.37,14.4,13.73,216141
2022-07-18,15.15,14.93,15.44,14.75,313229
2022-07-19,15.12,14.44,15.2499,14.28,294457
2022-07-20,14.46,15.12,15.18,14.46,186845
2022-07-21,15.17,16.03,16.03,15.085,319661
2022-07-22,16.19,14.99,16.19,14.91,218579
2022-07-25,15.22,15.89,15.89,14.9,119126
2022-07-26,16.0,16.02,16.18,15.59,95539
2022-07-27,16.02,16.4,16.5,15.8506,297642
2022-07-28,16.4,17.71,17.81,16.345,301248
2022-07-29,17.69,17.64,17.9329,17.17,346663
2022-08-01,17.64,18.0,18.47,17.19,173392
2022-08-02,17.9,17.84,18.2,17.61,178675
2022-08-03,18.01,18.2,18.33,17.55,289458
2022-08-04,18.38,18.99,19.0,18.0159,319899
2022-08-05,18.91,20.11,20.12,18.53,767321
2022-08-08,20.41,20.89,20.97,19.51,648797
2022-08-09,20.97,21.21,21.72,19.91,524497
2022-08-10,21.69,22.47,23.07,21.5,625820
2022-08-11,22.69,21.93,23.298,21.78,576021
2022-08-12,22.1,23.44,23.515,21.64,693056
2022-08-15,23.25,22.84,23.28,22.6,434371
2022-08-16,22.65,22.05,22.96,21.77,408548
2022-08-17,21.72,21.49,22.0,21.04,415116
2022-08-18,21.41,21.0,22.1686,20.85,376949
2022-08-19,20.332,19.7,20.48,19.115,483047
2022-08-22,19.13,21.8,22.49,19.12,668624
2022-08-23,21.77,23.38,23.71,21.77,906337
2022-08-24,23.35,25.0,25.25,22.56,1070280
2022-08-25,25.32,24.91,25.59,24.02,536867
2022-08-26,25.01,24.17,25.24,23.51,854520
2022-08-29,23.11,23.1,23.9775,22.14,676750
2022-08-30,23.11,22.22,23.68,21.97,407285
2022-08-31,21.95,23.09,23.2227,21.91,402544
2022-09-01,23.03,21.29,23.03,20.15,948543
2022-09-02,21.4,22.39,22.78,20.93,495506
2022-09-06,23.35,22.91,23.9799,22.57,401154
2022-09-07,23.01,23.59,23.86,22.73,314673
2022-09-08,23.98,24.72,25.0,23.8747,573426
2022-09-09,25.08,24.96,25.26,23.43,579402
2022-09-12,25.39,27.81,28.64,25.38,1691878
2022-09-13,27.22,27.52,28.92,27.05,1161470
2022-09-14,27.87,28.87,29.25,27.6,1169796
2022-09-15,29.01,27.25,29.5,26.36,1434314
2022-09-16,26.54,25.63,27.1052,25.4101,2147720
2022-09-19,25.03,27.1,27.25,24.66,755375
2022-09-20,27.0,26.2,27.2,25.9484,397192
2022-09-22,27.46,26.33,27.88,26.0,591390
2022-09-23,26.23,24.7,26.55,23.77,866250
2022-09-26,24.07,24.18,25.55,23.86,658312
2022-09-27,24.96,25.04,25.51,24.45,541654
2022-09-28,25.2,26.45,26.9,24.49,593421
2022-09-29,26.45,26.11,26.45,24.31,1199998
2022-09-30,26.05,27.19,27.6,25.5835,594695
2022-10-03,28.0,28.02,28.29,26.88,535518
2022-10-04,28.82,29.81,30.49,28.8,1192965
2022-10-05,29.6,29.53,29.76,28.01,773584
2022-10-06,29.71,29.41,30.09,29.03,545002
2022-10-07,29.19,28.3,29.205,27.94,713423
2022-10-10,27.91,28.57,28.79,26.43,645054
2022-10-11,27.94,28.5,29.28,27.21,535708
2022-10-12,28.5,29.2,29.6,27.7,412770
2022-10-13,28.34,30.55,30.86,27.98,782638
2022-10-14,30.94,29.47,31.3338,28.09,994826
2022-10-17,29.57,31.37,31.9618,29.57,1353409
2022-10-18,32.0,33.35,33.72,31.36,983130
2022-10-19,33.35,33.83,34.32,32.235,893757
2022-10-20,33.83,33.59,34.71,33.21,727004
2022-10-21,33.97,35.48,35.9198,33.34,796243
2022-10-24,35.6,34.91,35.6,33.25,791909
2022-10-25,35.17,36.77,36.875,34.64,940140
2022-10-26,37.0,36.26,37.0,36.0,711633
2022-10-27,36.07,37.46,37.71,35.74,566432
2022-10-28,37.4,36.5,38.46,36.34,647661
2022-10-31,36.17,35.74,39.93,35.63,2109819
2022-11-01,36.19,35.39,36.59,33.64,954868
2022-11-02,35.475,33.25,35.58,33.17,592501
2022-11-03,33.05,33.26,35.5588,32.26,569868
2022-11-04,35.28,34.7,35.64,33.57,465213
2022-11-07,35.15,33.56,35.45,33.22,515663
2022-11-08,33.59,35.66,36.6,33.52,827049
2022-11-09,35.94,34.71,36.48,34.31,567703
2022-11-10,36.03,35.51,36.47,34.49,679040
2022-11-11,36.0,34.76,37.25,34.61,856196
2022-11-14,34.65,35.04,35.06,32.81,560438
2022-11-15,35.15,31.97,35.46,30.31,1461814
2022-11-16,31.13,30.34,31.32,29.51,796440
2022-11-17,29.26,29.04,29.9799,28.31,698522
2022-11-18,28.66,29.48,29.95,28.02,673999
2022-11-21,28.54,28.93,29.25,27.73,640760
2022-11-22,28.81,29.5,29.98,28.54,336832
2022-11-23,29.5,31.51,31.57,29.23,719426
2022-11-25,31.03,30.47,31.29,29.52,393017
2022-11-28,30.01,30.33,31.35,29.99,393465
2022-11-29,30.76,31.72,32.7,30.5101,479301
2022-11-30,32.69,34.3,34.81,32.2,703213
2022-12-01,34.62,33.38,34.7,33.21,241273
2022-12-02,32.89,34.07,34.75,32.51,262882
2022-12-05,36.288,34.88,36.6046,34.32,957873
2022-12-06,35.8,35.18,35.8,34.63,573286
2022-12-07,34.79,35.25,36.37,34.75,528124
2022-12-08,35.1,36.31,37.34,35.1,604297
2022-12-09,36.3,34.36,38.19,34.07,593771
2022-12-12,34.0,31.685,34.2,30.89,855853
2022-12-13,34.21,31.7,34.21,30.72,690330
2022-12-14,31.62,31.7,32.87,29.981,961698
2022-12-15,30.83,30.53,30.83,28.875,1366107
2022-12-16,29.63,29.83,30.8,29.36,537602
2022-12-19,29.44,29.2,30.33,29.01,311500
2022-12-20,29.05,30.0,30.2,29.01,337736
2022-12-21,30.0,31.5,31.6,29.61,480226
2022-12-22,31.45,31.5,32.2,31.15,424136
2022-12-23,31.28,30.85,31.4,30.59,266250
2022-12-27,30.81,29.0,30.81,28.97,376721
2022-12-28,29.05,27.42,29.79,27.27,950873
2022-12-29,27.37,27.49,27.88,26.3,1200032
2022-12-30,26.87,28.22,28.22,26.77,444706
2023-01-03,28.8,25.37,29.37,25.145,915444
2023-01-04,25.65,25.85,26.57,24.07,897176
2023-01-05,25.05,25.83,26.31,25.0,531294
2023-01-06,26.5,26.96,27.78,26.0,674034
2023-01-09,27.76,26.88,28.28,26.48,842504
2023-01-10,26.57,25.77,27.39,25.43,647982
2023-01-11,25.66,27.78,28.1192,25.66,554262
2023-01-12,27.77,28.53,29.09,27.66,565285
2023-01-13,28.96,30.19,30.9,28.82,675010
2023-01-17,30.58,29.71,30.78,29.11,437781
2023-01-18,30.22,31.58,31.86,29.97,578277
2023-01-19,31.5,29.65,31.69,29.38,525165
2023-01-20,30.35,30.51,31.46,30.0,383448
2023-01-23,31.69,31.58,31.9599,29.6212,488455
2023-01-24,30.63,31.21,32.68,30.63,609322
2023-01-25,31.2,30.2,31.2,29.63,423210
2023-01-26,30.52,30.94,31.13,29.927,365168
2023-01-27,30.97,30.69,32.22,29.955,507567
2023-01-30,30.35,29.56,31.07,29.3,368820
2023-01-31,29.6,30.5,31.38,29.6,388669
2023-02-01,31.4,31.51,31.88,30.11,365763
2023-02-02,31.93,32.41,33.2099,31.76,982746
2023-02-03,32.1,30.18,32.94,29.842,734431
2023-02-06,29.88,28.5,30.17,28.28,862404
2023-02-07,28.47,28.71,29.84,28.47,489751
2023-02-08,28.94,29.41,29.49,28.73,324928
2023-02-09,29.84,28.57,29.96,28.57,265058
2023-02-10,28.04,28.28,28.88,28.02,392060
2023-02-13,28.43,29.4,29.65,28.17,405675
2023-02-14,29.58,29.91,29.985,28.69,395583
2023-02-15,29.375,30.2,30.29,28.95,297543
2023-02-16,29.91,30.35,31.45,29.6201,358908
2023-02-17,30.66,29.48,30.66,28.78,989915
2023-02-21,35.25,34.23,35.55,32.64,3768757
2023-02-22,34.63,35.56,36.4,32.09,1943704
2023-02-23,35.67,34.31,35.755,33.48,949813
2023-02-24,33.44,34.94,35.5993,32.4818,1063351
2023-02-27,35.48,36.7,36.77,34.95,957752
2023-02-28,36.79,35.96,38.0,35.37,1093289
2023-03-01,36.16,35.73,36.6199,35.02,909700
2023-03-02,32.58,35.02,35.76,32.555,1141980
2023-03-03,35.11,37.5,37.68,34.5899,1705795
2023-03-06,37.93,36.66,37.93,35.86,669354
2023-03-07,36.21,34.86,36.49,34.72,677532
2023-03-08,34.95,35.42,36.0,34.4,382315
2023-03-09,35.42,34.03,36.0798,33.33,915514
2023-03-10,34.11,34.18,34.91,33.201,565298
2023-03-13,33.25,33.59,34.06,32.88,474618
2023-03-14,33.98,34.55,35.22,33.77,494150
2023-03-15,33.51,32.52,33.845,32.2524,805271
2023-03-16,32.3,34.09,34.37,31.9388,506091
2023-03-17,34.0,33.27,34.0,32.8,565798
2023-03-20,33.1,36.5,37.2,33.0515,2056528
2023-03-21,34.75,35.27,36.57,33.81,2060953
2023-03-22,35.1,34.53,35.1,33.69,778100
2023-03-23,34.41,32.9,35.589,32.87,796548
2023-03-24,32.45,33.54,33.97,31.57,737216
2023-03-27,33.08,34.09,34.7508,32.76,609884
2023-03-28,35.99,36.95,39.04,35.42,2212233
2023-03-29,37.07,37.62,37.87,35.92,581885
2023-03-30,38.59,38.36,39.0,37.5,644681
2023-03-31,38.83,37.62,38.96,37.37,559695
2023-04-03,38.31,38.13,40.3,37.83,797383
2023-04-04,38.2,37.36,38.29,36.41,742660
2023-04-05,36.82,35.57,36.96,35.06,707151
2023-04-06,35.71,36.07,36.1984,35.1301,553242
2023-04-10,36.09,36.13,36.29,34.62,457942
2023-04-11,36.69,36.89,37.75,36.45,643097
2023-04-12,37.3,37.2,37.58,36.1077,562885
2023-04-13,37.28,38.55,39.0917,37.22,763523
2023-04-14,38.85,39.9,40.1986,38.7803,944372
2023-04-17,40.0,38.78,40.01,38.15,658437
2023-04-18,39.71,37.72,39.77,37.26,733848
2023-04-19,37.68,36.65,37.79,36.34,477184
2023-04-20,36.34,34.12,36.44,33.4,1697910
2023-04-21,34.0,35.31,35.8453,33.95,1231471
2023-04-24,35.5,35.97,36.0,34.625,610693
2023-04-25,35.32,34.26,35.65,33.84,641644
2023-04-26,34.67,33.77,34.67,33.68,632589
2023-04-27,33.68,33.47,33.69,32.82,595113
2023-04-28,33.1,34.81,34.9,32.85,605255
2023-05-01,34.67,34.32,35.3381,33.68,449499
2023-05-02,33.85,34.0,34.361,33.44,506155
2023-05-03,34.07,33.365,34.74,32.83,855779
2023-05-04,33.55,34.46,34.82,33.29,686940
2023-05-05,34.72,36.84,36.93,34.72,642985
2023-05-08,37.52,37.73,38.35,37.16,598718
2023-05-09,37.25,37.74,38.3,37.15,298072
2023-05-10,39.17,39.35,39.55,38.11,929381
2023-05-11,38.99,39.4,39.8,37.99,579587
2023-05-12,39.2,39.42,39.84,38.53,411823
2023-05-15,39.39,40.91,41.5,39.39,1030387
2023-05-16,40.85,40.41,41.76,40.13,843727
2023-05-17,40.7,42.4,42.79,40.27,998416
2023-05-18,41.35,41.24,41.8799,40.1584,786293
2023-05-19,41.76,40.35,41.96,39.875,659778
2023-05-22,40.48,40.55,40.9,38.94,505616
2023-05-23,40.08,39.615,41.08,39.265,578546
2023-05-24,39.16,39.08,39.29,38.18,361786
2023-05-25,39.16,38.01,39.39,37.54,398033
2023-05-26,38.5,39.54,40.164,38.23,505006
2023-05-30,39.73,38.49,39.96,37.68,451233
2023-05-31,38.09,37.62,38.31,37.05,370346
2023-06-01,38.0,39.81,39.85,36.85,454371
2023-06-02,40.87,39.76,41.15,39.02,498591
2023-06-05,39.84,40.87,41.28,39.6212,632480
2023-06-06,40.9,41.54,42.4,40.68,695208
2023-06-07,41.55,41.065,42.17,41.02,310198
2023-06-08,41.55,41.535,41.86,40.23,369584
2023-06-09,41.66,41.775,41.88,40.56,339532
2023-06-12,41.94,40.92,41.94,40.52,509292
2023-06-13,41.17,41.3,43.18,40.9,869594
2023-06-14,41.85,38.32,41.85,38.18,908084
2023-06-15,38.2,39.63,40.47,37.75,1046486
2023-06-16,40.21,38.73,40.4,38.57,691217
2023-06-20,38.64,39.19,39.47,37.315,945473
2023-06-21,38.63,38.69,39.9,37.94,1014958
2023-06-22,38.18,37.84,38.7,37.54,537150
2023-06-23,37.07,36.7,37.5697,36.32,605143
2023-06-26,36.72,36.31,37.32,35.55,596660
2023-06-27,36.9,36.3,36.9,35.9,574570
2023-06-28,36.0,37.83,38.07,35.39,800310
2023-06-29,37.94,38.69,39.05,37.59,396680
2023-06-30,39.6,40.3,40.46,38.75,809909
2023-07-03,40.95,39.89,41.18,38.705,249119
2023-07-05,39.93,39.36,40.2,39.03,258442
2023-07-06,38.8,39.44,39.6,37.8,482222
2023-07-07,39.35,39.99,40.75,39.2333,388180
2023-07-10,39.99,41.11,41.36,38.73,516411
2023-07-11,41.3,40.77,41.305,40.23,207185
2023-07-12,41.31,40.7,41.8999,40.15,267389
2023-07-13,40.96,40.19,41.405,39.87,502027
2023-07-14,40.07,39.36,40.1,39.1601,318177
2023-07-17,39.26,40.54,41.19,39.1,669020
2023-07-18,40.58,39.75,41.38,39.68,462744
2023-07-19,39.6,38.86,39.79,37.4956,926820
2023-07-20,38.52,38.03,38.7857,37.75,490325
2023-07-21,37.9,36.83,38.17,35.74,993963
2023-07-24,36.8,36.12,36.8,34.76,1202261
2023-07-25,36.28,37.17,38.2,36.28,709377
2023-07-26,37.05,37.295,38.17,36.71,685084
2023-07-27,37.41,36.07,37.585,35.88,877075
2023-07-28,36.31,39.14,39.7,36.25,2242148
2023-07-31,39.95,39.03,40.26,38.68,1083358
2023-08-01,38.41,37.54,39.01,37.37,587827
2023-08-02,36.91,36.78,37.53,36.08,603547
2023-08-03,36.77,37.19,37.34,36.21,472892
2023-08-04,37.33,37.51,37.67,36.69,390569
2023-08-07,37.59,36.32,37.65,36.125,424081
2023-08-08,36.08,36.43,36.66,35.8,329415
2023-08-09,36.55,36.12,37.0,35.92,369303
2023-08-10,36.07,35.95,36.35,35.31,277623
2023-08-11,35.37,35.59,35.95,35.17,376412
2023-08-14,35.06,34.18,35.365,33.75,940492
2023-08-15,33.84,33.59,34.51,33.1101,760055
2023-08-16,33.07,33.72,34.22,33.07,595293
2023-08-17,34.15,33.61,34.15,33.12,532387
2023-08-18,33.09,33.57,34.0025,32.81,745227
2023-08-21,33.66,34.16,35.025,33.66,680069
2023-08-22,34.55,32.93,34.9,32.87,503261
2023-08-23,32.32,33.38,33.58,32.22,604959
2023-08-24,33.55,32.38,33.75,32.32,430674
2023-08-25,32.39,32.02,32.42,31.13,857447
2023-08-28,31.47,30.61,32.39,30.58,732527
2023-08-29,30.31,30.92,31.3,29.88,978070
2023-08-30,30.78,29.99,31.0,29.44,1462900
2023-08-31,29.87,30.64,30.81,29.65,569753
2023-09-01,30.99,31.82,32.38,30.99,705346
2023-09-05,32.24,34.61,34.98,32.24,1064938
2023-09-06,35.24,32.93,35.24,32.3,672613
2023-09-07,32.64,32.59,32.99,31.927,316236
2023-09-08,32.75,32.02,32.89,31.79,338248
2023-09-11,33.11,33.11,33.11,33.11,100
2023-09-12,33.0,32.13,33.34,31.72,745832
2023-09-13,35.0,36.54,38.28,34.87,2669180
2023-09-14,37.25,36.86,37.61,36.57,781224
2023-09-15,36.84,37.7,37.93,36.55,763891
2023-09-18,37.64,38.65,39.12,37.32,1007276
2023-09-19,38.89,38.45,39.38,38.03,1143902
2023-09-20,38.46,36.73,38.7,36.55,1131381
2023-09-21,36.39,35.7,36.39,34.05,1302148
2023-09-22,35.83,34.74,36.5,34.32,1191626
2023-09-25,34.44,34.44,34.9163,33.95,565925
2023-09-26,33.86,33.0,34.63,32.765,1251150
2023-09-27,32.85,32.86,33.438,32.22,758812
2023-09-28,32.69,32.09,34.31,31.09,2208722
2023-09-29,32.94,32.44,33.1,31.88,1752633
2023-10-02,32.2,30.33,32.2,29.98,1456474
2023-10-03,29.6,29.67,30.595,29.16,751080
2023-10-04,29.2,29.88,30.015,27.81,1444939
2023-10-05,28.87,27.75,28.99,25.02,6060815
2023-10-06,27.12,27.56,28.23,25.95,2337500
2023-10-09,27.06,28.37,28.67,26.45,1642384
2023-10-10,28.44,28.34,29.09,27.84,1134708
2023-10-11,28.37,26.98,28.58,26.27,1116375
2023-10-12,27.22,26.11,27.2647,25.72,1234364
2023-10-13,26.07,27.1,27.39,26.02,1604319
2023-10-16,27.2,28.63,29.57,26.9,1321161
2023-10-17,27.8,28.85,29.46,27.26,784119
2023-10-18,28.27,27.2,28.32,27.1,620255
2023-10-19,27.2,25.92,27.2,24.81,1948536
2023-10-20,25.18,24.76,25.52,24.0,1740747
2023-10-23,24.54,25.85,25.97,23.81,1183749
2023-10-24,26.0,26.37,26.96,26.0,940183
2023-10-25,26.01,25.89,26.48,25.15,385850
2023-10-26,25.95,26.42,27.22,25.42,951044
2023-10-27,27.22,27.74,28.06,26.47,1141527
2023-10-30,28.05,25.36,28.5887,25.08,1007872
2023-10-31,25.34,24.45,25.8499,24.2,1159938
2023-11-01,25.8,25.59,26.25,23.76,1504511
2023-11-02,26.16,25.54,26.23,24.55,1018370
2023-11-03,25.58,25.91,26.5773,25.41,1011884
2023-11-06,26.1,25.0,26.44,24.785,514914
2023-11-07,24.76,24.75,25.0,24.14,681239
2023-11-08,24.5,23.02,24.89,22.95,855715
2023-11-09,23.03,22.2,23.8922,21.88,1134634
2023-11-10,22.42,21.765,22.42,21.2,687554
2023-11-13,22.0,22.92,23.03,21.37,1272646
2023-11-14,23.82,24.73,25.41,23.61,1892245
2023-11-15,25.67,27.08,28.75,25.09,3154746
2023-11-16,27.29,26.82,27.85,25.99,2236915
2023-11-17,27.53,29.92,30.205,27.31,2107223
2023-11-20,30.45,29.25,30.8163,29.05,1277989
2023-11-21,29.2,28.69,29.89,28.15,1366609
2023-11-22,27.98,28.39,28.645,27.98,495783
2023-11-24,28.71,29.5,30.0,28.52,498705
2023-11-27,28.65,28.35,29.42,28.2,822808
2023-11-28,28.31,29.7,29.9,28.115,1100141
2023-11-29,29.74,29.32,30.4798,28.82,646892
2023-11-30,29.44,29.99,30.05,29.3,1059011
2023-12-01,29.98,31.12,31.28,29.13,1024130
2023-12-04,30.29,29.88,30.9399,29.33,632767
2023-12-05,29.41,28.09,29.43,26.52,2262895
2023-12-06,28.4,28.41,30.05,28.4,1042584
2023-12-07,28.46,29.18,30.08,28.46,757450
2023-12-08,29.61,29.43,30.42,29.42,877844
2023-12-11,29.03,28.22,29.03,27.76,682680
2023-12-12,28.29,27.73,28.59,27.52,541508
2023-12-13,27.68,28.02,28.22,26.75,1612768
2023-12-14,29.14,26.93,29.14,26.485,2190438
2023-12-15,27.41,26.65,27.85,26.62,1589578
2023-12-18,26.88,29.48,30.06,25.7001,2526137
2023-12-19,30.18,30.37,32.2,29.955,2151419
2023-12-20,30.75,31.67,32.8699,30.5,2404716
2023-12-21,31.5,33.2,33.91,31.39,2313509
2023-12-22,33.5,32.79,33.94,32.56,511652
2023-12-26,32.77,33.095,34.305,32.58,1094575
2023-12-27,33.11,32.11,33.13,31.5,839689
2023-12-28,31.86,31.78,32.1,31.17,445843
2023-12-29,31.22,31.53,32.32,30.81,707085
2024-01-02,31.3,30.24,31.85,30.12,574131
2024-01-03,30.35,29.58,30.4891,29.33,533423
2024-01-04,29.6,29.27,30.3,28.67,1123467
2024-01-05,28.87,29.67,29.67,28.5,715112
2024-01-08,29.89,28.94,29.98,28.52,728857
2024-01-09,28.5,28.26,28.53,28.0,904020
2024-01-10,27.95,27.46,28.225,26.81,1185379
2024-01-11,27.54,26.07,28.16,25.815,1170234
2024-01-12,26.5,26.2,27.365,26.06,1311729
2024-01-16,27.2,26.38,27.2,25.51,1047940
2024-01-17,25.83,25.87,26.425,25.58,823209
2024-01-18,25.89,24.72,26.1177,24.08,1282602
2024-01-19,24.5,24.01,24.61,22.96,1669822
2024-01-22,23.25,23.61,24.26,22.66,1192422
2024-01-23,23.7,23.31,24.6,23.22,798046
2024-01-24,23.6,22.77,24.16,22.455,1041374
2024-01-25,22.83,22.65,23.17,22.4,706795
2024-01-26,22.96,22.73,23.16,22.48,767064
2024-01-29,22.7,22.4,23.0,22.2,793077
2024-01-30,22.05,21.38,22.2483,21.345,1125500
2024-01-31,21.41,20.06,21.41,19.68,2360935
2024-02-01,19.88,19.52,20.35,19.34,2757155
2024-02-02,19.11,16.85,19.2,16.14,4214662
2024-02-05,16.32,14.39,16.36,12.87,6950630
2024-02-06,14.47,14.27,14.96,13.51,2688645
2024-02-07,14.28,13.06,14.44,12.48,2572990
2024-02-08,13.05,14.26,14.635,12.64,2274579
2024-02-09,14.35,14.64,14.75,13.94,1344697
2024-02-12,15.1,15.04,15.965,14.91,1022325
2024-02-13,14.56,13.93,14.725,13.76,1041381
2024-02-14,13.99,14.54,14.8564,13.93,644725
2024-02-15,14.54,14.52,15.28,14.46,637720
2024-02-16,14.83,14.85,15.33,14.62,841093
2024-02-20,14.65,12.8,15.14,12.79,1806412
2024-02-21,12.95,12.85,13.2028,12.661,983806
2024-02-22,12.98,11.88,13.006,11.86,1371552
2024-02-23,12.05,11.48,12.145,10.46,2620407
2024-02-26,11.27,12.51,12.52,11.15,1393936
2024-02-27,12.56,13.22,13.69,12.13,2049116
2024-02-28,13.23,13.84,14.15,13.23,1511758
2024-02-29,14.15,14.22,15.8823,13.9,2158643
2024-03-01,14.73,15.93,16.03,13.78,2505590
2024-03-04,16.25,15.59,16.36,15.01,1558010
2024-03-05,15.04,14.49,15.4,14.16,1262212
2024-03-06,14.86,15.11,15.45,14.75,1074328
2024-03-07,15.25,14.6,15.69,14.5,931829
2024-03-08,14.75,13.5,14.8145,13.5,1287398
2024-03-11,13.62,14.57,14.77,13.57,1435219
2024-03-12,14.84,14.46,14.86,14.0,623659
2024-03-13,14.39,14.71,15.32,14.18,1060469
2024-03-14,14.7,14.26,14.7,14.01,634410
2024-03-15,14.4,12.95,14.4,12.85,2639090
2024-03-18,12.94,12.7,12.94,12.38,1300752
2024-03-19,12.41,12.55,12.75,12.15,879915
2024-03-20,12.45,12.59,12.96,12.23,1391123
2024-03-21,12.86,12.59,13.46,12.58,906008
2024-03-22,12.84,11.88,12.84,11.78,1077351
2024-03-25,11.84,11.85,12.44,11.7,779222
2024-03-26,12.03,11.52,12.05,11.42,782440
2024-03-27,11.53,12.16,12.52,11.45,1479662
2024-03-28,12.51,12.96,13.14,12.09,1586621
2024-04-01,13.7,14.11,14.43,13.3612,2460119
2024-04-02,13.89,14.46,14.5792,13.65,1251616
2024-04-03,14.5,14.97,15.27,14.37,1815889
2024-04-04,15.28,13.77,15.28,13.76,1229992
2024-04-05,13.89,14.45,14.51,13.41,1003882
2024-04-08,14.77,15.14,15.17,14.41,712099
2024-04-09,15.25,15.42,15.99,14.93,1004846
2024-04-10,15.21,15.51,15.74,14.79,676128
2024-04-11,15.73,15.6,15.74,15.1101,554504
2024-04-12,15.6,14.65,15.91,14.4215,1005493
2024-04-15,15.32,13.98,15.32,13.77,856577
2024-04-16,13.57,13.68,13.79,13.03,764796
2024-04-17,13.73,13.5,14.0529,13.1856,709919
2024-04-18,13.5,13.41,13.86,12.51,1528506
2024-04-19,13.3,13.35,13.5474,13.01,723937
2024-04-22,13.31,13.54,13.895,13.09,451884
2024-04-23,13.59,14.03,14.29,13.4749,506663
2024-04-24,14.09,14.07,14.3,13.86,467570
2024-04-25,13.96,14.05,14.19,13.76,576118
2024-04-26,14.2,14.33,14.5696,14.07,524013
2024-04-29,14.76,14.96,15.24,14.65,766245
2024-04-30,14.69,14.37,14.97,14.34,610673
2024-05-01,14.38,14.95,15.06,14.16,717869
2024-05-02,14.97,15.36,15.4899,14.95,884441
2024-05-03,15.6,15.98,16.02,15.2001,893000
2024-05-06,16.23,16.16,16.37,15.75,832758
2024-05-07,16.21,16.82,17.48,16.2,1433410
2024-05-08,16.63,17.2,17.76,16.6,956227
2024-05-09,17.25,17.87,17.96,17.1,709751
2024-05-10,18.08,17.13,18.129,16.79,892399
2024-05-13,17.24,17.0,17.735,16.99,695925
2024-05-14,17.2,17.94,18.36,17.0,1028763
2024-05-15,18.19,17.05,18.3799,16.83,841621
2024-05-16,17.82,17.935,18.59,17.16,1204907
2024-05-17,18.14,18.56,18.96,17.78,3578789
2024-05-20,18.81,17.73,19.2,17.71,1077130
2024-05-21,17.55,17.28,17.98,17.1,636634
2024-05-22,17.0,16.41,17.1192,16.128,1154175
2024-05-23,16.48,15.72,16.7,15.61,823373
2024-05-24,16.08,16.22,16.31,15.79,378395
2024-05-28,16.73,16.74,17.3,16.33,829231
2024-05-29,16.6,16.22,16.77,16.1335,657825
2024-05-30,16.11,15.55,16.22,15.31,695883
2024-05-31,15.34,15.29,15.86,14.91,987415
2024-06-03,15.38,14.87,15.55,14.52,599439
2024-06-04,14.54,14.53,14.79,14.2587,472457
2024-06-05,14.54,14.71,15.0,14.29,405980
2024-06-06,14.68,14.4,14.775,14.2,646202
2024-06-07,14.0,14.25,14.39,13.76,832619
2024-06-10,14.07,13.99,14.38,13.92,590004
2024-06-11,13.8,13.53,13.89,13.25,769365
2024-06-12,13.88,13.58,14.2,13.58,741084
2024-06-13,13.58,12.96,13.62,12.83,823173
2024-06-14,12.9,12.63,13.16,12.39,819109
2024-06-17,12.54,12.29,12.549,12.06,966990
2024-06-18,12.27,12.25,12.52,11.78,658354
2024-06-20,12.2,12.03,12.36,11.91,447886
2024-06-21,12.02,12.44,12.59,11.79,1167001
2024-06-24,12.34,12.3,12.92,12.03,1781163
2024-06-25,12.17,12.19,12.27,11.9,385615
2024-06-26,12.51,12.47,13.245,12.45,914671
2024-06-27,12.5,12.48,12.7699,11.851,599792
2024-06-28,12.67,12.03,12.6796,11.95,446481
2024-07-01,12.06,11.99,12.37,11.9,421212
2024-07-02,12.17,11.78,12.3,11.58,902224
2024-07-03,11.81,12.42,12.61,11.81,576931
2024-07-05,12.51,12.42,12.6187,11.97,369863
2024-07-08,12.31,12.27,12.52,12.14,300941
2024-07-09,12.24,11.53,12.33,11.21,1119756
2024-07-10,11.7,11.94,11.95,11.53,373701
2024-07-11,11.96,12.15,12.19,11.82,341188
2024-07-12,12.12,12.46,12.48,12.04,468358
2024-07-15,12.4,12.43,12.55,12.02,1072992
2024-07-16,12.4,12.4,12.67,12.29,592262
2024-07-17,12.13,12.39,12.47,12.08,802479
2024-07-18,12.26,12.09,12.826,12.015,820268
2024-07-19,12.09,12.23,12.37,11.8,704182
2024-07-22,12.29,12.4,12.47,12.18,344402
2024-07-23,12.09,12.07,12.39,11.96,672367
2024-07-24,12.02,11.36,12.31,11.32,890649
2024-07-25,11.35,11.5,11.74,10.91,746725
2024-07-26,11.49,11.62,11.88,11.15,503974
2024-07-29,11.52,11.09,11.64,10.81,796557
2024-07-30,10.98,10.79,11.05,10.6691,585382
2024-07-31,10.89,10.93,11.25,10.88,552896
2024-08-01,10.96,10.43,10.96,10.39,1100567
2024-08-02,10.12,9.75,10.17,9.56,892549
2024-08-05,8.79,8.99,9.35,8.71,1244656
2024-08-06,9.01,8.91,9.16,8.83,985265
2024-08-07,9.05,9.05,9.56,9.02,1003815
2024-08-08,9.08,9.5,9.505,8.87,540126
2024-08-09,9.6,8.94,9.74,8.77,1092625
2024-08-12,8.91,8.69,9.19,8.685,580012
2024-08-13,8.69,8.9,9.02,8.47,630664
2024-08-14,8.94,8.86,8.95,8.61,916925
2024-08-15,9.15,9.63,10.1,9.08,1663180
2024-08-16,9.41,9.87,9.98,8.92,993705
2024-08-19,9.88,10.26,10.52,9.88,1184447
2024-08-20,10.39,10.34,10.5599,10.065,676307
2024-08-21,10.42,11.38,11.5379,10.42,1403979
2024-08-22,11.48,10.72,11.57,10.5,861140
2024-08-23,10.8,10.78,10.96,10.68,450759
2024-08-26,10.83,10.78,11.05,10.59,434873
2024-08-27,10.77,10.57,10.95,10.47,501639
2024-08-28,10.44,10.2,10.44,10.13,544430
2024-08-29,10.22,11.03,11.56,10.1501,1424657
2024-08-30,11.21,10.65,11.48,10.61,2793215
2024-09-03,10.58,9.8,10.58,9.34,1728052
2024-09-04,9.68,9.75,10.2,9.46,1119223
2024-09-05,9.75,9.67,9.99,9.53,591576
2024-09-06,9.59,9.24,9.7,9.15,1111128
2024-09-09,9.25,9.4,9.595,9.17,693047
2024-09-10,9.38,9.41,9.54,9.17,565438
2024-09-11,10.65,10.61,11.64,10.21,2199509
2024-09-12,10.82,10.22,10.94,10.13,780192
2024-09-13,10.47,10.3,10.59,10.2,611511
2024-09-16,10.34,10.74,10.97,10.06,549543
2024-09-17,10.79,11.24,11.3,10.6,503188
2024-09-18,11.25,11.07,11.8,11.055,542985
2024-09-19,11.43,11.34,11.67,11.28,475544
2024-09-20,11.32,11.41,11.46,11.09,711882
2024-09-23,11.59,11.88,12.13,11.36,767754
2024-09-24,12.35,12.49,12.7099,12.13,989251
2024-09-25,12.59,11.84,12.68,11.675,1049175
2024-09-26,12.76,12.71,12.76,11.99,1183835
2024-09-27,12.72,12.64,13.0,12.51,640763
2024-09-30,12.59,12.36,12.94,12.23,817896
2024-10-01,12.42,13.2,13.32,12.29,992424
2024-10-02,13.2,13.13,13.56,12.93,632704
2024-10-03,13.0,12.95,13.04,12.35,651102
2024-10-04,12.97,13.07,13.4145,12.88,513741
2024-10-07,13.48,13.62,14.192,13.21,1085816
2024-10-08,13.24,13.2,13.4,12.925,498291
2024-10-09,13.67,13.87,15.09,13.6,1469811
2024-10-10,14.0,13.58,14.0,13.43,454496
2024-10-11,13.55,13.52,13.8,13.4,697560
2024-10-14,13.4,13.35,13.6,12.96,1086468
2024-10-15,13.12,13.03,13.35,12.86,851037
2024-10-16,13.25,13.77,14.13,13.18,1335495
2024-10-17,13.99,13.57,13.99,13.36,662133
2024-10-18,13.61,14.03,14.26,13.61,839564
2024-10-21,14.1,13.41,14.15,13.19,713132
2024-10-22,13.19,14.59,14.66,13.19,985229
2024-10-23,14.29,14.21,14.775,13.96,837432
2024-10-24,14.51,14.61,14.82,13.95,573224
2024-10-25,14.75,14.19,14.98,14.175,646715
2024-10-28,14.24,14.86,15.2052,14.24,947255
2024-10-29,14.95,14.6,15.555,14.5,829335
2024-10-30,14.82,14.15,14.8547,14.0301,581085
2024-10-31,14.07,13.58,14.405,13.465,794282
2024-11-01,13.79,13.77,14.385,13.4819,527044
2024-11-04,13.69,13.82,14.23,13.51,731874
2024-11-05,13.93,13.33,14.02,13.3,701907
2024-11-06,13.1,13.23,13.5,12.2406,854510
2024-11-07,13.16,12.98,13.66,12.96,479336
2024-11-08,12.57,12.68,12.94,12.41,439545
2024-11-11,12.665,13.65,13.67,12.58,685823
2024-11-12,13.49,13.59,13.99,13.22,740382
2024-11-13,13.81,14.44,14.76,13.81,1272685
2024-11-14,14.37,13.15,14.77,13.02,744429
2024-11-15,12.9,12.94,13.02,11.3901,2342054
2024-11-18,12.68,13.51,13.56,12.6621,674253
2024-11-19,13.89,13.88,14.21,13.28,645413
2024-11-20,14.01,14.46,14.55,13.66,578842
2024-11-21,14.08,14.65,14.71,13.89,647303
2024-11-22,14.63,13.95,14.69,13.65,601425
2024-11-25,13.98,14.25,14.42,13.62,1793329
2024-11-26,14.15,13.7,14.22,13.675,394471
2024-11-27,13.71,13.89,14.0,13.7,414647
2024-11-29,13.88,13.76,14.0,13.62,498258
2024-12-02,13.65,13.45,13.85,13.17,838859
2024-12-03,13.43,13.17,13.43,13.08,543195
2024-12-04,13.12,12.66,13.22,12.5,827917
2024-12-05,12.69,12.09,12.8357,11.93,1066069
2024-12-06,12.32,11.84,12.3655,11.76,740593
2024-12-09,12.0,12.31,12.93,12.0,805518
2024-12-10,12.34,12.42,12.5,11.83,791778
2024-12-11,12.83,12.18,13.16,12.16,744168
2024-12-12,12.0,12.18,12.34,11.8,551711
2024-12-13,12.37,11.95,12.37,11.5751,649585
2024-12-16,11.85,11.61,12.05,11.46,813984
2024-12-17,11.43,11.56,11.7,11.13,778424
2024-12-18,11.42,10.88,11.575,10.83,886670
2024-12-19,10.89,10.9,11.19,10.58,745362
2024-12-20,10.81,11.01,11.3,10.795,502367
2024-12-23,11.0,11.17,11.25,10.89,362680
2024-12-24,11.17,11.32,11.46,11.07,233711
2024-12-26,11.18,11.16,11.44,11.1,584523
2024-12-27,11.16,11.23,11.265,10.955,380540
2024-12-30,11.07,11.04,11.23,10.65,652398
2024-12-31,11.31,11.22,11.49,11.02,473315
2025-01-02,11.22,12.3,12.42,11.22,1342296
2025-01-03,12.48,12.09,12.5,11.81,715550
2025-01-06,12.02,12.98,13.035,12.02,683734
2025-01-07,13.06,12.83,13.4,12.7,451212
2025-01-08,12.5,12.44,12.705,12.2801,369679
2025-01-10,12.36,11.67,12.425,11.4,559941
2025-01-13,11.67,11.91,11.955,11.4,552288
2025-01-14,11.97,11.98,12.125,11.69,474902
2025-01-15,12.32,12.16,12.395,12.0,314512
2025-01-16,12.21,11.81,12.56,11.8,394751
2025-01-17,11.76,12.01,12.23,11.76,289714
2025-01-21,12.18,11.54,12.18,11.38,491204
2025-01-22,11.53,11.38,11.65,11.24,505200
2025-01-23,11.28,11.04,11.3599,10.93,737697
2025-01-24,11.16,11.125,11.59,11.11,286869
2025-01-27,10.95,10.86,11.24,10.78,577730
2025-01-28,10.95,10.89,11.13,10.57,498763
2025-01-29,10.88,10.76,11.0,10.58,499319
2025-01-30,10.71,10.85,11.04,10.66,292190
2025-01-31,10.86,10.75,11.17,10.61,446256
2025-02-03,10.45,10.28,10.53,10.07,563549
2025-02-04,10.39,11.3,11.65,10.39,848230
2025-02-05,11.32,11.1,11.49,10.78,919383
2025-02-06,11.07,11.19,11.28,10.78,486068
2025-02-07,11.22,11.21,11.38,11.01,308699
2025-02-10,11.26,11.08,11.3,10.93,325205
2025-02-11,10.98,10.91,11.19,10.74,281984
2025-02-12,10.77,11.19,11.3845,10.7645,390513
2025-02-13,11.2,11.33,11.37,10.86,366390
2025-02-14,11.18,11.29,11.39,11.08,297885
2025-02-18,11.35,11.15,11.35,10.93,314702
2025-02-19,11.0,11.22,11.63,10.995,466672
2025-02-20,11.36,11.73,11.74,11.16,544990
2025-02-21,11.74,11.63,11.87,11.4525,407393
2025-02-24,11.43,11.52,11.73,11.32,189489
2025-02-25,11.43,11.7,11.8,11.39,714766
2025-02-26,11.865,11.75,12.19,11.52,658834
2025-02-27,11.8,11.67,12.12,11.525,624517
2025-02-28,11.5,11.31,11.6,11.12,410649
2025-03-03,11.42,11.11,11.54,10.96,390475
2025-03-04,10.99,11.27,11.53,10.64,630238
2025-03-05,11.27,12.2,12.335,11.26,934045
2025-03-06,12.13,12.02,12.24,11.67,665009
2025-03-07,11.8,11.74,12.0,11.6422,459458
2025-03-10,11.58,10.93,11.71,10.74,984374
2025-03-11,10.97,10.66,11.0746,10.6139,799053
2025-03-12,10.66,10.645,10.855,10.51,639276
2025-03-13,10.66,10.75,11.01,10.66,349989
2025-03-14,10.94,11.45,11.53,10.86,369370
2025-03-17,11.57,12.14,12.267,11.57,980533
2025-03-18,12.1,12.21,12.34,11.89,668513
2025-03-19,12.28,12.13,12.3,11.9,502897
2025-03-20,11.92,11.63,11.97,11.57,298181
2025-03-21,11.44,11.68,11.72,11.27,774655
2025-03-24,11.74,11.65,12.01,11.65,339582
2025-03-25,11.66,11.7,11.91,11.611,375532
2025-03-26,11.77,11.52,11.77,11.27,251922
2025-03-27,11.35,11.54,11.75,11.29,271214
2025-03-28,11.5,11.5,11.78,11.34,564775
2025-03-31,11.1,10.4,11.33,10.285,902784
2025-04-01,10.36,10.155,10.48,10.065,754465
