2015-02-05,50.3,50.34,50.4,50.3,3281
2015-02-06,73.57,50.55,50.65,50.42,2519
2015-02-09,50.34,50.31,50.34,50.26,2060
2015-02-10,50.42,50.6,50.6,50.35,1925
2015-02-11,50.8,50.8697,50.941,50.8,11934
2015-02-12,51.1699,51.37,51.37,51.1699,3575
2015-02-13,52.0,51.73,52.0,51.572,1665
2015-02-17,52.19,51.7499,52.19,51.5564,3315
2015-02-18,51.61,51.726,51.74,51.57,5619
2015-02-19,51.67,51.8266,51.88,51.67,2744
2015-02-20,51.85,52.1424,52.1424,51.5699,4150
2015-02-23,54.0,52.24,54.0,52.1,4601
2015-02-24,52.2699,52.16,52.3,52.16,3584
2015-02-25,52.59,52.17,52.59,52.102,17511
2015-02-26,52.16,51.98,52.16,51.98,2269
2015-02-27,51.86,51.9,52.09,51.86,1118
2015-03-02,72.53,52.21,72.53,51.99,5667
2015-03-03,51.8788,51.992,52.01,51.8788,3520
2015-03-04,52.19,51.78,52.19,51.5999,3903
2015-03-05,51.79,51.8099,51.84,51.77,4802
2015-03-06,53.01,51.26,53.01,51.25,3837
2015-03-09,51.56,51.3499,51.56,51.2199,1740
2015-03-10,51.28,50.51,52.34,50.51,22504
2015-03-11,50.67,51.56,51.56,50.5309,5331
2015-03-12,50.96,51.13,51.16,50.73,15915
2015-03-13,50.58,50.88,50.88,50.58,2494
2015-03-16,50.51,51.46,51.46,50.51,4370
2015-03-17,51.44,51.31,52.49,51.1048,10994
2015-03-18,51.06,52.01,52.01,51.03,8140
2015-03-19,51.5075,51.6414,51.66,51.5075,1696
2015-03-20,51.8,52.0499,52.05,51.8,741
2015-03-23,52.1201,52.07,52.1201,52.0403,7818
2015-03-24,51.8637,51.67,51.93,51.67,3360
2015-03-25,51.64,50.8999,51.65,50.89,10158
2015-03-26,50.64,50.85,50.85,50.4,11160
2015-03-27,50.7899,50.881,50.89,50.7799,1252
2015-03-30,51.68,51.52,51.68,51.29,1799
2015-03-31,51.99,51.1,51.99,51.1,4303
2015-04-01,50.88,50.97,51.0564,50.88,6843
2015-04-02,51.21,51.1,51.21,51.1,1498
2015-04-06,53.815,51.4825,53.815,51.46,13519
2015-04-07,51.57,51.3675,51.6,51.3675,2723
2015-04-08,51.9,51.4726,51.9,51.4054,3288
2015-04-09,51.68,51.71,51.71,51.4801,3502
2015-04-10,51.85,51.92,51.92,51.81,1213
2015-04-13,52.15,51.7,52.15,51.7,5480
2015-04-14,51.656,51.7338,51.7338,51.656,938
2015-04-15,51.98,52.07,52.07,51.9619,1441
2015-04-16,51.99,51.93,52.05,51.8199,5955
2015-04-17,51.3,51.2,51.35,51.2,2047
2015-04-20,51.6401,51.66,51.73,51.6401,731
2015-04-21,51.56,51.56,51.5991,51.56,625
2015-04-22,51.5207,51.64,51.6799,51.5207,1129
2015-04-23,51.74,51.92,51.93,51.7,18219
2015-04-24,52.217,51.84,52.217,51.76,2639
2015-04-27,51.83,51.468,51.84,51.468,1683
2015-04-28,51.3,51.77,51.77,51.3,2361
2015-04-29,51.7,51.162,51.7,51.162,4300
2015-04-30,51.08,51.0897,51.0897,51.0601,700
2015-05-01,51.35,51.329,51.35,51.329,2142
2015-05-04,51.64,51.6653,51.72,51.64,1016
2015-05-05,51.3699,51.056,51.3699,51.0195,744
2015-05-06,51.33,50.74,51.33,50.51,2197
2015-05-07,50.93,50.9601,50.9601,50.903,843
2015-05-08,51.4901,51.4901,51.4901,51.49,1445
2015-05-11,51.55,51.4499,51.81,51.4335,2079
2015-05-13,51.1014,51.0652,51.1014,51.0199,806
2015-05-14,51.23,51.2904,51.2904,51.2201,851
2015-05-18,51.39,51.62,51.62,51.39,223
2015-05-19,51.74,51.6254,51.7501,51.575,6932
2015-05-20,51.31,51.58,51.58,50.93,6896
2015-05-21,51.23,51.69,51.69,51.23,1284
2015-05-26,51.84,51.0256,51.84,50.93,3642
2015-05-27,51.32,51.49,51.49,51.32,2383
2015-05-28,51.286,51.315,51.34,51.24,1584
2015-05-29,51.2584,51.25,51.3096,51.19,1214
2015-06-01,51.54,51.35,51.54,51.01,1296
2015-06-03,51.4567,51.5783,51.5783,51.4567,401
2015-06-04,51.0699,51.0699,51.0699,51.0699,700
2015-06-05,51.24,51.15,51.24,51.05,2999
2015-06-08,50.76,50.6894,50.76,50.66,1486
2015-06-09,50.53,50.62,50.65,50.52,133777
2015-06-10,51.132,51.1575,51.1575,51.132,800
2015-06-11,51.4495,51.41,51.4495,51.41,303
2015-06-15,50.8595,50.8601,50.8601,50.8595,469
2015-06-16,50.88,51.0301,51.0301,50.88,717
2015-06-17,51.26,51.23,51.31,51.22,1000
2015-06-18,51.7,51.7501,51.7501,51.7,300
2015-06-19,51.49,51.38,51.49,51.38,2200
2015-06-22,51.77,51.76,51.77,51.6704,1421
2015-06-23,51.6878,51.6878,51.6878,51.6878,234
2015-06-24,51.54,51.27,51.64,51.27,7317
2015-06-25,51.35,51.13,51.36,51.13,2526
2015-06-26,51.14,51.05,51.14,51.05,2168
2015-06-29,50.5654,49.95,50.645,49.95,1603
2015-07-01,50.6001,50.33,50.6001,50.33,2903
2015-07-02,50.441,50.35,50.441,50.34,2765
2015-07-06,50.2384,50.1566,50.2384,50.1566,298
2015-07-07,49.85,50.54,50.54,49.75,1544
2015-07-09,50.0335,50.0335,50.0335,50.0335,109
2015-07-10,50.33,50.33,50.33,50.33,305
2015-07-13,50.6,50.83,50.83,50.6,1182
2015-07-15,50.9205,50.8813,50.9205,50.8813,320
2015-07-16,51.02,51.16,51.16,51.02,2238
2015-07-17,50.819,50.82,50.82,50.819,550
2015-07-20,50.842,50.91,50.96,50.842,1313
2015-07-21,50.7279,50.6006,50.7279,50.57,1647
2015-07-22,50.58,50.6124,50.6124,50.58,1040
2015-07-24,50.17,50.151,50.17,50.151,501
2015-07-27,49.43,49.43,49.43,49.43,120
2015-07-29,50.31,50.31,50.31,50.31,226
2015-07-30,50.3514,50.3258,50.3514,50.3258,349
2015-07-31,50.4601,50.4047,50.484,50.4047,1409
2015-08-03,50.0,49.98,50.011,49.98,682
2015-08-04,50.25,50.07,50.25,50.07,452
2015-08-06,49.2701,49.2701,49.2701,49.2701,347
2015-08-10,50.0004,50.0004,50.0004,50.0004,286
2015-08-11,49.5338,49.5338,49.5338,49.5338,375
2015-08-12,49.0999,49.0999,49.0999,49.0999,215
2015-08-13,49.6301,49.6301,49.6301,49.6301,224
2015-08-17,49.904,49.99,49.99,49.904,1102
2015-08-18,50.0,50.0,50.0,50.0,15500
2015-08-19,49.88,49.57,49.88,49.2801,1931
2015-08-20,48.7,48.71,48.71,48.364,13884
2015-08-21,47.99,47.0601,47.99,47.06,2436
2015-08-24,46.19,45.4199,46.19,40.75,10607
2015-08-25,45.98,44.91,46.05,44.91,8441
2015-08-26,45.34,45.5201,45.58,45.2081,1995
2015-08-27,46.89,47.0695,47.07,46.89,1842
2015-08-28,47.25,47.21,47.42,47.13,6738
2015-09-01,45.65,45.67,45.67,45.65,568
2015-09-02,46.215,46.3157,46.3157,46.215,744
2015-09-08,46.97,47.13,47.13,46.97,2597
2015-09-09,47.0927,46.7227,47.0927,46.7,1148
2015-09-10,46.9055,46.9055,46.9055,46.9055,352
2015-09-11,46.8472,46.8727,46.8727,46.8472,516
2015-09-15,47.074,47.1005,47.1005,47.074,510
2015-09-16,47.6596,47.6596,47.6596,47.6596,117
2015-09-17,47.71,47.7,47.71,47.6999,1793
2015-09-18,46.47,46.48,46.6806,46.47,985
2015-09-22,45.65,45.71,45.74,45.65,1065
2015-09-23,45.85,45.85,45.85,45.85,128
2015-09-24,45.2199,45.2199,45.2199,45.2199,529
2015-09-25,45.64,45.8604,45.8604,45.6305,7441
2015-09-28,44.495,44.4201,44.495,44.4201,2936
2015-09-29,44.39,44.39,44.39,44.39,163
2015-09-30,44.84,44.98,44.98,44.48,108163
2015-10-01,44.92,44.85,44.92,44.85,304
2015-10-06,46.58,46.71,46.75,46.55,6830
2015-10-07,46.96,47.11,47.11,46.96,410
2015-10-08,47.48,47.48,47.48,47.48,1068
2015-10-09,47.6093,47.75,47.75,47.6093,323
2015-10-12,47.6927,47.68,47.6928,47.68,898
2015-10-13,47.45,47.45,47.45,47.45,491
2015-10-14,47.1816,47.2,47.2,47.1745,555
2015-10-15,47.1901,47.2248,47.2248,47.1901,1341
2015-10-16,47.59,47.75,47.75,47.59,4114
2015-10-19,47.8,47.79,47.8,47.79,2326
2015-10-20,47.79,47.78,47.79,47.78,213
2015-10-21,47.7648,47.67,47.7648,47.67,1087
2015-10-22,48.24,48.42,48.45,48.2,66256
2015-10-23,48.647,48.6984,48.705,48.5301,2219
2015-10-26,48.67,48.65,48.67,48.6,598
2015-10-27,48.3101,48.32,48.32,48.31,1100
2015-10-28,48.7401,48.85,48.85,48.7401,557
2015-10-30,49.175,49.2058,49.42,49.175,440
2015-11-04,49.65,49.55,49.65,49.55,456
2015-11-05,49.49,49.44,49.49,49.25,2537
2015-11-06,49.5,49.5899,49.5899,49.47,3105
2015-11-09,49.0,49.18,49.18,48.9,12169
2015-11-10,48.94,49.09,49.13,48.94,3697
2015-11-11,48.869,48.869,48.869,48.869,501
2015-11-12,48.61,48.17,48.61,48.17,1400
2015-11-13,47.98,47.745,47.98,47.58,926
2015-11-16,47.8506,47.8506,47.8506,47.8506,111
2015-11-17,48.0401,48.0675,48.0675,48.0401,1465
2015-11-18,48.04,48.54,48.54,48.04,2598
2015-11-19,48.5301,48.5301,48.5301,48.5301,1008
2015-11-24,48.83,48.84,48.88,48.83,801
2015-11-25,48.9791,48.9791,48.9791,48.9791,205
2015-11-27,48.93,48.87,48.93,48.87,402
2015-12-01,49.21,49.21,49.21,49.21,402
2015-12-02,48.66,48.69,48.69,48.66,2821
2015-12-03,48.54,47.97,48.54,47.92,7342
2015-12-04,48.071,48.071,48.071,48.07,500
2015-12-07,48.66,48.3825,48.66,48.3,1751
2015-12-08,47.946,47.946,47.946,47.946,175
2015-12-09,48.29,48.29,48.29,48.29,375
2015-12-10,47.62,47.79,47.79,47.51,1409
2015-12-11,46.46,46.46,46.46,46.46,270
2015-12-14,46.27,46.224,46.62,46.0197,7157
2015-12-15,46.93,46.77,46.9393,46.77,5221
2015-12-16,46.99,47.4975,47.4975,46.9826,1729
2015-12-17,47.4975,47.4975,47.4975,47.4975,0
2015-12-18,45.61,45.33,45.61,45.33,9588
2015-12-21,45.28,45.32,45.32,45.28,309
2015-12-22,45.6199,45.9032,45.9032,45.6199,490
2015-12-23,46.22,46.63,46.63,46.22,3758
2015-12-24,46.6045,46.71,46.71,46.6045,1476
2015-12-28,46.3,46.3,46.3,46.3,101
2015-12-29,46.66,46.7815,46.7815,46.66,1165
2015-12-30,46.6,46.4985,46.6,46.4985,2300
2015-12-31,46.1533,46.18,46.18,46.1533,951
2016-01-04,45.094,45.23,45.23,45.094,692
2016-01-05,45.503,45.3599,45.503,45.3599,500
2016-01-06,44.55,44.23,44.55,44.23,250
2016-01-07,43.7201,43.6,43.9995,43.6,1201
2016-01-08,43.5547,43.02,43.5547,43.02,550
2016-01-11,43.02,43.02,43.02,43.02,0
2016-01-12,43.43,43.2495,43.43,43.2495,1774
2016-01-13,42.14,42.128,42.28,42.128,1358
2016-01-14,42.12,42.5945,42.5945,42.12,612
2016-01-15,42.5945,42.5945,42.5945,42.5945,0
2016-01-19,41.92,41.92,41.92,41.92,402
2016-01-20,40.461,41.46,41.46,40.32,1117
2016-01-21,41.42,41.59,41.59,41.42,227
2016-01-22,42.15,42.19,42.19,42.15,375
2016-01-25,42.19,42.19,42.19,42.19,0
2016-01-26,42.1375,42.23,42.23,42.1375,551
2016-01-27,42.5137,42.5137,42.5137,42.5137,171
2016-01-28,41.6542,41.59,41.6542,41.59,376
2016-01-29,42.1738,42.1738,42.1738,42.1738,340
2016-02-01,42.1738,42.1738,42.1738,42.1738,0
2016-02-02,41.7601,41.76,41.7601,41.76,203
2016-02-03,41.423,42.09,42.09,41.42,1350
2016-02-04,42.09,42.09,42.09,42.09,0
2016-02-05,42.09,42.09,42.09,42.09,115
2016-02-08,42.09,42.09,42.09,42.09,0
2016-02-09,41.01,40.95,41.1,40.755,93268
2016-02-10,41.18,41.2899,41.2899,41.18,901
2016-02-11,40.067,40.0492,40.07,40.047,11969
2016-02-12,40.95,40.95,40.95,40.95,1921
2016-02-16,42.143,42.1132,42.143,42.1132,1069
2016-02-17,43.03,43.055,43.055,43.03,633
2016-02-18,42.94,42.9724,43.0594,42.94,1496
2016-02-19,42.9724,42.9724,42.9724,42.9724,0
2016-02-22,42.9724,42.9724,42.9724,42.9724,0
2016-02-23,40.92,43.28,43.28,40.92,769
2016-02-24,43.0,42.7399,43.0,42.7399,283
2016-02-25,42.7399,42.7399,42.7399,42.7399,0
2016-02-26,42.7399,42.7399,42.7399,42.7399,0
2016-02-29,NaN,42.7399,NaN,NaN,0
2016-03-01,42.966,44.923,44.923,42.966,5666
2016-03-02,44.923,44.923,44.923,44.923,0
2016-03-03,45.0795,45.18,45.18,45.0795,323
2016-03-04,45.7,45.76,45.7,45.7,1807
2016-03-07,45.76,45.76,45.76,45.76,86
2016-03-08,45.65,45.44,45.69,45.65,767
2016-03-09,45.6946,45.792,45.792,45.6946,622
2016-03-10,45.97,45.66,45.98,45.66,1004
2016-03-11,45.66,45.66,45.66,45.66,0
2016-03-14,45.66,45.66,45.66,45.66,60
2016-03-15,45.66,46.1104,45.66,45.66,200
2016-03-16,46.49,46.49,46.49,46.49,651
2016-03-17,46.49,46.31,46.49,46.49,61
2016-03-18,47.15,47.1199,47.15,47.088,938
2016-03-21,NaN,47.1199,NaN,NaN,97
2016-03-22,NaN,47.1199,NaN,NaN,55
2016-03-23,46.7,46.6747,46.7,46.6747,343
2016-03-24,46.14,46.34,46.34,46.13,39378
2016-03-28,46.4801,46.4801,46.4801,46.4801,100
2016-03-29,46.4801,46.4801,46.4801,46.4801,0
2016-03-30,47.0101,47.0101,47.0101,47.0101,110
2016-03-31,47.0101,47.0101,47.0101,47.0101,0
2016-04-01,47.0101,47.0101,47.0101,47.0101,0
2016-04-04,47.0101,47.0101,47.0101,47.0101,1
2016-04-05,47.0101,46.3636,47.0101,47.0101,250
2016-04-06,46.3636,46.3636,46.3636,46.3636,2
2016-04-07,46.3636,46.3636,46.3636,46.3636,0
2016-04-08,46.3636,46.3636,46.3636,46.3636,0
2016-04-11,46.3636,46.3636,46.3636,46.3636,0
2016-04-12,46.2101,46.2101,46.2101,46.2101,151
2016-04-13,46.9404,46.952,46.952,46.9404,201
2016-04-14,46.952,46.952,46.952,46.952,0
2016-04-15,46.952,46.952,46.952,46.952,0
2016-04-18,46.81,46.98,47.0,46.81,2075
2016-04-19,46.98,46.98,46.98,46.98,0
2016-04-20,47.44,47.44,47.44,47.44,120
2016-04-21,47.21,47.245,47.34,47.2,8681
2016-04-22,47.15,47.2501,47.2501,47.15,2601
2016-04-25,47.0,46.97,47.0095,46.97,1099
2016-04-26,47.325,47.325,47.325,47.325,110
2016-04-27,47.42,47.8299,47.8299,47.35,1894
2016-04-28,47.8299,47.8299,47.8299,47.8299,0
2016-04-29,46.27,46.54,46.54,46.27,200
2016-05-02,46.52,46.52,46.52,46.52,860
2016-05-03,46.52,46.52,46.52,46.52,0
2016-05-04,46.0796,46.0656,46.0796,46.0656,200
2016-05-05,46.0656,46.0656,46.0656,46.0656,0
2016-05-06,46.0656,46.0656,46.0656,46.0656,0
2016-05-09,46.0656,46.0656,46.0656,46.0656,0
2016-05-10,46.46,46.46,46.46,46.46,100
2016-05-11,46.46,46.46,46.46,46.46,0
2016-05-12,46.46,46.46,46.46,46.46,0
2016-05-13,45.71,45.3,45.723,45.26,1505
2016-05-16,45.6404,45.6404,45.6404,45.6404,500
2016-05-17,45.6404,45.6404,45.6404,45.6404,0
2016-05-18,45.36,45.36,45.36,45.36,400
2016-05-19,45.36,45.36,45.36,45.36,0
2016-05-20,45.7104,45.64,45.7104,45.64,450
2016-05-23,45.64,45.64,45.64,45.64,8
2016-05-24,46.0,46.2801,46.3,46.0,689
2016-05-25,46.2801,46.2801,46.2801,46.2801,0
2016-05-26,46.596,46.596,46.596,46.596,101
2016-05-27,46.596,46.596,46.596,46.596,0
2016-05-31,46.97,46.9701,46.99,46.97,400
2016-06-01,47.09,46.81,47.09,46.81,312
2016-06-02,47.334,47.334,47.334,47.334,100
2016-06-03,47.334,47.334,47.334,47.334,0
2016-06-06,NaN,47.334,NaN,NaN,19
2016-06-07,47.53,47.53,47.53,47.53,319
2016-06-08,47.6702,47.6694,47.6702,47.66,701
2016-06-09,47.6694,47.6694,47.6694,47.6694,0
2016-06-10,46.84,46.84,46.84,46.84,124
2016-06-13,46.505,46.505,46.505,46.505,198
2016-06-14,46.2554,45.94,46.2554,45.94,2200
2016-06-15,46.33,46.33,46.3549,46.33,1226
2016-06-16,45.61,45.97,46.16,45.61,1164
2016-06-17,45.95,46.05,46.05,45.95,861
2016-06-20,46.7006,46.7006,46.7006,46.7006,100
2016-06-21,46.3599,46.4303,46.4303,46.35,1003
2016-06-22,46.4303,46.4303,46.4303,46.4303,0
2016-06-23,46.991,47.05,47.05,46.991,2315
2016-06-24,47.05,47.05,47.05,47.05,0
2016-06-27,44.259,43.73,44.259,43.73,556
2016-06-28,43.73,43.73,43.73,43.73,0
2016-06-29,45.23,45.3272,45.3272,45.23,1350
2016-06-30,45.75,45.9552,45.98,45.75,1249
2016-07-01,46.39,46.33,46.39,46.33,7462
2016-07-05,45.5963,45.5963,45.5963,45.5963,220
2016-07-06,45.43,45.43,45.43,45.43,2599
2016-07-07,46.3187,46.0453,46.3187,46.02,557
2016-07-08,47.0,47.0,47.0,47.0,309
2016-07-11,47.36,47.419,47.4699,47.36,1770
2016-07-12,47.53,48.0204,48.0204,47.53,1109
2016-07-13,47.985,47.94,47.985,47.94,1010
2016-07-14,47.94,47.94,47.94,47.94,0
2016-07-15,48.16,48.26,48.26,48.16,7330
2016-07-18,48.2599,48.375,48.39,48.2599,4212
2016-07-19,48.375,48.375,48.375,48.375,0
2016-07-20,48.22,48.52,48.52,48.22,770
2016-07-21,48.6901,48.6901,48.6901,48.6901,351
2016-07-22,48.7,48.7,48.7,48.7,150
2016-07-25,48.72,48.74,48.74,48.72,298
2016-07-26,48.74,48.74,48.74,48.74,0
2016-07-27,48.74,48.74,48.74,48.74,0
2016-07-28,48.6663,48.6663,48.6663,48.6663,101
2016-07-29,48.6663,48.6663,48.6663,48.6663,0
2016-08-01,48.6663,48.6663,48.6663,48.6663,0
2016-08-02,48.6663,48.6663,48.6663,48.6663,0
2016-08-03,47.8698,47.84,47.8698,47.84,1362
2016-08-04,47.84,47.84,47.84,47.84,0
2016-08-05,47.84,47.84,47.84,47.84,0
2016-08-08,48.93,48.815,48.93,48.815,1219
2016-08-09,NaN,48.815,NaN,NaN,2
2016-08-10,NaN,48.815,NaN,NaN,0
2016-08-11,49.0905,49.0905,49.0905,49.0905,100
2016-08-12,49.04,49.054,49.054,49.04,1001
2016-08-15,49.47,49.47,49.47,49.47,519
2016-08-16,NaN,49.47,NaN,NaN,8
2016-08-17,NaN,49.47,NaN,NaN,14
2016-08-18,NaN,49.47,NaN,NaN,0
2016-08-19,NaN,49.47,NaN,NaN,2
2016-08-22,49.48,49.54,49.54,49.48,346
2016-08-23,NaN,49.54,NaN,NaN,1
2016-08-24,NaN,49.54,NaN,NaN,0
2016-08-25,49.8921,49.8921,49.8921,49.8921,100
2016-08-26,NaN,49.8921,NaN,NaN,1
2016-08-29,49.6,49.75,49.75,49.6,1031
2016-08-30,NaN,49.75,NaN,NaN,45
2016-08-31,49.87,49.7,49.87,49.7,1540
2016-09-01,49.62,49.62,49.62,49.62,301
2016-09-02,NaN,49.62,NaN,NaN,1
2016-09-06,49.834,49.834,49.834,49.834,502
2016-09-07,49.99,49.9872,49.99,49.9872,620
2016-09-08,50.04,49.9485,50.0404,49.94,2451
2016-09-09,49.5,49.32,49.5,49.32,3470
2016-09-12,48.929,49.3659,49.3659,48.929,493
2016-09-13,48.55,48.616,48.78,48.55,14122
2016-09-14,48.4599,48.4496,48.4599,48.4496,817
2016-09-15,48.56,48.37,48.56,48.56,1004
2016-09-16,NaN,48.37,NaN,NaN,1
2016-09-21,48.69,49.15,49.15,48.69,772
2016-09-22,49.56,49.4,49.56,49.4,697
2016-09-23,49.3808,49.31,49.3808,49.31,1675
2016-09-26,NaN,49.31,NaN,NaN,49
2016-09-27,48.83,48.83,48.83,48.83,589
2016-09-28,NaN,48.83,NaN,NaN,9
2016-09-30,49.62,49.64,49.66,49.62,728
2016-10-03,NaN,49.64,NaN,NaN,79
2016-10-04,NaN,49.64,NaN,NaN,24
2016-10-05,49.61,49.63,49.68,49.53,4471
2016-10-07,49.4592,49.4592,49.4592,49.4592,421
2016-10-10,49.6663,49.6663,49.6663,49.6663,488
2016-10-11,NaN,49.6663,NaN,NaN,7
2016-10-12,NaN,49.6663,NaN,NaN,4
2016-10-13,48.0401,48.0401,48.0401,48.0401,735
2016-10-14,NaN,48.0401,NaN,NaN,11
2016-10-17,48.77,48.63,48.77,48.63,485
2016-10-18,NaN,48.63,NaN,NaN,44
2016-10-19,NaN,48.63,NaN,NaN,2
2016-10-20,NaN,48.63,NaN,NaN,26
2016-10-21,NaN,48.63,NaN,NaN,21
2016-10-24,NaN,48.63,NaN,NaN,3
2016-10-25,48.8601,48.8601,48.8601,48.8601,120
2016-10-26,NaN,48.8601,NaN,NaN,12
2016-10-27,48.555,48.555,48.555,48.555,201
2016-10-28,NaN,48.555,NaN,NaN,1
2016-10-31,48.56,48.56,48.56,48.56,7000
2016-11-01,NaN,48.56,NaN,NaN,2
2016-11-02,NaN,48.56,NaN,NaN,4
2016-11-03,48.24,48.24,48.24,48.24,259
2016-11-04,NaN,48.24,NaN,NaN,25
2016-11-07,NaN,48.24,NaN,NaN,69
2016-11-08,NaN,48.24,NaN,NaN,10
2016-11-09,NaN,48.24,NaN,NaN,8
2016-11-10,50.43,50.6789,50.7891,50.3636,761
2016-11-11,50.75,50.9464,50.9464,50.75,2549
2016-11-14,51.65,51.65,51.65,51.5626,1503
2016-11-15,51.57,51.5,51.57,51.5,501
2016-11-16,51.59,51.59,51.59,51.59,103
2016-11-17,NaN,51.59,NaN,NaN,44
2016-11-18,51.99,51.9928,51.9928,51.99,290
2016-11-21,52.2077,52.1962,52.2077,52.1962,289
2016-11-22,52.315,52.4155,52.5233,52.315,3823
2016-11-23,NaN,52.4155,NaN,NaN,3
2016-11-25,52.8899,52.863,52.8899,52.863,300
2016-11-28,52.52,52.41,52.52,52.303,1256
2016-11-29,NaN,52.41,NaN,NaN,45
2016-12-01,52.28,52.1999,52.28,52.1999,1022
2016-12-02,52.2,52.2,52.2,52.2,561
2016-12-05,52.6,52.53,52.6534,52.485,2261
2016-12-06,52.5012,52.818,52.818,52.5012,513
2016-12-07,52.9,53.71,53.71,52.9,5722
2016-12-08,54.0,54.246,54.246,53.92,1542
2016-12-09,NaN,54.246,NaN,NaN,132
2016-12-12,54.28,53.5246,54.28,53.4761,2854
2016-12-13,53.77,53.825,53.998,53.68,9853
2016-12-14,53.91,53.44,53.95,53.4154,11455
2016-12-15,53.77,53.5752,53.99,53.61,11631
2016-12-16,53.55,53.19,53.63,53.19,3080
2016-12-19,53.36,53.38,53.38,53.36,550
2016-12-20,53.69,53.67,53.7053,53.6332,964
2016-12-21,53.68,53.74,53.74,53.6449,1110
2016-12-22,53.41,53.1,53.41,53.1,2595
2016-12-23,53.02,53.22,53.22,53.02,1321
2016-12-27,53.47,53.49,53.49,53.47,610
2016-12-28,53.0,52.79,53.0,52.79,647
2016-12-29,NaN,52.79,NaN,NaN,4
2016-12-30,52.4954,52.435,52.5,52.435,11870
2017-01-03,52.57,52.542,52.6395,52.54,5928
2017-01-04,NaN,52.542,NaN,NaN,35
2017-01-05,53.0499,52.98,53.0499,52.98,278
2017-01-06,53.1367,53.1367,53.1367,53.1367,153
2017-01-09,53.0295,53.0295,53.0295,53.0295,190
2017-01-10,53.06,53.06,53.06,53.06,150
2017-01-12,52.6197,52.95,52.95,52.5694,2176
2017-01-13,53.1448,53.1,53.1448,53.1,464
2017-01-17,53.23,53.04,53.23,53.04,430
2017-01-18,NaN,53.04,NaN,NaN,7
2017-01-19,NaN,53.04,NaN,NaN,1
2017-01-20,52.95,52.9823,52.9823,52.95,361
2017-01-23,NaN,52.9823,NaN,NaN,4
2017-01-24,53.044,53.4144,53.47,53.044,747
2017-01-25,53.6719,53.7856,53.7856,53.6201,1243
2017-01-26,53.85,53.9,53.9,53.85,853
2017-01-27,53.55,53.55,53.55,53.55,151
2017-01-30,53.0,53.0,53.0,53.0,313
2017-01-31,52.98,52.95,52.98,52.95,727
2017-02-01,53.5078,53.15,53.5078,53.0267,1027
2017-02-02,53.0896,53.189,53.2551,53.0896,1216
2017-02-03,53.7,53.7072,53.7467,53.68,2529
2017-02-06,53.68,53.55,53.7407,53.55,1458
2017-02-07,53.7104,53.5582,53.7104,53.5582,1422
2017-02-08,53.64,53.5853,53.64,53.44,501
2017-02-09,NaN,53.5853,NaN,NaN,50
2017-02-10,54.0851,54.254,54.26,54.0851,1230
2017-02-13,54.51,54.41,54.51,54.41,1377
2017-02-14,54.43,54.66,54.7,54.42,2319
2017-02-15,NaN,54.66,NaN,NaN,2
2017-02-16,55.1169,54.742,55.1169,54.74,2079
2017-02-17,54.9299,54.9299,54.9299,54.9299,220
2017-02-21,55.3809,55.4315,55.4315,55.221,438
2017-02-22,55.3197,55.296,55.3197,55.25,1003
2017-02-23,55.13,55.0234,55.15,55.0234,631
2017-02-24,54.97,54.98,54.98,54.97,557
2017-02-27,54.98,54.98,54.98,54.98,177
2017-02-28,54.85,54.767,54.85,54.767,3269
2017-03-01,NaN,54.767,NaN,NaN,159
2017-03-02,55.67,55.4647,55.67,55.4647,480
2017-03-03,55.47,55.2883,55.47,55.17,2105
2017-03-06,55.15,54.9099,55.15,54.8778,536
2017-03-07,NaN,54.9099,NaN,NaN,4
2017-03-08,54.89,55.062,55.062,54.89,1294
2017-03-09,54.73,54.886,54.886,54.73,784
2017-03-10,54.9734,54.9477,54.9734,54.88,1198
2017-03-13,55.06,55.06,55.06,55.06,353
2017-03-14,55.11,55.11,55.11,55.11,1198
2017-03-15,54.9294,54.97,54.97,54.9101,2246
2017-03-16,55.0,55.0224,55.42,55.0,14009
2017-03-17,55.22,55.126,55.22,54.96,8180
2017-03-20,54.8301,54.8301,54.85,54.8301,530
2017-03-21,NaN,54.8301,NaN,NaN,229
2017-03-22,53.6614,53.8306,53.8306,53.6614,2340
2017-03-23,54.3645,54.3645,54.3645,54.3645,264
2017-03-24,53.8667,54.0,54.0,53.8175,1331
2017-03-27,NaN,54.0,NaN,NaN,34
2017-03-28,54.1168,54.5662,54.5662,54.1168,1435
2017-03-29,NaN,54.5662,NaN,NaN,93
2017-03-30,54.69,54.75,54.75,54.69,423
2017-03-31,54.95,54.86,54.95,54.7406,750
2017-04-03,54.9,54.9,54.9,54.9,379
2017-04-04,54.2452,54.1571,54.2452,54.1289,2577
2017-04-05,54.6799,54.6799,54.6799,54.6799,2092
2017-04-10,54.45,54.5449,54.5449,54.45,436
2017-04-11,NaN,54.5449,NaN,NaN,6
2017-04-12,54.35,54.13,54.35,54.0788,915
2017-04-13,NaN,54.13,NaN,NaN,119
2017-04-17,53.9107,53.89,53.9107,53.87,6878
2017-04-18,53.8993,53.8993,53.8993,53.8993,215
2017-04-19,NaN,53.8993,NaN,NaN,2
2017-04-20,54.2376,54.678,54.686,54.2376,1249
2017-04-21,54.52,54.24,54.52,54.24,3014
2017-04-24,54.74,54.8981,54.97,54.74,846
2017-04-25,55.1207,55.25,55.25,55.1207,881
2017-04-26,55.5505,55.54,55.5505,55.54,543
2017-04-27,55.2325,55.2325,55.2325,55.2325,101
2017-04-28,54.9399,54.9399,54.9399,54.9399,196
2017-05-01,NaN,54.9399,NaN,NaN,3
2017-05-02,55.11,55.11,55.11,55.11,156
2017-05-03,54.8877,54.8877,54.8877,54.8877,256
2017-05-04,55.28,55.28,55.28,55.28,110
2017-05-05,55.1962,55.25,55.25,55.1962,20046
2017-05-08,NaN,55.25,NaN,NaN,2
2017-05-09,55.39,55.33,55.44,55.3,1265
2017-05-10,55.3,55.55,55.55,55.3,719
2017-05-11,55.27,55.2858,55.2858,55.27,273
2017-05-12,54.87,54.8602,54.87,54.8602,637
2017-05-15,55.11,55.27,55.27,55.11,668
2017-05-16,55.0453,55.0453,55.0453,55.0453,325
2017-05-17,54.38,53.9069,54.38,53.9069,496
2017-05-18,53.97,54.12,54.26,53.97,619
2017-05-19,54.34,54.63,54.63,54.34,998
2017-05-22,54.6632,54.81,54.81,54.6632,305
2017-05-23,NaN,54.81,NaN,NaN,75
2017-05-24,54.6052,54.692,54.692,54.6052,314
2017-05-25,NaN,54.692,NaN,NaN,1
2017-05-26,55.1932,55.1932,55.1932,55.1932,150
2017-05-30,55.16,55.03,55.16,55.03,315
2017-05-31,54.93,54.93,54.93,54.93,306
2017-06-01,55.32,55.7186,55.78,55.32,787
2017-06-02,55.74,55.74,55.74,55.7102,707
2017-06-05,55.54,55.5913,55.5913,55.54,809
2017-06-06,55.22,55.22,55.22,55.22,101
2017-06-07,55.11,55.265,55.3396,55.11,660
2017-06-08,55.5,55.314,55.565,55.31,1017
2017-06-09,55.6,55.57,55.87,55.57,1174
2017-06-12,NaN,55.57,NaN,NaN,19
2017-06-13,56.079,56.079,56.079,56.079,102
2017-06-14,NaN,56.079,NaN,NaN,2
2017-06-15,55.935,55.769111,55.935,55.935,270
2017-06-16,55.645,55.645,55.645,55.645,126
2017-06-19,NaN,55.645,NaN,NaN,54
2017-06-20,55.908,55.908,55.908,55.908,179
2017-06-21,NaN,55.908,NaN,NaN,92
2017-06-22,NaN,55.908,NaN,NaN,3
2017-06-23,55.5533,55.5533,55.5533,55.5533,246
2017-06-26,55.98,55.8481,55.98,55.8481,219
2017-06-27,NaN,55.8481,NaN,NaN,142
2017-06-28,56.3024,56.268,56.3024,56.268,545
2017-06-29,55.946,55.938,55.946,55.938,227
2017-06-30,NaN,55.938,NaN,NaN,11
2017-07-03,NaN,55.938,NaN,NaN,75
2017-07-05,56.1887,56.1887,56.1887,56.1887,132
2017-07-06,NaN,56.1887,NaN,NaN,6
2017-07-07,56.05,56.05,56.05,56.05,183
2017-07-10,55.97,55.9,55.97,55.86,405
2017-07-11,55.765,55.7213,55.765,55.598,780
2017-07-12,NaN,55.7213,NaN,NaN,33
2017-07-13,51.33,51.33,51.33,51.33,321
2017-07-14,56.5,56.4823,56.5,56.4823,447
2017-07-17,56.7,56.7543,56.7543,56.7,405
2017-07-18,56.3658,56.3658,56.3658,56.3658,221
2017-07-19,56.79,56.79,56.79,56.79,583
2017-07-20,56.89,56.4904,56.89,56.4904,348
2017-07-21,56.58,56.585,56.59,56.58,485
2017-07-24,NaN,56.585,NaN,NaN,4
2017-07-25,56.87,56.86,56.87,56.86,203
2017-07-26,57.05,57.0534,57.0535,57.05,1014
2017-07-28,NaN,57.0534,NaN,NaN,3
2017-07-31,56.9499,56.9499,56.9499,56.9499,535
2017-08-01,56.91,57.07,57.07,56.91,569
2017-08-02,NaN,57.07,NaN,NaN,11
2017-08-03,56.99,56.9066,56.99,56.9066,558
2017-08-04,57.08,57.0,57.08,57.0,1133
2017-08-07,NaN,57.0,NaN,NaN,18
2017-08-08,57.27,57.1,57.27,57.03,730
2017-08-09,NaN,57.1,NaN,NaN,103
2017-08-10,56.39,55.96,56.39,55.96,920
2017-08-11,55.915,55.915,55.915,55.915,351
2017-08-14,56.42,56.429,56.429,56.4,1468
2017-08-15,56.415,56.4958,56.4958,56.415,754
2017-08-16,56.33,56.55,56.55,56.33,444
2017-08-17,NaN,56.55,NaN,NaN,95
2017-08-18,NaN,56.55,NaN,NaN,17
2017-08-21,NaN,56.55,NaN,NaN,12
2017-08-22,55.62,55.62,55.62,55.62,219
2017-08-23,NaN,55.62,NaN,NaN,71
2017-08-24,NaN,55.62,NaN,NaN,92
2017-08-25,NaN,55.62,NaN,NaN,3
2017-08-28,NaN,55.62,NaN,NaN,219
2017-08-29,NaN,55.62,NaN,NaN,26
2017-08-30,55.71,55.63,55.71,55.63,381
2017-08-31,55.9,55.98,55.98,55.9,3004
2017-09-01,NaN,55.98,NaN,NaN,60
2017-09-05,56.28,55.56,56.28,55.44,1641
2017-09-06,NaN,55.56,NaN,NaN,2
2017-09-07,NaN,55.56,NaN,NaN,60
2017-09-11,56.41,56.4812,56.4812,56.41,310
2017-09-12,NaN,56.4812,NaN,NaN,122
2017-09-13,56.9661,56.9456,56.9661,56.93,408
2017-09-14,NaN,56.771157,NaN,NaN,61
2017-09-15,NaN,56.771157,NaN,NaN,122
2017-09-18,56.8297,56.8297,56.8297,56.8297,106
2017-09-19,56.76,56.735,56.76,56.735,270
2017-09-20,NaN,56.735,NaN,NaN,61
2017-09-21,56.9153,56.9153,56.9153,56.9153,201
2017-09-22,NaN,56.9153,NaN,NaN,3
2017-09-25,57.29,57.015,57.29,57.015,702
2017-09-26,57.4,57.34,58.55,57.23,10698
2017-09-27,57.355,57.5271,57.5271,57.355,1501
2017-09-28,NaN,57.5271,NaN,NaN,19
2017-09-29,57.91,57.91,57.91,57.91,135
2017-10-02,58.2,58.2,58.2,58.2,411
2017-10-03,NaN,58.2,NaN,NaN,1
2017-10-04,58.14,58.25,58.4538,58.14,1166
2017-10-05,58.19,58.19,58.19,58.19,300
2017-10-06,58.3908,58.3701,58.3908,58.37,1872
2017-10-09,NaN,58.3701,NaN,NaN,2
2017-10-10,58.02,58.2,58.455,58.02,3532
2017-10-11,NaN,58.2,NaN,NaN,2
2017-10-12,58.1653,58.1653,58.1653,58.1653,311
2017-10-13,58.22,58.23,58.23,58.22,514
2017-10-16,58.37,58.25,58.37,58.25,802
2017-10-17,58.241,58.35,58.35,58.241,388
2017-10-18,58.586,58.578,58.5965,58.578,1589
2017-10-19,58.22,58.4517,58.4539,58.14,857
2017-10-20,59.12,59.05,59.2077,59.045,699
2017-10-23,59.52,59.1291,59.52,59.1287,1362
2017-10-24,NaN,59.1291,NaN,NaN,108
2017-10-25,NaN,59.1291,NaN,NaN,197
2017-10-27,58.835,58.835,58.835,58.835,117
2017-10-30,58.803,58.803,58.803,58.803,373
2017-10-31,58.8129,58.8129,58.8129,58.8129,116
2017-11-01,NaN,58.8129,NaN,NaN,10
2017-11-02,58.781,58.781,58.781,58.781,110
2017-11-03,58.791,58.83,58.83,58.791,611
2017-11-06,59.11,59.11,59.11,59.11,102
2017-11-07,59.0,58.74,59.0,58.74,341
2017-11-08,58.77,58.77,58.77,58.77,505
2017-11-09,58.36,58.36,58.36,58.36,374
2017-11-10,NaN,58.36,NaN,NaN,2
2017-11-13,58.59,58.59,58.59,58.59,413
2017-11-14,58.6,58.6,58.6,58.5456,543
2017-11-15,58.5512,58.5,58.5512,58.5,614
2017-11-16,59.0657,59.141,59.141,59.0657,894
2017-11-17,59.2572,59.2572,59.2572,59.2572,309
2017-11-20,NaN,59.2572,NaN,NaN,11
2017-11-21,59.3702,59.3795,59.3795,59.3702,549
2017-11-22,NaN,59.3795,NaN,NaN,36
2017-11-24,59.3,59.305,59.305,59.3,207
2017-11-27,59.3,59.3,59.3,59.3,182
2017-11-28,59.89,59.89,59.89,59.89,268
2017-11-29,60.5,60.751,60.78,60.5,790
2017-11-30,NaN,60.751,NaN,NaN,217
2017-12-01,NaN,60.751,NaN,NaN,68
2017-12-04,61.92,61.995,62.15,61.92,1894
2017-12-05,61.455,61.455,61.455,61.455,205
2017-12-06,61.395,61.395,61.395,61.395,115
2017-12-07,NaN,61.395,NaN,NaN,37
2017-12-08,62.03,62.1839,62.1839,61.88,1098
2017-12-11,62.28,62.13,62.28,62.07,1528
2017-12-12,62.3,62.4081,62.42,62.3,32463
2017-12-13,62.52,62.1947,62.52,62.1947,1763
2017-12-14,62.07,62.0968,62.23,62.07,919
2017-12-15,61.57,61.8904,61.93,61.4734,4072
2017-12-18,62.3,62.35,62.48,62.3,4733
2017-12-19,62.77,62.39,62.77,62.36,2900
2017-12-20,62.39,62.3962,62.41,62.27,2715
2017-12-21,62.65,62.6315,62.66,62.62,1249
2017-12-22,62.81,62.48,62.81,62.34,2672
2017-12-26,62.74,62.56,62.74,62.515,3337
2017-12-27,62.82,62.4699,62.82,62.4699,857
2017-12-28,62.75,62.54,62.75,62.47,928
2017-12-29,62.59,62.35,62.59,62.35,986
2018-01-02,62.67,62.6853,62.6853,62.615,751
2018-01-03,63.93,62.97,63.93,62.77,1651
2018-01-04,62.88,63.27,63.301,62.88,6780
2018-01-05,63.72,63.73,63.73,63.41,3432
2018-01-08,63.8,63.9442,63.9442,63.6997,2790
2018-01-09,64.2198,64.33,64.41,64.2198,736
2018-01-10,64.6,64.45,64.62,64.45,1313
2018-01-11,64.8212,65.1,65.1,64.74,3883
2018-01-12,65.55,65.95,65.95,65.5067,11594
2018-01-16,66.22,65.55,66.22,65.28,3766
2018-01-17,65.94,66.1,66.1398,65.61,2974
2018-01-18,65.97,66.01,66.15,65.97,8353
2018-01-19,65.93,66.62,66.62,65.93,1666
2018-01-22,66.43,67.0612,67.0612,66.43,12027
2018-01-23,67.17,67.38,67.38,66.9642,3240
2018-01-24,67.38,67.26,67.65,67.11,42654
2018-01-25,67.3168,66.9406,67.3168,66.8699,7760
2018-01-26,67.16,67.47,67.47,67.16,729
2018-01-29,67.8,67.48,67.8,67.48,2821
2018-01-30,66.97,66.3866,66.97,66.3866,4545
2018-01-31,66.94,66.4,66.96,66.4,3415
2018-02-01,66.13,66.234,66.234,66.13,803
2018-02-02,65.95,65.14,65.95,65.0,4772
2018-02-05,64.34,62.3586,64.8952,62.24,17718
2018-02-06,60.81,63.25,63.51,60.81,12859
2018-02-07,63.05,63.85,64.2754,63.05,5046
2018-02-08,63.18,61.69,63.3944,61.69,10046
2018-02-09,61.25,61.69,62.13,59.94,6506
2018-02-12,62.45,62.5954,62.84,61.98,11069
2018-02-13,62.34,62.736,62.74,62.282,3330
2018-02-14,63.21,63.87,63.87,63.08,1656
2018-02-15,64.0,64.12,64.12,63.511,6829
2018-02-16,64.39,64.32,64.39,63.99,1983
2018-02-20,64.09,63.85,64.3399,63.85,3620
2018-02-21,64.36,64.33,64.69,64.33,9794
2018-02-22,63.43,63.42,64.1,63.42,2596
2018-02-23,63.95,63.99,64.0838,63.94,1443
2018-02-26,64.5,64.91,64.9893,64.5,2500
2018-02-27,65.02,64.32,65.2419,64.32,3789
2018-02-28,64.162,63.89,64.32,63.89,2462
2018-03-01,63.55,62.7219,63.6519,62.45,3775
2018-03-02,62.41,62.626,62.626,62.401,3846
2018-03-05,62.8997,63.8304,63.8304,62.8137,9136
2018-03-06,63.86,64.07,64.07,63.68,4214
2018-03-07,63.81,63.96,63.96,63.68,6377
2018-03-08,64.0975,63.8918,64.109,63.8918,6996
2018-03-09,64.5509,65.0,65.07,64.5509,2528
2018-03-12,65.47,64.95,65.47,64.853,3760
2018-03-13,65.05,64.876,65.05,64.876,1843
2018-03-14,64.84,64.15,64.84,64.02,3668
2018-03-15,64.01,63.64068,64.01,63.8184,1643
2018-03-16,63.8779,64.07,64.07,63.79,1170
2018-03-19,63.3707,63.175,63.3707,62.938,921
2018-03-20,63.5352,63.5275,63.57,63.46,2943
2018-03-21,63.4595,63.4595,63.4595,63.4595,709
2018-03-22,62.5158,62.62,62.62,62.5158,3967
2018-03-23,61.8,60.608,61.8517,60.608,6316
2018-03-26,61.04,61.94,62.0096,61.04,1263
2018-03-27,61.9152,61.44,62.326,61.44,1193
2018-03-28,60.82,61.0946,61.0946,60.82,17225
2018-03-29,61.57,61.498,61.57,61.498,645
2018-04-02,61.36,60.0999,61.36,60.0999,1972
2018-04-03,60.58,60.9333,60.955,60.58,6362
2018-04-04,60.92,61.5633,61.6024,60.92,1203
2018-04-05,62.0401,62.25,62.25,62.0401,352
2018-04-06,61.862,60.94,61.862,60.66,3769
2018-04-09,61.68,61.68,61.68,61.68,420
2018-04-10,61.17,61.77,61.77,61.17,815
2018-04-11,61.4697,61.4697,61.4697,61.4697,122
2018-04-12,62.0,62.0,62.0,62.0,191
2018-04-13,61.41,61.465,61.465,61.41,325
2018-04-16,NaN,61.465,NaN,NaN,170
2018-04-17,62.07,62.4,62.61,62.07,3542
2018-04-18,62.4,62.86,62.92,62.4,1397
2018-04-19,62.3602,62.45,62.45,62.3602,426
2018-04-20,62.49,61.9,62.49,61.9,2255
2018-04-23,62.51,62.51,62.51,62.51,331
2018-04-24,62.5,62.3058,62.5,62.275,2378
2018-04-25,61.92,61.87,61.93,61.87,408
2018-04-26,62.43,62.355,62.43,62.355,1373
2018-04-27,62.4,62.4,62.4,62.4,114
2018-04-30,62.21,62.1216,62.21,62.1216,519
2018-05-01,61.6,61.5385,61.6,61.5385,408
2018-05-02,61.84,61.57,61.9,61.57,1650
2018-05-03,61.39,61.02,61.39,61.02,537
2018-05-04,61.48,61.76,61.76,61.48,878
2018-05-07,62.0,62.0,62.0,62.0,293
2018-05-08,61.99,61.9154,62.1648,61.9154,1847
2018-05-09,62.51,62.51,62.51,62.51,109
2018-05-10,62.982,63.0,63.14,62.982,1832
2018-05-11,63.42,63.2446,63.42,63.2446,1035
2018-05-14,63.5,63.48,63.59,63.47,6191
2018-05-15,63.35,63.3406,63.35,63.22,1281
2018-05-16,63.44,63.6114,63.6959,63.44,1538
2018-05-17,NaN,63.6114,NaN,NaN,82
2018-05-18,63.41,63.47,63.51,63.41,833
2018-05-21,63.815,63.8699,63.8699,63.76,1504
2018-05-22,63.8988,63.8888,63.8988,63.88,2718
2018-05-23,63.42,63.148,63.42,63.148,307
2018-05-24,63.0,63.5,63.51,63.0,1762
2018-05-25,63.4995,63.4995,63.4995,63.4995,285
2018-05-29,62.69,62.22,62.69,62.22,911
2018-05-30,63.23,63.225,63.23,63.225,507
2018-05-31,62.85,62.62,62.95,62.611,20361
2018-06-01,63.2706,63.16,63.2706,63.16,510
2018-06-04,NaN,63.16,NaN,NaN,5
2018-06-05,63.7913,63.7913,63.7913,63.7913,2106
2018-06-06,63.9252,64.44,64.48,63.9252,2209
2018-06-07,64.5,64.49,64.5,64.49,821
2018-06-08,64.681,64.57,64.685,64.57,1404
2018-06-11,NaN,64.57,NaN,NaN,22
2018-06-12,64.9384,65.0799,65.12,64.9384,643
2018-06-13,65.0136,65.0136,65.0136,65.0136,211
2018-06-14,65.015,64.806667,65.02,65.015,492
2018-06-15,64.59,64.6729,64.6729,64.4,873
2018-06-18,64.385,64.54,64.54,64.385,793
2018-06-19,63.98,64.1,64.1,63.98,672
2018-06-20,64.81,64.707,64.81,64.515,736
2018-06-21,64.33,64.45,64.45,64.33,1014
2018-06-22,64.57,64.58,64.58,64.57,561
2018-06-25,63.6546,63.3432,63.6546,63.3432,583
2018-06-26,NaN,63.3432,NaN,NaN,63
2018-06-27,63.51,63.0,63.52,63.0,1687
2018-06-28,62.2713,62.27,62.2713,62.2235,2612
2018-06-29,63.11,62.88,63.2948,62.809,3285
2018-07-02,62.728,62.728,62.728,62.728,509
2018-07-03,62.81,62.93,63.05,62.81,1898
2018-07-05,62.865,62.884,62.884,62.8605,967
2018-07-06,63.38,63.5,63.51,63.38,3721
2018-07-09,64.2098,64.26,64.26,64.2098,234
2018-07-10,64.17,64.3831,64.4,64.17,1375
2018-07-11,NaN,64.3831,NaN,NaN,173
2018-07-12,64.05,64.16,64.16,64.05,679
2018-07-13,64.57,64.1277,64.57,64.1277,1008
2018-07-16,64.6,64.2199,64.6,64.21,3500
2018-07-17,64.5,64.59,64.59,64.462,1873
2018-07-18,64.95,65.0399,65.0399,64.71,1800
2018-07-19,66.91,64.6,66.91,64.6,1444
2018-07-20,64.65,64.5735,64.66,64.5735,729
2018-07-23,64.56,64.7106,64.7562,64.56,1445
2018-07-24,NaN,64.7106,NaN,NaN,60
2018-07-25,64.491,64.66,64.66,64.491,777
2018-07-26,65.19,65.39,65.45,65.19,5780
2018-07-27,65.71,65.022,65.71,64.99,2039
2018-07-30,65.34,65.09,65.34,65.0,19997
2018-07-31,65.33,65.33,65.445,65.26,10539
2018-08-01,65.5009,65.0594,65.5009,65.0,1903
2018-08-02,64.89,65.41,65.41,64.795,767
2018-08-03,65.593,65.685,65.699,65.593,1829
2018-08-06,65.46,65.78,65.79,65.46,910
2018-08-07,NaN,65.78,NaN,NaN,50
2018-08-08,66.01,65.8914,66.01,65.8914,2128
2018-08-09,65.982,66.0,66.0912,65.982,3868
2018-08-10,65.53,65.5,65.53,65.5,516
2018-08-13,65.5015,65.0732,65.5015,65.0,2433
2018-08-14,65.76,65.7759,65.8,65.76,1599
2018-08-15,65.66,65.23,65.66,65.0647,5556
2018-08-16,65.987,65.841,66.015,65.841,2204
2018-08-17,66.139,66.0794,66.139,66.0794,1242
2018-08-20,66.3,66.41,66.4717,66.2188,2445
2018-08-21,67.2,66.88,67.2,66.65,3684
2018-08-22,66.49,66.75,66.76,66.49,2631
2018-08-23,66.3901,66.3901,66.3901,66.3901,132
2018-08-24,66.61,66.67,66.67,66.61,1024
2018-08-27,67.44,67.26,67.44,66.98,2038
2018-08-28,68.19,67.105,68.19,67.0713,1226
2018-08-29,67.4364,67.4364,67.4364,67.4364,428
2018-08-30,67.46,66.9,67.46,66.9,2252
2018-08-31,66.99,66.8492,67.04,66.84,343784
2018-09-04,67.0,67.1,67.1,67.0,1285
2018-09-05,67.2586,67.14,67.2586,66.95,3319
2018-09-06,66.58,66.8,66.8,66.57,4400
2018-09-07,66.7418,66.5563,66.91,66.4904,8623
2018-09-10,66.7528,66.7272,66.77,66.695,9984
2018-09-11,67.04,66.8343,67.05,66.79,3437
2018-09-12,66.4972,66.63,66.6868,66.4972,1573
2018-09-13,66.9399,66.7623,66.9399,66.7623,1730
2018-09-14,67.12,67.03,67.12,66.81,6157
2018-09-17,66.8874,66.69,66.959,66.69,4611
2018-09-18,66.7971,67.1074,67.1732,66.7971,3955
2018-09-19,67.5064,67.3677,67.5064,67.325,15192
2018-09-20,67.8237,67.661677,67.91,67.7132,11038
2018-09-21,67.8245,67.86,67.86,67.8139,969
2018-09-24,67.98,67.2403,67.98,67.1904,2883
2018-09-25,67.1876,67.031,67.1876,67.031,3161
2018-09-26,67.1065,67.115,67.201,67.02,10348
2018-09-27,66.8634,66.82,67.1207,66.71,6087
2018-09-28,66.89,66.68,66.89,66.59,13972
2018-10-01,67.14,66.57,67.14,66.44,8266
2018-10-02,66.3718,66.3746,66.4243,66.3718,2520
2018-10-03,66.88,66.6459,66.9874,66.59,2741
2018-10-04,66.65,66.3374,66.65,66.0146,11722
2018-10-05,66.15,65.9,66.26,65.74,5118
2018-10-08,65.88,66.03,66.1019,65.635,1775
2018-10-09,65.712,65.59,65.712,65.59,1988
2018-10-10,65.3,63.67,65.3,63.6532,282583
2018-10-11,63.26,62.09,63.4577,62.06,35291
2018-10-12,63.29,62.22,63.34,61.9858,4165
2018-10-15,62.78,62.6792,62.78,62.55,1712
2018-10-16,62.7872,63.6,63.61,62.7872,3918
2018-10-17,63.4312,63.79,63.8961,63.4312,854
2018-10-18,63.62,62.73,63.7,62.73,1803
2018-10-19,62.76,62.6267,62.76,62.58,2169
2018-10-22,62.9,62.16,62.9,62.16,934
2018-10-23,61.43,62.01,62.01,60.6117,6441
2018-10-24,60.31,60.31,60.31,60.31,365
2018-10-25,60.8222,61.2233,61.2233,60.81,2652
2018-10-26,60.02,60.08,60.7709,59.6398,5823
2018-10-29,61.3,60.27,61.36,60.0,2969
2018-10-30,60.18,60.9727,61.0101,60.18,2468
2018-10-31,62.57,62.6,62.78,62.49,6530
2018-11-01,62.57,63.089,63.089,62.57,1824
2018-11-02,63.15,63.0349,63.25,62.535,12776
2018-11-05,63.15,63.37,63.37,63.15,1240
2018-11-06,63.5375,63.5556,63.6821,63.48,3688
2018-11-07,64.2172,64.735,64.765,64.07,28223
2018-11-08,64.56,64.6499,64.93,64.56,18310
2018-11-09,64.14,63.91,64.34,63.91,2211
2018-11-12,63.52,63.3267,63.52,63.3267,762
2018-11-13,63.17,63.14,63.48,63.14,1965
2018-11-14,63.51,62.5888,63.51,61.92,5953
2018-11-15,61.74,62.55,63.0046,61.7366,14323
2018-11-16,62.7699,62.99,63.32,62.7699,3230
2018-11-19,62.6564,62.18,62.6564,62.18,1965
2018-11-20,61.12,61.2473,61.52,60.8115,5169
2018-11-21,61.76,61.7,61.76,61.7,732
2018-11-23,61.11,61.645,61.645,61.11,1295
2018-11-26,62.25,62.3124,62.3124,62.073,8590
2018-11-27,62.36,62.38,62.38,62.13,1400
2018-11-28,62.51,63.709,63.709,62.51,824
2018-11-29,63.45,63.4752,63.49,63.345,2460
2018-11-30,63.36,63.23,63.36,63.23,2864
2018-12-03,64.35,64.42,64.42,63.99,1582
2018-12-04,64.24,62.9067,64.24,62.9067,2329
2018-12-06,61.04,61.05,61.06,60.5948,9798
2018-12-07,61.86,60.2906,62.0,60.1268,2885
2018-12-10,59.56,59.9992,60.14,58.9786,4703
2018-12-11,60.82,59.813,60.82,59.813,1202
2018-12-12,60.66,60.3376,61.041,60.3376,696
2018-12-13,60.26,59.8063,60.38,59.711,1507
2018-12-14,59.7,58.8419,59.724,58.8419,6174
2018-12-17,58.1717,57.8477,58.48,57.841,11912
2018-12-18,58.5578,57.9174,58.5578,57.58,13822
2018-12-19,58.07,56.9,59.36,56.696,14572
2018-12-20,56.64,55.4698,56.79,55.2502,15481
2018-12-21,55.43,54.6042,55.43,54.6042,2825
2018-12-24,54.01,53.4086,54.165,53.4086,2507
2018-12-26,53.36,55.8482,55.8482,53.1001,3539
2018-12-27,54.9056,56.1868,56.1868,54.9056,781
2018-12-28,56.7301,56.2658,56.7301,56.2658,12486
2018-12-31,56.52,56.79,56.87,56.37,16506
2019-01-02,56.35,56.9748,57.09,56.35,2689
2019-01-03,55.97,55.9377,56.5566,55.9377,2466
2019-01-04,57.245,57.89,58.0292,57.05,4284
2019-01-07,57.97,58.5378,58.6332,57.97,1200
2019-01-08,58.75,58.865,58.89,58.5064,651
2019-01-09,59.25,59.2995,59.43,59.03,836
2019-01-10,59.07,59.577,59.577,58.86,1836
2019-01-11,59.34,59.6685,59.6732,59.24,5474
2019-01-14,59.48,59.505,59.58,59.179,1144
2019-01-15,59.49,59.8852,60.0564,59.49,1422
2019-01-16,60.31,60.3971,60.41,60.17,2609
2019-01-17,60.27,60.7937,61.0,60.27,2238
2019-01-18,61.22,61.6257,61.6257,61.22,1571
2019-01-22,61.12,60.7272,61.1743,60.64,3266
2019-01-23,60.5406,60.8918,60.9442,60.46,3020
2019-01-24,61.2501,61.3599,61.4232,61.2501,1303
2019-01-25,62.01,62.0092,62.1465,62.0,1281
2019-01-28,61.4184,61.7811,61.81,61.4184,7527
2019-01-29,62.15,61.9214,62.15,61.86,2763
2019-01-30,61.71,62.4295,62.4295,61.71,774
2019-01-31,62.42,62.5822,62.5822,62.42,1619
2019-02-01,62.64,62.8255,62.915,62.64,656
2019-02-04,63.1899,63.2806,63.2889,63.1899,779
2019-02-05,63.5501,63.648,63.69,63.3515,2668
2019-02-06,63.56,63.6449,63.655,63.54,1000
2019-02-07,63.53,63.2569,63.53,62.87,1503
2019-02-08,63.1032,62.9916,63.1032,62.85,767
2019-02-11,63.3099,63.3099,63.3099,63.3099,224
2019-02-12,64.16,64.2197,64.2197,64.16,489
2019-02-13,64.2,64.6532,64.8,64.2,2800
2019-02-14,64.45,64.5848,64.7165,64.37,3919
2019-02-15,65.32,65.365,65.365,65.28,2090
2019-02-19,65.2,65.5862,65.59,65.2,1296
2019-02-20,65.6783,65.7857,65.8,65.6783,376
2019-02-21,65.94,65.4372,65.94,65.33,2639
2019-02-22,65.8,65.7348,65.8,65.639,2922
2019-02-25,66.1877,65.7872,66.2887,65.7872,3281
2019-02-26,65.72,65.674,65.72,65.674,449
2019-02-27,65.41,65.5549,65.645,65.41,3484
2019-02-28,65.1889,65.1889,65.1889,65.1889,225
2019-03-01,65.6941,65.5097,65.6941,65.33,2601
2019-03-04,65.7248,65.1154,65.8,64.7549,9560
2019-03-05,65.08,64.96,65.08,64.833,593
2019-03-06,64.62,64.2727,64.7155,64.2727,13475
2019-03-07,63.46,63.4852,63.7,63.3,2584
2019-03-08,62.8401,63.1595,63.1595,62.84,2063
2019-03-11,63.5732,63.915,63.915,63.5732,607
2019-03-12,63.99,64.0496,64.2106,63.92,1750
2019-03-13,64.7281,64.6101,64.7281,64.53,689
2019-03-14,64.84,64.47167,64.84,64.6622,1214
2019-03-15,64.81,64.7816,64.9865,64.589,4364
2019-03-18,65.23,65.2475,65.2475,65.15,542
2019-03-19,65.4808,64.9373,65.57,64.9373,1262
2019-03-20,65.0,64.3098,65.0,64.3098,834
2019-03-21,65.01,65.0205,65.0205,65.01,353
2019-03-22,63.3182,63.2995,63.3731,63.2995,931
2019-03-25,63.29,63.1983,63.29,63.18,455
2019-03-26,63.38,63.6821,63.8061,63.38,2011
2019-03-27,63.39,63.5558,63.5558,63.39,1324
2019-03-28,63.9543,63.9543,63.9543,63.9543,154
2019-03-29,64.13,64.4021,64.4021,64.13,5113
2019-04-01,65.2105,65.4984,65.4984,65.2105,830
2019-04-02,65.22,65.4132,65.5155,65.22,1847
2019-04-03,65.8343,65.6451,65.8343,65.6451,696
2019-04-04,65.889,65.9449,65.9449,65.889,1310
2019-04-05,66.36,66.3323,66.4,66.29,1672
2019-04-08,66.34,66.445,66.445,66.34,843
2019-04-09,65.8163,65.6864,65.8163,65.6864,261
2019-04-10,65.9031,66.2356,66.2356,65.8774,921
2019-04-11,66.46,66.4099,66.55,66.272,1118
2019-04-12,66.76,67.18,67.2885,66.76,3060
2019-04-15,67.145,66.9757,67.18,66.9757,1994
2019-04-16,66.92,67.3721,67.3721,66.92,356
2019-04-17,67.395,67.5314,67.5314,67.37,553
2019-04-18,67.49,67.535,67.535,67.395,5980
2019-04-22,67.36,67.3678,67.47,67.36,3889
2019-04-23,67.55,67.7999,67.8419,67.43,4134
2019-04-24,67.7,67.8594,68.0,67.7,627
2019-04-25,67.54,67.6025,67.8,67.42,4300
2019-04-26,67.347,67.7885,67.7885,67.334,774
2019-04-29,67.71,68.1599,68.25,67.71,1482
2019-04-30,68.15,67.9869,68.15,67.75,587
2019-05-01,67.975,67.5202,67.975,67.5202,4575
2019-05-02,67.3,67.4603,67.4603,67.03,3122
2019-05-03,67.85,68.2149,68.2149,67.84,6303
2019-05-06,67.48,67.758,67.758,67.48,4446
2019-05-07,66.5,66.5867,66.5867,66.5,513
2019-05-08,66.51,66.4319,66.7,66.4319,4252
2019-05-09,65.77,66.2233,66.2532,65.7,11251
2019-05-10,66.2803,66.2803,66.2803,66.2803,123
2019-05-13,64.85,64.4709,64.85,64.2815,4180
2019-05-14,65.5687,65.254,65.5687,65.254,346
2019-05-15,65.3492,65.3492,65.3492,65.3492,156
2019-05-16,66.05,65.7896,66.1165,65.7896,4379
2019-05-17,65.72,65.4089,65.72,65.39,656
2019-05-20,65.2037,64.9912,65.2037,64.9912,1290
2019-05-21,65.57,65.8359,65.8359,65.57,371
2019-05-22,65.81,65.3015,65.81,65.3015,2077
2019-05-23,64.2522,64.1317,64.2522,63.8577,2012
2019-05-24,64.3824,64.2021,64.3824,64.2021,1176
2019-05-28,64.22,63.5931,64.22,63.5931,1362
2019-05-29,63.47,63.1428,63.47,63.0096,1173
2019-05-30,63.53,63.1018,63.53,63.1018,200
2019-05-31,62.47,62.1683,62.47,62.1647,838
2019-06-03,62.929,62.5068,62.929,62.38,1461
2019-06-04,63.4,64.2879,64.2879,63.4,1368
2019-06-05,64.255,64.5719,64.5719,64.14,1056
2019-06-06,64.5071,64.8611,64.8611,64.5071,4707
2019-06-07,65.12,65.2585,65.4299,65.12,3028
2019-06-10,66.02,65.7423,66.13,65.7423,397
2019-06-11,66.2,65.8018,66.2,65.7,467
2019-06-12,65.4363,65.4363,65.4363,65.4363,200
2019-06-13,65.7901,65.7452,65.7901,65.69,1181
2019-06-14,65.6672,65.6672,65.6672,65.6672,74
2019-06-17,65.84,65.3841,65.84,65.3841,910
2019-06-18,65.65,66.2935,66.59,65.65,2284
2019-06-19,66.3304,66.457,66.4961,66.3304,2197
2019-06-20,67.0,66.812804,67.1077,66.652,1741
2019-06-21,66.61,66.7073,66.9,66.61,13045
2019-06-24,66.64,66.3391,66.64,66.3391,222
2019-06-25,66.1037,65.8164,66.1746,65.8164,1930
2019-06-26,66.1425,66.1425,66.1425,66.1425,136
2019-06-27,66.45,66.5349,66.5364,66.4,5893
2019-06-28,66.933,67.1665,67.1665,66.933,675
2019-07-01,67.809,67.8083,67.84,67.5797,11252
2019-07-02,67.57,67.6213,67.6213,67.5,4147
2019-07-03,67.8,68.1521,68.1521,67.8,5263
2019-07-05,67.86,68.1053,68.1053,67.8,768
2019-07-08,67.9338,67.6033,67.9628,67.54,3017
2019-07-09,67.21,67.6614,67.6614,67.21,430
2019-07-10,67.7,67.5383,67.73,67.5065,1774
2019-07-11,67.51,67.8019,67.8019,67.3571,758
2019-07-12,68.2,68.3841,68.3841,68.2,1722
2019-07-15,68.42,68.2199,68.42,68.1812,941
2019-07-16,68.261,68.2544,68.261,68.2544,642
2019-07-17,67.6248,67.3927,67.7067,67.3927,1632
2019-07-18,67.54,67.7169,67.72,67.54,3258
2019-07-19,67.89,67.5403,67.93,67.5403,519
2019-07-22,67.55,67.5271,67.6613,67.51,2789
2019-07-23,67.76,68.1833,68.1833,67.71,422
2019-07-24,67.88,68.8773,68.8773,67.88,2027
2019-07-25,68.99,68.2791,68.99,68.2791,1620
2019-07-26,68.45,68.7334,68.7334,68.45,732
2019-07-29,68.99,68.4997,68.99,68.46,717
2019-07-30,68.055,68.3891,68.4433,68.0538,4729
2019-07-31,68.42,68.0161,68.559,68.0161,2437
2019-08-01,66.65,66.5958,66.7,66.5958,2786
2019-08-02,65.634,65.8515,66.14,65.634,354
2019-08-05,64.57,63.8427,64.7638,63.6099,2465
2019-08-06,64.3447,64.5039,64.5039,64.3447,419
2019-08-07,63.81,64.2875,64.2875,63.4703,9339
2019-08-08,65.54,65.4671,65.54,65.4671,347
2019-08-09,65.1,65.0275,65.1,64.68,3785
2019-08-12,64.31,64.0269,64.31,63.901,1930
2019-08-13,64.98,64.9537,65.29,64.9537,510
2019-08-14,63.1036,62.8163,63.1036,62.7,1095
2019-08-15,63.11,62.634,63.11,62.37,10949
2019-08-16,63.42,63.7176,63.7176,63.42,297
2019-08-19,64.23,64.4554,64.4974,64.23,1872
2019-08-20,64.06,63.8078,64.2,63.8078,7178
2019-08-21,64.425,64.4109,64.4832,64.34,1131
2019-08-22,64.33,64.6107,64.6107,64.33,1074
2019-08-23,64.08,62.4574,64.42,62.4041,14835
2019-08-26,63.04,63.0254,63.04,62.8,1984
2019-08-27,63.16,62.6954,63.3199,62.6568,2620
2019-08-28,62.5478,63.3367,63.403,62.49,3501
2019-08-29,64.28,64.3536,64.51,64.19,1437
2019-08-30,64.79,64.5735,64.8437,64.54,811
2019-09-03,64.19,63.9497,64.19,63.64,16863
2019-09-04,64.8148,64.8148,64.8148,64.8148,126
2019-09-05,66.2191,66.2191,66.2191,66.2191,119
2019-09-06,66.3708,66.2261,66.4359,66.2261,582
2019-09-09,67.0158,67.2295,67.2295,67.0158,822
2019-09-10,66.91,67.708,67.708,66.91,1150
2019-09-11,67.9,68.2468,68.2468,67.9,634
2019-09-12,68.52,68.2889,68.52,67.96,3198
2019-09-13,68.65,68.5243,68.7098,68.5243,878
2019-09-16,68.49,68.6092,68.6092,68.34,2785
2019-09-17,68.76,68.3987,68.76,68.15,1694
2019-09-18,68.2,68.3753,68.3753,67.86,1499
2019-09-19,68.09,67.840724,68.1131,68.09,518
2019-09-20,67.6218,67.6221,67.6221,67.6218,208
2019-09-23,67.57,67.6565,67.6565,67.36,1700
2019-09-24,68.31,66.8146,68.31,66.68,3922
2019-09-25,68.79,67.3424,68.79,66.87,2237
2019-09-26,67.0953,67.0953,67.0953,67.0953,377
2019-09-27,67.44,66.9456,67.44,66.9456,1578
2019-09-30,67.4225,67.2992,67.4225,67.2992,686
2019-10-01,67.4805,66.0709,67.4805,66.0709,2956
2019-10-02,65.49,64.5567,65.49,64.45,17484
2019-10-03,64.4237,64.9702,64.9702,64.3904,909
2019-10-04,65.397,65.7768,65.7768,65.397,741
2019-10-07,65.6386,65.6386,65.6386,65.6386,387
2019-10-08,64.48,64.3384,64.91,64.3384,1611
2019-10-09,65.17,64.9867,65.17,64.9867,889
2019-10-10,65.7127,65.5296,65.7127,65.4418,761
2019-10-11,66.86,66.717,67.0011,66.717,23250
2019-10-14,66.7075,66.6788,66.7075,66.6788,334
2019-10-15,67.51,67.4331,67.58,67.4331,10780
2019-10-16,67.2166,67.2166,67.2166,67.2166,239
2019-10-17,67.33,67.3492,67.3492,67.33,14116
2019-10-18,67.64,67.5143,67.64,67.4086,582
2019-10-21,67.9728,68.0799,68.0799,67.9728,299
2019-10-22,68.55,68.3844,68.63,68.3844,1051
2019-10-23,68.42,68.3924,68.42,68.3924,222
2019-10-24,68.75,68.714,68.75,68.714,321
2019-10-25,68.52,69.2485,69.2485,68.52,1638
2019-10-28,69.7,69.6712,69.7554,69.6712,811
2019-10-29,69.95,69.8084,69.95,69.8084,584
2019-10-30,69.25,69.5258,69.5258,68.27,7053
2019-10-31,68.47,68.9032,68.9032,68.47,1290
2019-11-01,69.19,70.2464,70.2464,69.19,1043
2019-11-04,70.91,71.0682,71.0726,70.861,1087
2019-11-05,71.384,71.2808,71.384,71.2808,536
2019-11-06,71.17,71.18,71.26,71.066,1042
2019-11-07,71.988,71.5624,71.9929,71.5624,13008
2019-11-08,71.36,71.8341,71.8341,71.36,841
2019-11-11,71.63,71.6748,71.6748,71.4337,2112
2019-11-12,72.16,71.9025,72.165,71.881,2199
2019-11-13,71.55,71.6058,71.7764,71.45,1610
2019-11-14,71.24,71.7689,71.7689,71.24,4662
2019-11-15,72.43,72.3458,72.445,72.34,814
2019-11-18,72.33,72.2387,72.33,72.2387,896
2019-11-19,72.63,72.1781,72.63,72.1781,2541
2019-11-20,71.8,71.5737,71.9404,71.3192,9800
2019-11-21,71.68,71.3175,71.68,71.3175,771
2019-11-22,71.78,71.7756,71.7872,71.7613,1221
2019-11-25,72.4186,72.5001,72.5001,72.39,1217
2019-11-26,72.5,72.288,72.5,72.21,6556
2019-11-27,72.61,72.5492,72.61,72.335,3654
2019-11-29,72.65,72.1816,72.65,72.1816,592
2019-12-02,71.905,71.6051,71.905,71.6051,1301
2019-12-03,70.66,70.7847,70.7847,70.4589,5515
2019-12-04,71.48,71.4137,71.6,71.4137,625
2019-12-05,71.73,71.535,71.73,71.34,3546
2019-12-06,72.65,72.3028,72.65,72.3028,6374
2019-12-09,72.32,72.08,72.32,72.08,4710
2019-12-10,72.3,72.0233,72.3,72.0233,2335
2019-12-11,72.23,72.2807,72.2807,72.113,1158
2019-12-12,72.42,73.545,73.545,72.35,6846
2019-12-13,73.41,73.0854,73.41,73.0433,855
2019-12-16,75.03,73.5494,75.03,73.5494,3680
2019-12-17,73.55,73.6399,73.7441,73.55,4062
2019-12-18,73.76,73.69,73.8386,73.69,4412
2019-12-19,74.04,73.445755,74.04,73.695,6143
2019-12-20,73.88,73.9122,73.93,73.85,5536
2019-12-23,74.2,73.9081,74.2,73.8901,12839
2019-12-24,74.1,73.9155,74.1,73.895,1329
2019-12-26,74.12,74.0078,74.12,73.9101,5867
2019-12-27,74.12,73.8299,74.14,73.8299,3917
2019-12-30,73.495,73.4932,73.85,73.46,7860
2019-12-31,73.5544,73.6894,73.6894,73.5544,6647
2020-01-02,73.99,74.1316,74.2549,73.776,4272
2020-01-03,73.518,73.4397,73.61,73.32,5174
2020-01-06,73.11,73.2764,73.2764,73.0966,7572
2020-01-07,73.36,73.31,73.45,73.2,4720
2020-01-08,73.55,73.5232,73.83,73.32,6575
2020-01-09,73.98,73.8942,73.98,73.73,4078
2020-01-10,74.29,73.6508,74.29,73.52,16289
2020-01-13,73.63,73.9898,74.0044,73.63,5366
2020-01-14,73.9244,74.1812,74.4737,73.9244,3051
2020-01-15,74.37,73.9765,74.37,73.9055,2484
2020-01-16,74.53,74.6646,74.6989,74.52,2210
2020-01-17,74.851,74.9537,74.97,74.7119,5621
2020-01-21,74.89,74.1583,74.89,74.14,5226
2020-01-22,74.4,74.1858,74.4254,74.1858,739
2020-01-23,74.23,74.5197,74.543,73.5,2625
2020-01-24,73.511,73.3902,73.511,72.99,1823
2020-01-27,72.48,72.0021,72.57,71.97,3682
2020-01-28,72.84,72.7878,72.84,72.71,1188
2020-01-29,73.12,72.3235,73.13,72.3235,3006
2020-01-30,72.28,72.4747,72.4747,71.5123,2090
2020-01-31,71.39,70.7924,71.4,70.7139,5097
2020-02-03,71.41,71.308,71.4676,71.308,13026
2020-02-04,72.72,72.5734,72.72,72.5734,538
2020-02-05,74.0,74.0663,74.1386,74.0,991
2020-02-06,74.49,74.113,74.54,74.113,3126
2020-02-07,73.75,73.3568,73.75,73.3568,1325
2020-02-10,73.3615,73.5657,73.5657,73.3188,708
2020-02-11,74.0,74.2223,74.35,74.0,2191
2020-02-12,74.74,74.7557,74.8258,74.61,1519
2020-02-13,75.0,74.559,75.0,74.5,4800
2020-02-14,74.48,74.2711,74.48,74.1091,2936
2020-02-18,73.5425,73.8632,74.02,73.5367,2031
2020-02-19,75.42,74.3154,75.42,74.3154,1845
2020-02-20,74.31,74.474,74.474,74.21,1383
2020-02-21,73.5968,73.5428,73.6226,73.305,3682
2020-02-24,71.0,71.0599,71.0599,70.757,628
2020-02-25,69.7879,68.437,70.04,68.382,5726
2020-02-26,69.2,67.881,69.2697,67.8769,3240
2020-02-27,66.25,65.4138,67.53,65.215,3371
2020-02-28,63.65,63.9451,64.34,62.7216,12922
2020-03-02,64.52,66.6801,66.6801,63.75,23013
2020-03-03,66.65,64.7561,67.46,64.7561,5162
2020-03-04,65.64,66.8574,66.8574,65.45,2323
2020-03-05,64.62,63.9407,64.62,63.9407,320
2020-03-06,61.99,62.8093,63.2341,61.371,8170
2020-03-09,57.72,57.3195,59.75,56.02,8459
2020-03-10,59.01,59.8363,59.8363,57.17,8995
2020-03-11,57.87,56.4441,57.92,55.68,7958
2020-03-12,52.25,50.5305,54.61,50.5305,25265
2020-03-13,53.73,54.3024,54.3024,50.5335,19020
2020-03-16,52.0,47.67,52.0,47.65,33957
2020-03-17,48.81,49.93,50.65,46.646,10637
2020-03-18,47.25,46.47,47.41,43.94,19564
2020-03-19,45.84,46.258472,47.9,44.4101,22064
2020-03-20,46.91,43.68,46.91,43.53,23311
2020-03-23,43.74,42.2,43.87,41.54,15115
2020-03-24,45.25,47.3758,47.3758,44.8801,21876
2020-03-25,48.21,48.74,50.95,46.6301,28392
2020-03-26,49.82,52.0036,52.504,49.66,28445
2020-03-27,50.96,50.16,51.42,49.91,23155
2020-03-30,50.21,51.2994,51.2994,49.48,11166
2020-03-31,51.13,50.2473,51.435,50.2182,10330
2020-04-01,48.21,47.4059,48.38,47.4,6291
2020-04-02,47.68,47.9121,48.7,47.33,3999
2020-04-03,47.94,46.9284,47.94,46.436,3531
2020-04-06,49.12,51.1187,51.1187,49.12,5437
2020-04-07,53.47,51.34,53.63,51.34,34652
2020-04-08,52.31,53.8837,53.8837,52.24,5228
2020-04-09,55.07,55.22,56.03,54.32,14749
2020-04-13,54.96,53.7768,54.96,53.2,7949
2020-04-14,54.81,54.8513,55.0275,54.26,6516
2020-04-15,52.9603,52.7348,52.9603,52.4985,1950
2020-04-16,52.81,52.5461,53.05,51.895,16562
2020-04-17,54.38,54.6654,54.97,53.755,12552
2020-04-20,53.93,53.76,54.8984,53.338,13319
2020-04-21,52.19,52.0258,52.76,51.81,5286
2020-04-22,53.33,53.0071,53.33,52.5,3137
2020-04-23,53.34,53.0973,53.9397,53.03,6004
2020-04-24,53.39,54.0452,54.3,53.0,6681
2020-04-27,54.7,55.7075,55.765,54.52,7144
2020-04-28,57.11,56.7049,57.5795,56.64,4076
2020-04-29,58.5499,59.4031,59.46,58.5499,4540
2020-04-30,58.67,57.606,58.67,57.2281,9241
2020-05-01,55.52,54.8604,55.52,54.58,3878
2020-05-04,54.12,54.7533,54.7533,53.6,7231
2020-05-05,55.73,54.772,55.84,54.66,11994
2020-05-06,54.895,53.9707,54.895,53.87,14584
2020-05-07,54.23,54.9191,55.75,54.23,6539
2020-05-08,56.0156,56.6593,56.6593,55.9995,5831
2020-05-11,55.7026,55.5458,55.75,55.23,13597
2020-05-12,55.96,53.9008,55.96,53.9,16288
2020-05-13,53.39,52.03,53.39,51.42,8986
2020-05-14,50.74,53.0702,53.115,50.48,6293
2020-05-15,52.42,52.8547,53.1,52.3635,6808
2020-05-18,55.71,56.4631,56.6,55.6628,8095
2020-05-19,55.75,55.6307,56.64,55.6307,14476
2020-05-20,56.94,56.8769,57.1868,56.8769,2286
2020-05-21,57.08,56.4854,57.08,56.41,7338
2020-05-22,56.62,56.3572,56.62,55.7449,8074
2020-05-26,58.2,59.0,59.63,58.2,170938
2020-05-27,60.62,61.0338,61.52,59.4,25538
2020-05-28,61.64,59.3439,61.64,59.56,38405
2020-05-29,58.7,58.9059,59.105,58.37,11936
2024-09-03,24.1,23.995,24.1,23.98,404
2024-09-04,24.02,23.8803,24.0306,23.86,606
2024-09-05,23.9309,23.6557,23.9309,23.6557,149
2024-09-06,22.97,22.89,22.97,22.89,370
2024-09-09,23.32,23.3973,23.3973,23.32,190
2024-09-10,23.49,23.5893,23.59,23.12,3546
2024-09-11,23.41,24.1179,24.1179,23.41,1018
2024-09-12,24.08,24.4115,24.4115,24.08,702
2024-09-13,24.73,24.6877,24.74,24.6877,446
