2024-07-09,8.31,11.0,11.5,8.31,36574
2024-07-10,8.61,11.3,12.7199,8.11,290308
2024-07-11,11.3,14.16,14.85,10.5001,438578
2024-07-12,12.74,13.75,13.9,11.26,291034
2024-07-15,12.01,12.54,12.75,11.4,236747
2024-07-16,11.41,12.04,12.24,11.26,283345
2024-07-17,11.6,11.17,12.0,11.05,159183
2024-07-18,10.77,11.28,11.93,10.52,190932
2024-07-19,11.26,10.45,11.26,10.45,101355
2024-07-22,10.47,11.25,11.71,10.45,182640
2024-07-23,11.02,11.68,11.85,10.81,148480
2024-07-24,11.4,11.64,11.9262,11.4,143913
2024-07-25,11.51,11.68,11.84,11.41,149164
2024-07-26,11.65,11.52,11.745,11.36,145977
2024-07-29,11.33,11.52,11.61,11.06,105742
2024-07-30,11.52,11.55,11.6,11.1607,73668
2024-07-31,11.49,12.0,12.24,11.35,100137
2024-08-01,11.86,12.12,12.16,11.8219,103724
2024-08-02,11.96,12.12,12.2,11.23,118956
2024-08-05,11.5,12.04,12.13,10.88,138221
2024-08-06,12.0,12.01,12.14,11.86,78393
2024-08-07,12.0,11.51,12.21,11.51,110620
2024-08-08,11.5,10.94,11.5,10.7728,72030
2024-08-09,11.06,10.9,11.22,10.8,57193
2024-08-12,10.87,10.75,11.23,10.69,68623
2024-08-13,10.74,10.93,11.1,10.47,60949
2024-08-14,11.03,11.21,11.5,10.92,127526
2024-08-15,11.38,12.33,13.337,11.35,217822
2024-08-16,12.38,11.26,13.0657,11.0619,308425
2024-08-19,11.55,12.08,12.3933,11.55,78238
2024-08-20,12.21,12.36,12.42,12.0,60123
2024-08-21,12.49,13.14,13.2684,12.18,70651
2024-08-22,13.05,12.58,13.31,12.55,39069
2024-08-23,12.75,13.28,13.2876,12.75,30426
2024-08-26,13.28,13.36,13.43,13.0,53348
2024-08-27,13.28,13.68,13.7,13.02,42288
2024-08-28,13.75,13.75,13.87,13.4,81119
2024-08-29,13.95,14.34,14.4,13.8,56695
2024-08-30,14.22,14.09,14.23,13.5,76001
2024-09-03,14.14,14.65,14.73,14.09,34389
2024-09-04,14.76,14.5,14.8999,14.3512,27104
2024-09-05,14.4,13.81,14.505,13.66,31120
2024-09-06,13.81,13.36,14.13,13.33,48048
2024-09-09,13.37,13.39,13.52,13.1,36833
2024-09-10,13.5783,13.89,13.9,13.28,15942
2024-09-11,13.75,13.56,13.8262,13.4809,8954
2024-09-12,13.6,14.37,14.42,13.6,16385
2024-09-13,14.37,14.64,14.729,13.85,32868
2024-09-16,14.64,14.2,14.64,14.03,36907
2024-09-17,14.2,14.4,14.68,14.0,34577
2024-09-18,14.365,14.3,14.54,14.05,16359
2024-09-19,14.56,14.32,14.68,13.781,52751
2024-09-20,13.96,14.9,14.9,13.85,122786
2024-09-23,14.94,14.89,14.948,14.4289,40021
2024-09-24,14.92,14.6,14.92,14.44,23171
2024-09-25,14.6,14.38,14.9,14.37,17956
2024-09-26,14.43,14.27,14.83,14.0351,32963
2024-09-27,14.28,14.7,14.77,14.0,34355
2024-09-30,14.56,14.39,14.75,14.3,20994
2024-10-01,14.32,14.22,14.46,14.13,17337
2024-10-02,14.23,13.99,14.35,13.75,16665
2024-10-03,14.14,13.5,14.3096,13.46,61438
2024-10-04,13.81,14.41,14.55,13.5,65549
2024-10-07,14.19,14.43,14.51,14.1393,37945
2024-10-08,14.33,14.82,14.95,14.14,29655
2024-10-09,14.82,14.78,14.99,14.69,24794
2024-10-10,14.72,14.72,14.94,14.64,22292
2024-10-11,14.61,14.92,14.94,14.4846,32379
2024-10-14,14.8,14.84,15.0,14.3625,38950
2024-10-15,14.72,15.33,15.41,14.5101,45688
2024-10-16,15.33,15.29,15.35,15.0,57458
2024-10-17,15.14,15.22,15.4,15.0,23415
2024-10-18,15.37,15.43,15.4957,15.04,26051
2024-10-21,15.42,14.48,15.49,14.41,25110
2024-10-22,14.43,14.62,14.7668,13.56,36580
2024-10-23,14.2961,14.58,14.85,14.0501,19482
2024-10-24,14.83,14.6,14.83,14.26,35574
2024-10-25,14.56,14.06,14.68,14.0,21000
2024-10-28,14.27,13.95,14.4,13.76,34185
2024-10-29,13.85,13.73,14.35,13.09,56798
2024-10-30,13.65,14.03,14.05,13.6,34928
2024-10-31,13.96,13.72,14.4895,13.72,10795
2024-11-01,13.72,13.99,14.24,13.72,28137
2024-11-04,14.0,14.31,14.67,13.925,54759
2024-11-05,14.43,14.89,14.98,14.31,32970
2024-11-06,14.94,15.19,15.28,14.57,76973
2024-11-07,15.19,15.21,15.74,15.07,39670
2024-11-08,15.13,15.06,15.3,14.845,33188
2024-11-11,14.9,14.86,15.2499,14.61,49419
2024-11-12,14.875,14.67,15.21,14.5,29176
2024-11-13,14.68,14.82,14.9999,14.5596,53437
2024-11-14,14.94,15.09,15.09,14.6341,36322
2024-11-15,15.15,14.81,15.25,14.65,24223
2024-11-18,14.65,14.93,15.1378,14.65,23777
2024-11-19,14.86,15.29,15.3,14.86,38486
2024-11-20,15.29,14.95,15.37,14.65,19143
2024-11-21,15.01,14.875,15.1999,14.68,20416
2024-11-22,14.92,14.78,15.0186,14.65,18217
2024-11-25,14.79,14.9,15.2,14.75,30755
2024-11-26,14.94,14.99,15.15,14.87,15702
2024-11-27,15.05,15.08,15.2,14.7381,25802
2024-11-29,15.09,15.53,15.625,14.95,61963
2024-12-02,15.7,14.44,15.7,14.3,107325
2024-12-03,14.55,14.54,14.8174,14.455,27077
2024-12-04,14.52,14.47,14.54,13.9,41117
2024-12-05,14.56,14.26,14.69,13.95,39827
2024-12-06,14.21,14.02,14.21,13.525,67008
2024-12-09,14.17,14.11,14.2,13.6,33923
2024-12-10,13.82,13.85,13.9392,13.56,29678
2024-12-11,13.65,13.64,14.07,13.55,32087
2024-12-12,13.61,13.58,13.92,13.3,69316
2024-12-13,13.61,13.18,13.69,12.75,63081
2024-12-16,13.15,13.75,13.78,12.81,97901
2024-12-17,13.66,13.43,13.76,13.225,83202
2024-12-18,13.34,13.23,13.69,12.9,127312
2024-12-19,13.32,13.15,13.67,12.75,122207
2024-12-20,13.07,13.59,13.67,12.8,252586
2024-12-23,13.57,13.35,13.57,13.1,96986
2024-12-24,13.43,14.28,14.28,13.43,21096
2024-12-26,14.2,14.3,14.4,13.8,26146
2024-12-27,14.21,14.68,14.8699,14.21,51075
2024-12-30,14.51,14.54,14.675,14.305,39417
2024-12-31,14.25,14.08,14.29,13.8,19467
2025-01-02,14.2,14.22,14.46,13.9,25253
2025-01-03,14.15,14.49,14.6,14.13,40937
2025-01-06,14.52,14.06,14.72,14.06,35098
2025-01-07,14.1,13.96,14.37,13.58,44946
2025-01-08,13.6582,13.28,14.234,13.11,123206
2025-01-10,13.41,13.64,13.84,13.23,49257
2025-01-13,13.63,13.61,13.87,13.415,25149
2025-01-14,13.6,13.56,14.02,13.56,28684
2025-01-15,13.84,14.07,14.32,13.515,17996
2025-01-16,14.09,13.61,14.29,13.5101,26499
2025-01-17,13.67,14.14,14.22,13.5384,31935
2025-01-21,13.99,12.85,14.23,12.71,130298
2025-01-22,12.82,10.97,12.9254,10.57,205479
2025-01-23,11.01,11.32,11.88,10.427,423947
2025-01-24,11.96,12.17,12.3,11.77,127924
2025-01-27,12.25,12.05,12.43,11.85,47384
2025-01-28,11.5,11.87,11.87,11.44,1216735
2025-01-29,11.85,11.86,11.9,11.65,346798
2025-01-30,12.0,12.0,12.0786,11.75,270348
2025-01-31,12.1,12.0,12.1,11.66,287889
2025-02-03,11.74,11.7,12.04,11.67,127033
2025-02-04,11.73,11.87,11.98,11.57,106120
2025-02-05,11.85,11.81,12.04,11.7,266460
2025-02-06,11.85,11.81,11.85,11.63,135397
2025-02-07,11.85,11.63,11.92,11.52,139289
2025-02-10,11.71,11.61,11.88,11.585,76858
2025-02-11,11.74,11.58,11.85,11.5,96378
2025-02-12,11.55,11.47,11.5758,11.35,88159
2025-02-13,11.74,11.6,11.88,11.55,98291
2025-02-14,11.67,11.49,11.83,11.48,83302
2025-02-18,11.96,11.53,11.96,11.47,147556
2025-02-19,11.81,11.86,11.96,11.55,193366
2025-02-20,11.9,12.06,12.31,11.7,224871
2025-02-21,12.35,11.77,12.35,11.65,188129
2025-02-24,11.96,11.86,11.96,11.6033,72782
2025-02-25,11.85,11.78,12.03,11.73,66434
2025-02-26,11.71,11.99,12.08,11.71,140869
2025-02-27,11.86,12.15,12.3,11.86,228057
2025-02-28,12.2,12.18,12.3,11.9301,110965
2025-03-03,12.15,12.08,12.2,11.895,98233
2025-03-04,12.07,11.96,12.115,11.9,83450
2025-03-05,11.92,11.91,11.96,11.7,103869
2025-03-06,NaN,11.06,NaN,NaN,277837
2025-03-07,11.18,11.1,11.36,10.94,366516
2025-03-10,11.1,10.99,11.5,10.56,165364
2025-03-11,11.0,11.13,11.3498,10.7172,158436
2025-03-12,11.26,11.16,11.39,11.11,61125
2025-03-13,11.2,11.02,11.36,10.9214,125595
2025-03-14,11.05,11.04,11.33,10.88,162647
2025-03-17,11.08,11.0,11.2634,10.97,140818
2025-03-18,11.2,11.2,11.33,11.05,149835
2025-03-19,11.23,11.35,11.365,11.14,217106
2025-03-20,11.35,11.37,11.55,11.28,121967
2025-03-21,11.5,11.25,11.65,11.22,764280
