2021-09-09,25.28,25.1238,25.28,25.1238,100
2021-09-10,25.29,24.9969,25.29,24.9969,650
2021-09-13,25.0762,25.0762,25.0762,25.0762,11
2021-09-14,25.179,25.0106,25.18,25.0106,4800
2021-09-15,25.0256,25.0256,25.0256,25.0256,13
2021-09-16,24.94,25.01,25.01,24.94,204
2021-09-17,24.79,24.7163,24.79,24.53,24900
2021-09-20,24.1234,24.1234,24.1234,24.1234,20
2021-09-21,24.3179,24.3179,24.3179,24.3179,0
2021-09-22,24.43,24.4376,24.4376,24.43,7712
2021-09-23,24.6427,24.6427,24.6427,24.6427,0
2021-09-24,24.3276,24.3276,24.3276,24.3276,0
2021-09-27,24.209,24.1353,24.209,24.1353,357
2021-09-28,23.3769,23.3769,23.3769,23.3769,11
2021-09-29,23.1941,23.1941,23.1941,23.1941,0
2021-09-30,23.2051,23.2051,23.2051,23.2051,9
2021-10-01,23.0011,23.0011,23.0011,23.0011,78
2021-10-04,22.49,22.49,22.49,22.49,105
2021-10-05,22.54,22.4579,22.57,22.4579,4669
2021-10-06,22.33,22.3058,22.34,22.3017,995
2021-10-07,22.597,22.597,22.597,22.597,2
2021-10-08,22.52,22.4243,22.52,22.4243,2060
2021-10-11,22.55,22.4267,22.56,22.4267,6948
2021-10-12,22.5045,22.5045,22.5045,22.5045,38
2021-10-13,22.72,22.8219,22.8219,22.72,5893
2021-10-14,23.1538,23.1538,23.1538,23.1538,0
2021-10-15,23.2999,23.2999,23.2999,23.2999,109
2021-10-18,23.2104,23.2104,23.2104,23.2104,34
2021-10-19,23.48,23.4763,23.48,23.4763,1231
2021-10-20,23.4335,23.4335,23.4335,23.4335,28
2021-10-21,23.4,23.3645,23.4,23.3645,3655
2021-10-22,23.5,23.4469,23.5,23.4469,130
2021-10-25,23.4069,23.4069,23.4069,23.4069,46
2021-10-26,23.74,23.3134,23.74,23.3134,514
2021-10-27,23.19,23.19,23.19,23.19,227
2021-10-28,23.5939,23.5939,23.5939,23.5939,10
2021-10-29,23.4168,23.4168,23.4168,23.4168,1
2021-11-01,23.56,23.609,23.609,23.56,773
2021-11-02,23.5399,23.42,23.5399,23.42,370
2021-11-03,23.29,23.41,23.41,23.29,873
2021-11-04,23.245,23.2103,23.245,23.2062,216
2021-11-05,23.29,23.3262,23.3262,23.28,1100
2021-11-08,23.34,23.37,23.37,23.34,200
2021-11-09,23.45,23.3454,23.45,23.3454,300
2021-11-10,22.9554,22.9554,22.9554,22.9554,0
2021-11-11,23.09,22.98,23.09,22.98,3155
2021-11-12,23.065,23.14,23.16,23.065,1400
2021-11-15,23.215,23.1471,23.215,23.1471,202
2021-11-16,23.1825,23.1825,23.1825,23.1825,29
2021-11-17,23.18,23.1161,23.18,23.1161,246
2021-11-18,23.1625,23.1625,23.1625,23.1625,6
2021-11-19,23.2,23.1425,23.205,23.1425,200
2021-11-22,22.9299,22.8399,22.9299,22.8399,1730
2021-11-23,22.6344,22.6344,22.6344,22.6344,9
2021-11-24,22.3981,22.3981,22.3981,22.3981,60
2021-11-26,21.985,21.9016,21.985,21.9,302
2021-11-29,21.97,22.0661,22.085,21.97,550
2021-11-30,22.04,21.8179,22.04,21.7,1250
2021-12-01,22.225,21.8063,22.225,21.8063,563
2021-12-02,21.9,21.94,22.0,21.9,2430
2021-12-03,22.0,21.7,22.0,21.7,638
2021-12-06,21.8999,21.8999,21.8999,21.8999,35
2021-12-07,22.4998,22.4998,22.4998,22.4998,25
2021-12-08,22.6254,22.6254,22.6254,22.6254,17
2021-12-09,22.58,22.3608,22.59,22.3608,1612
2021-12-10,22.21,22.2311,22.2311,22.21,1360
2021-12-13,22.0294,22.0294,22.0294,22.0294,3
2021-12-14,21.7385,21.7385,21.7385,21.7385,1
2021-12-15,22.0794,22.0794,22.0794,22.0794,0
2021-12-16,21.9679,22.0073,22.0073,21.9679,372
2021-12-17,21.8046,21.777534,21.8046,21.8046,6
2021-12-20,21.6537,21.6,21.6537,21.6,141
2021-12-21,22.0498,22.052,22.052,22.011,301
2021-12-22,22.04,22.2326,22.2326,22.04,743
2021-12-23,22.24,22.3683,22.37,22.19,1502
2021-12-27,22.5054,22.5054,22.5054,22.5054,0
2021-12-28,22.58,22.4716,22.58,22.4716,507
2021-12-29,22.37,22.3304,22.37,22.311,506
2021-12-30,22.331,22.3214,22.37,22.3214,346
2021-12-31,22.389,22.3706,22.44,22.3706,700
2022-01-03,22.49,22.5351,22.5351,22.49,2500
2022-01-04,22.62,22.4806,22.62,22.44,1100
2022-01-05,22.4,22.0232,22.4,22.0232,830
2022-01-06,21.691,21.72,21.72,21.691,403
2022-01-07,21.66,21.67,21.73,21.66,1708
2022-01-10,21.4564,21.4564,21.4564,21.4564,3
2022-01-11,21.7114,21.7114,21.7114,21.7114,42
2022-01-12,21.981,21.981,21.981,21.981,1
2022-01-13,21.7121,21.7121,21.7121,21.7121,0
2022-01-14,21.52,21.52,21.52,21.52,101
2022-01-18,21.2268,21.2268,21.2268,21.2268,10
2022-01-19,21.18,21.1615,21.18,21.1615,139
2022-01-20,21.16,21.1568,21.16,21.1568,502
2022-01-21,21.0,20.8486,21.0,20.8486,265
2022-01-24,20.4,20.6502,20.6502,20.4,230
2022-01-25,20.3996,20.3996,20.3996,20.3996,0
2022-01-26,20.65,20.3692,20.65,20.3692,652
2022-01-27,20.0149,20.0149,20.0149,20.0149,1
2022-01-28,19.9681,19.9681,19.9681,19.9681,0
2022-01-31,20.67,20.67,20.67,20.67,102
2022-02-01,20.8101,20.8329,20.8329,20.8101,8062
2022-02-02,21.25,21.13,21.26,21.1006,3025
2022-02-03,20.5546,20.5546,20.5546,20.5546,2
2022-02-04,20.5967,20.5967,20.5967,20.5967,10
2022-02-07,20.4466,20.4466,20.4466,20.4466,0
2022-02-08,20.35,20.4513,20.4513,20.35,1526
2022-02-09,20.925,21.0278,21.0278,20.89,602
2022-02-10,20.7006,20.7006,20.7006,20.7006,0
2022-02-11,20.303,20.303,20.303,20.303,1
2022-02-14,20.0387,20.0387,20.0387,20.0387,0
2022-02-15,20.4438,20.4438,20.4438,20.4438,0
2022-02-16,20.4,20.4856,20.4856,20.4,100
2022-02-17,20.15,20.09,20.15,20.09,102
2022-02-18,19.9734,19.9734,19.9734,19.9734,0
2022-02-22,19.8254,19.6177,19.8254,19.6177,437
2022-02-23,19.4282,19.4282,19.4282,19.4282,41
2022-02-24,18.93,19.3299,19.3299,18.841,885
2022-02-25,19.82,19.82,19.82,19.82,100
2022-02-28,19.7125,19.7125,19.7125,19.7125,1000
2022-03-01,19.68,19.3903,19.68,19.3903,301
2022-03-02,19.6599,19.6599,19.6599,19.6599,0
2022-03-03,19.34,19.36,19.36,19.34,402
2022-03-04,18.7902,18.7902,18.7902,18.7902,10
2022-03-07,18.47,18.2266,18.47,18.2266,253
2022-03-08,18.31,18.3863,18.3863,18.31,201
2022-03-09,18.81,18.9836,18.99,18.81,300
2022-03-10,18.7037,18.7037,18.7037,18.7037,2
2022-03-11,18.4146,18.4146,18.4146,18.4146,0
2022-03-14,18.2325,18.2325,18.2325,18.2325,101
2022-03-15,18.275,18.4269,18.4269,18.275,400
2022-03-16,19.18,19.2735,19.2735,19.18,200
2022-03-17,19.505,19.6239,19.6239,19.505,202
2022-03-18,19.68,19.8355,19.8355,19.68,200
2022-03-21,19.65,19.6347,19.65,19.61,401
2022-03-22,19.7788,19.7788,19.7788,19.7788,1
2022-03-23,19.5525,19.5525,19.5525,19.5525,2
2022-03-24,19.6207,19.6607,19.6607,19.6207,104
2022-03-25,19.4601,19.5954,19.5954,19.4601,107
2022-03-28,19.4984,19.4984,19.4984,19.4984,2
2022-03-29,19.94,20.0121,20.0121,19.905,4774
2022-03-30,19.8785,19.876719,19.8785,19.8785,1
2022-03-31,19.614,19.614,19.614,19.614,2
2022-04-01,19.6987,19.6987,19.6987,19.6987,0
2022-04-04,19.9084,19.9084,19.9084,19.9084,1
2022-04-05,19.61,19.61,19.61,19.61,100
2022-04-06,19.366,19.366,19.366,19.366,1
2022-04-07,19.2124,19.2124,19.2124,19.2124,5
2022-04-08,19.14,19.1889,19.2,19.14,201
2022-04-11,19.07,18.7411,19.07,18.7411,307
2022-04-12,18.5,18.5116,18.5116,18.5,4013
2022-04-13,18.8493,18.8493,18.8493,18.8493,0
2022-04-14,18.6466,18.6466,18.6466,18.6466,2
2022-04-18,18.39,18.41,18.41,18.39,300
2022-04-19,18.5391,18.5391,18.5391,18.5391,0
2022-04-20,18.7395,18.7395,18.7395,18.7395,0
2022-04-21,18.5033,18.5033,18.5033,18.5033,1
2022-04-22,18.18,18.1883,18.1883,18.18,107
2022-04-25,18.05,18.05,18.05,18.05,224
2022-04-26,17.82,17.7053,17.82,17.7053,130
2022-04-27,17.72,17.6491,17.72,17.62,1100
2022-04-28,17.71,17.8798,17.8798,17.71,302
2022-04-29,17.6687,17.6687,17.6687,17.6687,3
2022-05-02,17.54,17.6394,17.6394,17.54,102
2022-05-03,17.7096,17.6945,17.7096,17.6945,406
2022-05-04,17.61,18.0478,18.0478,17.61,400
2022-05-05,17.4225,17.4225,17.4225,17.4225,0
2022-05-06,17.22,17.2113,17.22,17.17,317
2022-05-09,16.614,16.614,16.614,16.614,0
2022-05-10,16.6832,16.6832,16.6832,16.6832,6
2022-05-11,16.81,16.74,16.81,16.74,900
2022-05-12,16.7592,16.7592,16.7592,16.7592,0
2022-05-13,17.3119,17.3119,17.3119,17.3119,0
2022-05-16,17.3075,17.3075,17.3075,17.3075,0
2022-05-17,17.6498,17.6498,17.6498,17.6498,17
2022-05-18,17.3356,17.3356,17.3356,17.3356,0
2022-05-19,17.5403,17.5403,17.5403,17.5403,0
2022-05-20,17.6606,17.6606,17.6606,17.6606,0
2022-05-23,18.0224,18.0224,18.0224,18.0224,0
2022-05-24,17.6189,17.6189,17.6189,17.6189,0
2022-05-25,17.5987,17.5987,17.5987,17.5987,0
2022-05-26,17.8075,17.8075,17.8075,17.8075,0
2022-05-27,18.025,18.025,18.025,18.025,0
2022-05-31,18.073,18.073,18.073,18.073,1
2022-06-01,18.19,17.906,18.2,17.906,300
2022-06-02,18.2,18.2655,18.2655,18.2,100
2022-06-03,18.0385,18.0385,18.0385,18.0385,1
2022-06-06,18.1746,18.1746,18.1746,18.1746,132
2022-06-07,18.1895,18.1895,18.1895,18.1895,0
2022-06-08,18.0377,18.0377,18.0377,18.0377,1
2022-06-09,17.93,17.7482,17.93,17.7482,200
2022-06-10,17.49,17.3946,17.49,17.3946,200
2022-06-13,16.7257,16.7257,16.7257,16.7257,57
2022-06-14,16.5248,16.5146,16.5248,16.5146,1094
2022-06-15,16.7851,16.7851,16.7851,16.7851,0
2022-06-16,16.2776,16.2776,16.2776,16.2776,100
2022-06-17,16.3335,16.3335,16.3335,16.3335,0
2022-06-21,16.5797,16.5797,16.5797,16.5797,20
2022-06-22,16.43,16.4745,16.4745,16.43,1453
2022-06-23,16.5344,16.5344,16.5344,16.5344,0
2022-06-24,16.96,17.0925,17.0925,16.96,280
2022-06-27,17.073,17.073,17.073,17.073,1
2022-06-28,16.9597,16.9597,16.9597,16.9597,3
2022-06-29,16.8501,16.730296,16.8501,16.8501,0
2022-06-30,16.55,16.5935,16.5935,16.55,100
2022-07-01,16.5883,16.5883,16.5883,16.5883,0
2022-07-05,16.4027,16.4027,16.4027,16.4027,18
2022-07-06,16.5612,16.5612,16.5612,16.5612,0
2022-07-07,16.8778,16.8778,16.8778,16.8778,0
2022-07-08,16.9107,16.9107,16.9107,16.9107,40
2022-07-11,16.4913,16.4913,16.4913,16.4913,0
2022-07-12,16.4509,16.4509,16.4509,16.4509,3
2022-07-13,16.4825,16.4825,16.4825,16.4825,0
2022-07-14,16.3199,16.3199,16.3199,16.3199,400000
2022-07-15,16.47,16.5995,16.5995,16.38,1100
2022-07-18,16.7176,16.7176,16.7176,16.7176,0
2022-07-19,16.9961,16.9961,16.9961,16.9961,30
2022-07-20,17.0724,17.0724,17.0724,17.0724,1
2022-07-21,17.2548,17.2548,17.2548,17.2548,0
2022-07-22,17.1105,17.1105,17.1105,17.1105,1
2022-07-25,17.1591,17.1591,17.1591,17.1591,1
2022-07-26,16.878,16.878,16.878,16.878,0
2022-07-27,17.2289,17.2289,17.2289,17.2289,0
2022-07-28,17.5225,17.5225,17.5225,17.5225,0
2022-07-29,17.7174,17.7174,17.7174,17.7174,0
2022-08-01,17.7084,17.7084,17.7084,17.7084,0
2022-08-02,17.4463,17.4463,17.4463,17.4463,0
2022-08-03,17.655,17.655,17.655,17.655,0
2022-08-04,17.8293,17.8293,17.8293,17.8293,1
2022-08-05,17.6828,17.6828,17.6828,17.6828,0
2022-08-08,17.6446,17.6446,17.6446,17.6446,0
2022-08-09,17.46,17.43,17.46,17.43,500
2022-08-10,17.82,17.913,17.913,17.82,356
2022-08-11,17.8993,17.8993,17.8993,17.8993,0
2022-08-12,18.0179,18.0179,18.0179,18.0179,0
2022-08-15,17.9308,17.9308,17.9308,17.9308,2
2022-08-16,17.93,17.9731,17.9731,17.93,4183
2022-08-17,17.7719,17.7719,17.7719,17.7719,97
2022-08-18,17.6802,17.6802,17.6802,17.6802,0
2022-08-19,17.3791,17.3791,17.3791,17.3791,1
2022-08-22,17.0373,17.0373,17.0373,17.0373,0
2022-08-23,17.0573,17.0573,17.0573,17.0573,2
2022-08-24,17.1162,17.1162,17.1162,17.1162,1
2022-08-25,17.2381,17.2381,17.2381,17.2381,1
2022-08-26,16.7547,16.7547,16.7547,16.7547,0
2022-08-29,16.5768,16.5768,16.5768,16.5768,1
2022-08-30,16.42,16.4461,16.4461,16.42,1378
2022-08-31,16.375,16.375,16.375,16.375,5
2022-09-01,16.03,16.1533,16.1533,16.03,635
2022-09-02,15.9654,15.9654,15.9654,15.9654,1
2022-09-06,15.89,15.8702,15.89,15.8702,516
2022-09-07,16.0511,16.0511,16.0511,16.0511,0
2022-09-08,16.118,16.118,16.118,16.118,0
2022-09-09,16.4995,16.4986,16.4995,16.4986,1240
2022-09-12,16.7156,16.7156,16.7156,16.7156,1
2022-09-13,16.1055,16.1055,16.1055,16.1055,8
2022-09-14,16.14,16.1549,16.1549,16.14,670
2022-09-15,15.9852,15.9852,15.9852,15.9852,1
2022-09-16,15.79,15.8384,15.8384,15.79,522
2022-09-19,15.835,15.8926,15.95,15.835,1717
2022-09-20,15.587,15.587,15.587,15.587,0
2022-09-21,15.4311,15.4311,15.4311,15.4311,25
2022-09-22,15.27,15.2178,15.28,15.2178,1057
2022-09-23,14.84,14.8559,14.8559,14.795,3080
2022-09-26,14.6614,14.6614,14.6614,14.6614,3
2022-09-27,14.6,14.6,14.6,14.6,268
2022-09-28,14.88,14.888,14.888,14.86,1240
2022-09-29,14.58,14.551272,14.5852,14.56,254
2022-09-30,14.4531,14.4203,14.4531,14.4203,479
2022-10-03,14.8256,14.8256,14.8256,14.8256,1
2022-10-04,15.2,15.4228,15.4228,15.2,506
2022-10-05,15.2824,15.2824,15.2824,15.2824,6
2022-10-06,15.17,15.0519,15.17,15.0519,460
2022-10-07,14.6396,14.6396,14.6396,14.6396,13
2022-10-10,14.537,14.537,14.537,14.537,1
2022-10-11,14.36,14.2696,14.36,14.2696,320
2022-10-12,14.31,14.1759,14.32,14.1759,1079
2022-10-13,13.8099,14.4386,14.4386,13.8099,200
2022-10-14,14.1462,14.1462,14.1462,14.1462,29
2022-10-17,14.544,14.544,14.544,14.544,0
2022-10-18,14.6887,14.6887,14.6887,14.6887,1
2022-10-19,14.47,14.5175,14.5175,14.47,2171
2022-10-20,14.4755,14.4755,14.4755,14.4755,6
2022-10-21,14.6732,14.6732,14.6732,14.6732,0
2022-10-24,14.6213,14.6213,14.6213,14.6213,3
2022-10-25,14.9398,14.9398,14.9398,14.9398,144
2022-10-26,15.09,15.1405,15.1405,15.09,1166
2022-10-27,15.0178,15.0178,15.0178,15.0178,0
2022-10-28,15.03,15.1698,15.1698,15.03,959
2022-10-31,15.02,14.988,15.03,14.988,396
2022-11-01,15.1609,15.1609,15.1609,15.1609,10
2022-11-02,14.8731,14.8731,14.8731,14.8731,0
2022-11-03,14.7364,14.7364,14.7364,14.7364,0
2022-11-04,15.18,15.2075,15.2075,15.18,1377
2022-11-07,15.346,15.346,15.346,15.346,0
2022-11-08,15.69,15.6694,15.69,15.6694,100
2022-11-09,15.3038,15.3038,15.3038,15.3038,0
2022-11-10,16.3623,16.3623,16.3623,16.3623,0
2022-11-11,16.7512,16.7512,16.7512,16.7512,0
2022-11-14,16.67,16.67,16.67,16.67,126
2022-11-15,16.804,16.804,16.804,16.804,0
2022-11-16,16.7324,16.7324,16.7324,16.7324,0
2022-11-17,16.72,16.7109,16.73,16.7109,603
2022-11-18,16.6328,16.6328,16.6328,16.6328,20
2022-11-21,16.4257,16.4257,16.4257,16.4257,0
2022-11-22,16.67,16.6162,16.68,16.6162,816
2022-11-23,16.839,16.839,16.839,16.839,0
2022-11-25,16.8657,16.8657,16.8657,16.8657,0
2022-11-28,16.583,16.583,16.583,16.583,0
2022-11-29,16.66,16.6468,16.66,16.6468,583
2022-11-30,17.0911,17.0911,17.0911,17.0911,0
2022-12-01,17.2694,17.2694,17.2694,17.2694,50
2022-12-02,17.21,17.2693,17.2693,17.21,290
2022-12-05,17.0246,17.0246,17.0246,17.0246,58
2022-12-06,16.8363,16.8363,16.8363,16.8363,2
2022-12-07,16.774,16.774,16.774,16.774,0
2022-12-08,16.91,16.887,16.92,16.887,1061
2022-12-09,16.9011,16.9011,16.9011,16.9011,0
2022-12-12,17.0026,17.0026,17.0026,17.0026,1
2022-12-13,17.2032,17.2032,17.2032,17.2032,6
2022-12-14,17.1222,17.1222,17.1222,17.1222,13
2022-12-15,16.662,16.662,16.662,16.662,13
2022-12-16,16.5326,16.5326,16.5326,16.5326,0
2022-12-19,16.4219,16.381793,16.4219,16.4219,0
2022-12-20,16.41,16.3566,16.44,16.3566,808
2022-12-21,16.4889,16.4889,16.4889,16.4889,0
2022-12-22,16.27,16.27,16.27,16.27,2
2022-12-23,16.3357,16.3357,16.3357,16.3357,22
2022-12-27,16.3644,16.3644,16.3644,16.3644,2
2022-12-28,16.1186,16.1186,16.1186,16.1186,13
2022-12-29,16.51,16.5175,16.5175,16.5,502
2022-12-30,16.3791,16.3309,16.3791,16.3309,1775
2023-01-03,16.43,16.4172,16.43,16.41,3606
2023-01-04,16.7005,16.7005,16.7005,16.7005,0
2023-01-05,16.5455,16.5455,16.5455,16.5455,0
2023-01-06,16.62,16.99,16.99,16.62,200
2023-01-09,17.1435,17.1435,17.1435,17.1435,0
2023-01-10,17.1049,17.1049,17.1049,17.1049,0
2023-01-11,17.2,17.2705,17.2705,17.2,1378
2023-01-12,17.35,17.5077,17.5077,17.34,337
2023-01-13,17.5816,17.5816,17.5816,17.5816,9
2023-01-17,17.734,17.7155,17.734,17.7155,203
2023-01-18,17.91,17.6863,17.91,17.6863,202
2023-01-19,17.64,17.6404,17.65,17.64,1275
2023-01-20,17.73,17.8102,17.83,17.71,1533
2023-01-23,17.93,17.93,17.93,17.93,99
2023-01-24,17.9406,17.9406,17.9406,17.9406,0
2023-01-25,18.06,18.0101,18.07,18.0101,1083
2023-01-26,18.0781,18.0781,18.0781,18.0781,0
2023-01-27,18.0542,18.0542,18.0542,18.0542,0
2023-01-30,17.885,17.885,17.885,17.885,0
2023-01-31,17.98,17.9905,18.0,17.98,3328
2023-02-01,18.2231,18.2231,18.2231,18.2231,0
2023-02-02,18.4106,18.4106,18.4106,18.4106,14
2023-02-03,18.27,18.2879,18.34,18.27,6980
2023-02-06,17.9755,17.9755,17.9755,17.9755,5
2023-02-07,17.96,18.1094,18.1094,17.96,1689
2023-02-08,17.96,17.9,17.97,17.85,12810
2023-02-09,18.2,17.9496,18.2,17.9496,332
2023-02-10,17.8,17.7538,17.8,17.7162,2919
2023-02-13,17.79,17.9454,17.95,17.79,2892
2023-02-14,17.8,17.8962,17.8962,17.8,100
2023-02-15,17.7066,17.7066,17.7066,17.7066,0
2023-02-16,17.58,17.6515,17.6515,17.58,324
2023-02-17,17.67,17.65,17.67,17.65,324
2023-02-21,17.2621,17.2621,17.2621,17.2621,7
2023-02-22,17.1762,17.1762,17.1762,17.1762,0
2023-02-23,17.2675,17.2675,17.2675,17.2675,0
2023-02-24,16.97,16.9798,16.9798,16.97,328
2023-02-27,17.1349,17.1349,17.1349,17.1349,0
2023-02-28,17.17,17.17,17.17,17.17,100
2023-03-01,17.29,17.3,17.3,17.29,202
2023-03-02,17.275,17.275,17.275,17.275,2
2023-03-03,17.31,17.4945,17.4945,17.31,752
2023-03-06,17.37,17.4795,17.6,17.37,8510
2023-03-07,17.47,17.23,17.47,17.1915,806
2023-03-08,17.4037,17.4037,17.4037,17.4037,0
2023-03-09,17.48,17.31,17.48,17.26,3261
2023-03-10,17.1,17.08,17.1,17.05,1200
2023-03-13,17.0814,17.0814,17.0814,17.0814,31
2023-03-14,17.24,17.2813,17.2813,17.24,444
2023-03-15,16.56,16.7047,16.7553,16.5101,2148
2023-03-16,16.79,17.1315,17.1315,16.7883,2027
2023-03-17,17.12,17.19,17.19,17.08,3008
2023-03-20,17.2626,17.2626,17.2626,17.2626,2
2023-03-21,17.45,17.42,17.45,17.42,209
2023-03-22,17.504,17.3928,17.54,17.3928,712
2023-03-23,17.4758,17.4758,17.4758,17.4758,0
2023-03-24,17.31,17.3431,17.3431,17.31,472
2023-03-27,17.4478,17.4478,17.4478,17.4478,0
2023-03-28,17.3939,17.3939,17.3939,17.3939,0
2023-03-29,17.69,17.69,17.69,17.69,170
2023-03-30,18.06,17.990053,18.06,18.0,338
2023-03-31,18.17,18.1,18.17,18.1,586
2023-04-03,18.125,18.1998,18.21,18.125,1679
2023-04-04,18.17,18.1528,18.17,18.1528,102
2023-04-05,17.9747,17.9747,17.9747,17.9747,52
2023-04-06,18.045,17.97,18.045,17.97,225
2023-04-10,17.96,17.99,17.99,17.92,412
2023-04-11,18.16,18.1374,18.16,18.1374,1257
2023-04-12,18.175,18.18,18.21,18.15,1626
2023-04-13,18.35,18.35,18.35,18.35,107
2023-04-14,18.2254,18.2254,18.2254,18.2254,0
2023-04-17,18.1987,18.1987,18.1987,18.1987,2
2023-04-18,18.32,18.2538,18.32,18.2538,551518
2023-04-19,18.0926,18.0926,18.0926,18.0926,0
2023-04-20,18.04,18.0348,18.04,18.0348,147
2023-04-21,18.0675,18.0675,18.0675,18.0675,0
2023-04-24,18.1346,18.1346,18.1346,18.1346,0
2023-04-25,17.99,17.9263,17.99,17.9263,202
2023-04-26,17.81,17.7946,17.81,17.73,597
2023-04-27,18.0027,18.0027,18.0027,18.0027,7
2023-04-28,18.04,18.03,18.04,18.03,300
2023-05-01,18.0286,18.0004,18.0286,18.0004,415
2023-05-02,17.7053,17.8308,17.8308,17.7053,466
2023-05-03,17.8328,17.8328,17.8328,17.8328,0
2023-05-04,17.808,17.808,17.808,17.808,0
2023-05-05,18.0612,18.0612,18.0612,18.0612,1
2023-05-08,18.0791,18.0791,18.0791,18.0791,1
2023-05-09,18.0201,18.0201,18.0201,18.0201,0
2023-05-10,18.0011,18.0011,18.0011,18.0011,0
2023-05-11,17.9246,17.9246,17.9246,17.9246,0
2023-05-12,17.83,17.8689,17.8689,17.82,1305
2023-05-15,18.0156,18.0156,18.0156,18.0156,0
2023-05-16,17.9545,17.8948,17.9545,17.8948,1019
2023-05-17,17.9646,17.9646,17.9646,17.9646,99
2023-05-18,17.9946,17.9946,17.9946,17.9946,1
2023-05-19,18.1429,18.1429,18.1429,18.1429,0
2023-05-22,18.25,18.1753,18.26,18.1753,1003
2023-05-23,17.8581,17.8581,17.8581,17.8581,0
2023-05-24,17.5676,17.5676,17.5676,17.5676,1
2023-05-25,17.68,17.6674,17.68,17.6397,964
2023-05-26,17.8177,17.8177,17.8177,17.8177,0
2023-05-30,17.7035,17.7035,17.7035,17.7035,0
2023-05-31,17.6124,17.6124,17.6124,17.6124,0
2023-06-01,17.75,17.958,17.958,17.75,336
2023-06-02,18.14,18.2299,18.2299,18.14,403
2023-06-05,18.14,18.2299,18.14,18.0811,139
2023-06-06,18.0631,18.2087,18.2087,18.0631,554
2023-06-07,18.1961,18.0231,18.1961,18.0231,532
2023-06-08,18.1017,18.1017,18.1017,18.1017,0
2023-06-09,18.0757,18.0757,18.0757,18.0757,0
2023-06-12,18.2844,18.2844,18.2844,18.2844,0
2023-06-13,18.47,18.4669,18.49,18.4669,732
2023-06-14,18.4699,18.4699,18.4699,18.4699,0
2023-06-15,18.5445,18.5445,18.5445,18.5445,2
2023-06-16,18.62,18.4867,18.63,18.4867,613
2023-06-20,18.2831,18.2831,18.2831,18.2831,8
2023-06-21,18.2475,18.2475,18.2475,18.2475,0
2023-06-22,18.1966,18.1966,18.1966,18.1966,0
2023-06-23,17.785,17.785,17.785,17.785,2
2023-06-26,17.7939,17.7939,17.7939,17.7939,0
2023-06-27,17.948,17.948,17.948,17.948,1
2023-06-28,17.9571,17.9571,17.9571,17.9571,0
2023-06-29,17.9495,17.793488,17.9495,17.9495,0
2023-06-30,18.0456,18.0456,18.0456,18.0456,0
2023-07-03,18.0039,18.0039,18.0039,18.0039,1
2023-07-05,17.78,17.7321,17.78,17.7321,139
2023-07-06,17.3891,17.3891,17.3891,17.3891,1
2023-07-07,17.5334,17.5334,17.5334,17.5334,133
2023-07-10,17.5776,17.5776,17.5776,17.5776,5
2023-07-11,17.726,17.726,17.726,17.726,0
2023-07-12,18.0225,18.0225,18.0225,18.0225,0
2023-07-13,18.3523,18.3523,18.3523,18.3523,0
2023-07-14,18.2454,18.2454,18.2454,18.2454,9
2023-07-17,18.2421,18.2421,18.2421,18.2421,0
2023-07-18,18.3066,18.3066,18.3066,18.3066,277
2023-07-19,18.2161,18.2161,18.2161,18.2161,2
2023-07-20,17.9347,17.9347,17.9347,17.9347,0
2023-07-21,18.0354,18.0354,18.0354,18.0354,0
2023-07-24,17.9957,17.9957,17.9957,17.9957,5
2023-07-25,18.0625,18.0625,18.0625,18.0625,5
2023-07-26,18.0096,18.0096,18.0096,18.0096,1
2023-07-27,18.28,18.03,18.28,18.03,903
2023-07-28,18.19,18.1387,18.19,18.1387,251
2023-07-31,18.17,18.15,18.17,18.15,1876
2023-08-01,17.9157,17.9157,17.9157,17.9157,1
2023-08-02,17.4825,17.4825,17.4825,17.4825,0
2023-08-03,17.2782,17.2782,17.2782,17.2782,1
2023-08-04,17.2976,17.2976,17.2976,17.2976,0
2023-08-07,17.5,17.4853,17.5,17.4853,522
2023-08-08,17.2411,17.2411,17.2411,17.2411,0
2023-08-09,17.26,17.251,17.26,17.251,328
2023-08-10,17.2598,17.2598,17.2598,17.2598,0
2023-08-11,17.0795,17.0795,17.0795,17.0795,1
2023-08-14,17.0418,17.0418,17.0418,17.0418,4
2023-08-15,16.8204,16.8204,16.8204,16.8204,0
2023-08-16,16.7504,16.7504,16.7504,16.7504,0
2023-08-17,16.5108,16.5108,16.5108,16.5108,0
2023-08-18,16.525,16.525,16.525,16.525,2
2023-08-21,16.4894,16.4894,16.4894,16.4894,0
2023-08-22,16.56,16.4455,16.56,16.4455,1099
2023-08-23,16.6676,16.6676,16.6676,16.6676,1
2023-08-24,16.3677,16.3677,16.3677,16.3677,0
2023-08-25,16.43,16.43,16.43,16.43,247
2023-08-28,16.53,16.5948,16.5948,16.53,344
2023-08-29,16.835,16.835,16.835,16.835,1
2023-08-30,16.8222,16.8222,16.8222,16.8222,0
2023-08-31,16.83,16.7545,16.83,16.7545,14609
2023-09-01,16.7508,16.7508,16.7508,16.7508,0
2023-09-05,16.5741,16.5741,16.5741,16.5741,60
2023-09-06,16.5354,16.5354,16.5354,16.5354,1
2023-09-07,16.344,16.344,16.344,16.344,62
2023-09-08,16.2393,16.2393,16.2393,16.2393,0
2023-09-11,16.3474,16.3474,16.3474,16.3474,0
2023-09-12,16.2818,16.2818,16.2818,16.2818,3
2023-09-13,16.2261,16.2261,16.2261,16.2261,0
2023-09-14,16.32,16.4329,16.4329,16.32,2627
2023-09-15,16.2861,16.2861,16.2861,16.2861,0
2023-09-18,16.22,16.3723,16.45,16.2,74039
2023-09-19,16.3091,16.3091,16.3091,16.3091,2
2023-09-20,16.36,16.2427,16.36,16.24,402
2023-09-21,16.0447,15.9691,16.22,15.96,31031
2023-09-22,16.05,16.0218,16.05,15.98,710
2023-09-25,15.84,15.926,15.926,15.84,1048
2023-09-26,15.77,15.6703,15.77,15.6703,673
2023-09-27,15.74,15.73,15.74,15.57,2791
2023-09-28,15.64,15.662896,15.8,15.64,2266
2023-09-29,15.6951,15.6951,15.6951,15.6951,30
2023-10-02,15.4099,15.4099,15.4099,15.4099,0
2023-10-03,15.35,15.2735,15.35,15.2735,2452
2023-10-04,15.29,15.3864,15.3864,15.28,4799
2023-10-05,15.23,15.27,15.3,15.21,47661
2023-10-06,15.28,15.45,15.4899,15.26,1000
2023-10-09,15.34,15.415,15.415,15.34,319
2023-10-10,15.59,15.565,15.59,15.565,735
2023-10-11,15.54,15.624,15.624,15.52,435
2023-10-12,15.7,15.4949,15.7,15.4949,766
2023-10-13,15.21,15.2192,15.27,15.21,655
2023-10-16,15.3,15.2998,15.33,15.25,948
2023-10-17,15.21,15.32,15.32,15.21,3952
2023-10-18,15.21,15.0447,15.21,15.0447,597
2023-10-19,14.9396,14.9396,14.9396,14.9396,262
2023-10-20,14.91,14.7347,14.91,14.7347,521
2023-10-23,14.67,14.725,14.725,14.67,503
2023-10-24,14.81,14.8188,14.8188,14.81,2126
2023-10-25,14.6847,14.6847,14.6847,14.6847,406
2023-10-26,14.7,14.6187,14.7,14.6187,504
2023-10-27,14.79,14.5802,14.79,14.5802,522
2023-10-30,14.79,14.785,14.79,14.785,503
2023-10-31,14.9,14.8494,14.9,14.84,1663
2023-11-01,14.95,15.0792,15.0792,14.95,4181
2023-11-02,15.4796,15.4796,15.4796,15.4796,177
2023-11-03,15.6817,15.6817,15.6817,15.6817,152
2023-11-06,15.59,15.59,15.59,15.59,245
2023-11-07,15.5,15.532,15.532,15.5,281
2023-11-08,15.6079,15.6079,15.6079,15.6079,51
2023-11-09,15.6782,15.6782,15.6782,15.6782,50
2023-11-10,15.69,15.76,15.79,15.69,1311
2023-11-13,15.68,15.7936,15.7936,15.68,404
2023-11-14,16.227,16.227,16.227,16.227,47
2023-11-15,16.35,16.3443,16.35,16.3443,161
2023-11-16,16.3577,16.3577,16.3577,16.3577,40
2023-11-17,16.5128,16.5128,16.5128,16.5128,40
2023-11-20,16.5758,16.5758,16.5758,16.5758,40
2023-11-21,16.5212,16.5212,16.5212,16.5212,142
2023-11-22,16.5625,16.5377,16.5625,16.5377,1127
2023-11-24,16.6596,16.6596,16.6596,16.6596,31
2023-11-27,16.5488,16.5923,16.5923,16.5488,171
2023-11-28,16.6348,16.6348,16.6348,16.6348,30
2023-11-29,16.76,16.76,16.76,16.76,27
2023-11-30,16.7425,16.7425,16.7425,16.7425,23
2023-12-01,16.8953,16.8953,16.8953,16.8953,28
2023-12-04,16.76,16.795,16.795,16.76,430
2023-12-05,16.7412,16.7412,16.7412,16.7412,48
2023-12-06,16.86,16.8129,16.94,16.8129,506
2023-12-07,16.944,16.9629,16.9629,16.944,1411
2023-12-08,16.965,16.965,16.965,16.965,17
2023-12-11,17.0048,17.0048,17.0048,17.0048,7
2023-12-12,16.94,16.9969,17.1,16.94,1049
2023-12-13,17.275,17.275,17.275,17.275,25
2023-12-14,17.5131,17.5131,17.5131,17.5131,1365
2023-12-15,17.36,17.4286,17.4286,17.36,118
2023-12-18,17.4,17.385,17.4,17.385,175
2023-12-19,17.481,17.444261,17.4878,17.481,175
2023-12-20,17.26,17.1858,17.26,17.1858,1400
2023-12-21,17.395,17.48,17.48,17.395,137
2023-12-22,17.4824,17.4824,17.4824,17.4824,2
2023-12-26,17.44,17.546,17.546,17.42,566
2023-12-27,17.6395,17.6395,17.6395,17.6395,31
2023-12-28,17.6838,17.6838,17.6838,17.6838,148
2023-12-29,17.55,17.53,17.695,17.53,16859
2024-01-02,17.32,17.2126,17.36,17.2,3121
2024-01-03,17.165,17.0795,17.165,17.02,3289
2024-01-04,17.05,17.0263,17.08,16.96,2951
2024-01-05,17.08,17.0259,17.08,16.99,2571
2024-01-08,17.3382,17.3382,17.3382,17.3382,1
2024-01-09,17.215,17.215,17.215,17.215,27
2024-01-10,17.3391,17.3391,17.3391,17.3391,121
2024-01-11,17.08,17.3097,17.3097,17.08,266
2024-01-12,17.3884,17.3884,17.3884,17.3884,0
2024-01-16,16.94,17.0263,17.0263,16.94,274
2024-01-17,16.795,16.795,16.795,16.795,0
2024-01-18,17.0135,17.0135,17.0135,17.0135,0
2024-01-19,17.1694,17.1694,17.1694,17.1694,58
2024-01-22,17.1531,17.1531,17.1531,17.1531,2
2024-01-23,17.01,17.1471,17.1471,17.01,2353
2024-01-24,17.269,17.269,17.269,17.269,131
2024-01-25,17.325,17.325,17.325,17.325,132
2024-01-26,17.315,17.315,17.315,17.315,131
2024-01-29,17.3101,17.3101,17.3101,17.3101,129
2024-01-30,17.19,17.2,17.2,17.19,494
2024-01-31,17.1567,17.1567,17.1567,17.1567,64
2024-02-01,17.345,17.4319,17.4319,17.345,426
2024-02-02,17.2838,17.3307,17.3307,17.2838,388
2024-02-05,17.2277,17.2277,17.2277,17.2277,30
2024-02-06,17.1,17.2658,17.2658,17.1,166
2024-02-07,17.2343,17.2343,17.2343,17.2343,22
2024-02-08,17.2731,17.2731,17.2731,17.2731,21
2024-02-09,17.31,17.4163,17.4163,17.31,326
2024-02-12,17.365,17.365,17.365,17.365,27
2024-02-13,17.01,16.9833,17.01,16.934,658
2024-02-14,17.1986,17.1986,17.1986,17.1986,22
2024-02-15,17.25,17.422,17.422,17.2,492
2024-02-16,17.4,17.4116,17.58,17.36,2583
2024-02-20,17.2465,17.2465,17.2465,17.2465,80
2024-02-21,17.2615,17.2615,17.2615,17.2615,314
2024-02-22,17.5371,17.5371,17.5371,17.5371,26
2024-02-23,17.5424,17.5424,17.5424,17.5424,28
2024-02-26,17.5208,17.5208,17.5208,17.5208,25
2024-02-27,17.5222,17.5222,17.5222,17.5222,38
2024-02-28,17.4354,17.4354,17.4354,17.4354,25
2024-02-29,17.6101,17.6101,17.6101,17.6101,23
2024-03-01,17.57,17.7654,17.7654,17.57,2725
2024-03-04,17.6986,17.6986,17.6986,17.6986,33
2024-03-05,17.65,17.5504,17.65,17.5504,365
2024-03-06,17.7653,17.7653,17.7653,17.7653,31
2024-03-07,17.98,18.0328,18.0328,17.97,534
2024-03-08,17.948,17.948,17.948,17.948,34
2024-03-11,17.8126,17.8126,17.8126,17.8126,66
2024-03-12,17.9695,17.9695,17.9695,17.9695,47
2024-03-13,17.9037,17.9037,17.9037,17.9037,32
2024-03-14,17.739,17.739,17.739,17.739,30
2024-03-15,17.69,17.6545,17.69,17.65,467
2024-03-18,17.6201,17.647,17.647,17.6201,1397
2024-03-19,17.61,17.6643,17.6643,17.61,1140
2024-03-20,17.8645,17.8645,17.8645,17.8645,49
2024-03-21,17.86,17.7671,17.86,17.7671,128
2024-03-22,17.6775,17.6775,17.6775,17.6775,31
2024-03-25,17.5557,17.5557,17.5557,17.5557,129
2024-03-26,17.57,17.6061,17.64,17.57,1185
2024-03-27,17.715,17.706919,17.715,17.715,33
2024-03-28,17.6049,17.6049,17.6049,17.6049,112
2024-04-01,17.6432,17.6432,17.6432,17.6432,37
2024-04-02,17.38,17.38,17.38,17.38,253
2024-04-03,17.33,17.4,17.41,17.33,596
2024-04-04,17.25,17.19,17.25,17.19,2022
2024-04-05,17.32,17.3914,17.3914,17.31,1132
2024-04-08,17.53,17.465,17.53,17.465,5002
2024-04-09,17.5107,17.5107,17.5107,17.5107,0
2024-04-10,17.23,17.2558,17.2558,17.23,484
2024-04-11,17.345,17.345,17.345,17.345,0
2024-04-12,17.14,17.0164,17.14,17.0164,638
2024-04-15,17.13,16.89,17.131,16.85,5910
2024-04-16,16.91,16.88,16.91,16.87,1089
2024-04-17,16.84,16.8593,16.8593,16.82,554
2024-04-18,16.86,16.8328,16.9151,16.8328,676
2024-04-19,16.62,16.6235,16.6235,16.59,352
2024-04-22,16.8064,16.8064,16.8064,16.8064,2
2024-04-23,16.875,16.9921,16.9921,16.875,5767
2024-04-24,17.005,17.0063,17.0063,16.9954,573
2024-04-25,16.76,16.9683,17.01,16.76,8501
2024-04-26,17.18,17.205,17.205,17.18,108
2024-04-29,17.2945,17.2945,17.2945,17.2945,0
2024-04-30,17.16,17.0244,17.16,17.0201,1534
2024-05-01,16.9934,17.0398,17.08,16.9934,414
2024-05-02,17.2006,17.2006,17.2006,17.2006,1
2024-05-03,17.37,17.4011,17.4011,17.37,2566
2024-05-06,17.5843,17.5843,17.5843,17.5843,99
2024-05-07,17.6949,17.6949,17.6949,17.6949,67
2024-05-08,17.7454,17.7454,17.7454,17.7454,0
2024-05-09,17.78,17.905,17.91,17.78,2933
2024-05-10,18.02,18.0334,18.0334,18.02,352
2024-05-13,18.0456,18.0271,18.0456,18.0271,400
2024-05-14,18.09,18.1429,18.1429,18.07,838
2024-05-15,18.4186,18.4186,18.4186,18.4186,35
2024-05-16,18.3403,18.3403,18.3403,18.3403,4
2024-05-17,18.27,18.3161,18.3161,18.27,355
2024-05-20,18.335,18.335,18.335,18.335,8
2024-05-21,18.22,18.2209,18.2209,18.22,1062
2024-05-22,18.18,18.171,18.18,18.09,21811
2024-05-23,18.1701,18.1234,18.1701,18.12,402
2024-05-24,18.3817,18.3817,18.3817,18.3817,1
2024-05-28,18.37,18.3469,18.37,18.31,506
2024-05-29,18.06,17.9858,18.06,17.9858,478
2024-05-30,18.1745,18.1745,18.1745,18.1745,0
2024-05-31,18.29,18.3142,18.3142,18.29,107
2024-06-03,18.38,18.3909,18.3909,18.34,6871
2024-06-04,18.36,18.3874,18.3874,18.36,139
2024-06-05,18.5,18.7267,18.7267,18.5,1874
2024-06-06,18.67,18.6606,18.67,18.6606,412
2024-06-07,18.5273,18.5273,18.5273,18.5273,0
2024-06-10,18.36,18.5275,18.5275,18.36,336
2024-06-11,18.33,18.3291,18.33,18.26,759
2024-06-12,18.7083,18.7083,18.7083,18.7083,6
2024-06-13,18.59,18.4898,18.59,18.4898,320
2024-06-14,18.16,18.2218,18.2218,18.16,458
2024-06-17,18.3626,18.3626,18.3626,18.3626,67
2024-06-18,18.49,18.4799,18.49,18.4799,364
2024-06-20,18.4267,18.4267,18.4267,18.4267,57
2024-06-21,18.3492,18.32,18.3492,18.32,200
2024-06-24,18.35,18.3682,18.4001,18.35,785
2024-06-25,18.39,18.4578,18.4578,18.39,204
2024-06-26,18.28,18.3449,18.3449,18.28,378
2024-06-27,18.5062,18.387535,18.5062,18.5062,127
2024-06-28,18.32,18.3524,18.3524,18.32,345
2024-07-01,18.32,18.3071,18.32,18.3071,843
2024-07-02,18.47,18.47,18.47,18.47,80
2024-07-03,18.64,18.7067,18.71,18.64,3283
2024-07-05,18.79,18.72,18.79,18.72,663
2024-07-08,18.67,18.7072,18.7072,18.64,612
2024-07-09,18.6651,18.6651,18.6651,18.6651,89
2024-07-10,18.9465,18.9628,18.9628,18.9465,1002
2024-07-11,18.9722,18.9722,18.9722,18.9722,2
2024-07-12,19.2186,19.2186,19.2186,19.2186,5
2024-07-15,19.11,19.11,19.11,19.11,33
2024-07-16,19.2345,19.2345,19.2345,19.2345,19
2024-07-17,18.94,18.8267,18.94,18.8267,383
2024-07-18,18.6,18.6,18.61,18.6,4976
2024-07-19,18.5188,18.5188,18.5188,18.5188,3
2024-07-22,18.8539,18.8539,18.8539,18.8539,2
2024-07-23,18.75,18.68,18.75,18.67,10579
2024-07-24,18.4206,18.4206,18.4206,18.4206,0
2024-07-25,18.2231,18.2231,18.2231,18.2231,577
2024-07-26,18.45,18.5111,18.5111,18.45,158
2024-07-29,18.53,18.471,18.62,18.45,6214
2024-07-30,18.71,18.4639,18.71,18.4639,101
2024-07-31,18.8378,18.8378,18.8378,18.8378,0
2024-08-01,17.99,18.1582,18.1582,17.99,169
2024-08-02,17.8699,17.8699,17.8699,17.8699,8
2024-08-05,17.6,17.5883,17.74,17.5883,2084
2024-08-06,17.7792,17.7792,17.7792,17.7792,0
2024-08-07,17.94,17.9711,17.9711,17.94,158
2024-08-08,18.3571,18.3571,18.3571,18.3571,2
2024-08-09,18.316,18.316,18.316,18.316,87
2024-08-12,18.62,18.325,18.62,18.325,105
2024-08-13,18.6349,18.6349,18.6349,18.6349,0
2024-08-14,18.7529,18.7529,18.7529,18.7529,1
2024-08-15,19.015,19.015,19.015,19.015,65
2024-08-16,18.99,19.0139,19.0139,18.73,479
2024-08-19,19.1719,19.1719,19.1719,19.1719,1
2024-08-20,19.206,19.206,19.206,19.206,14
2024-08-21,19.2,19.1536,19.2,19.1536,317
2024-08-22,19.157,19.157,19.157,19.157,1
2024-08-23,19.5044,19.5044,19.5044,19.5044,1
2024-08-26,19.4402,19.4402,19.4402,19.4402,47
2024-08-27,19.2,19.545,19.545,19.17,537
2024-08-28,19.43,19.43,19.43,19.43,2
2024-08-29,19.4676,19.4676,19.4676,19.4676,100
2024-08-30,19.5029,19.6002,19.6002,19.5029,543
2024-09-03,19.27,18.96,19.27,18.96,445
2024-09-04,19.175,19.175,19.175,19.175,0
2024-09-05,19.1851,19.1851,19.1851,19.1851,34
2024-09-06,18.735,18.735,18.735,18.735,0
2024-09-09,19.0101,19.0101,19.0101,19.0101,32
2024-09-10,18.58,18.8942,18.8942,18.58,526
2024-09-11,18.66,19.2274,19.2274,18.66,250
2024-09-12,19.42,19.42,19.42,19.42,5
2024-09-13,19.4845,19.4845,19.4845,19.4845,0
