2024-04-16,5.0,1.94,5.5,1.7,8009617
2024-04-17,1.85,1.73,2.1943,1.55,3140917
2024-04-18,1.95,1.85,2.15,1.75,1893850
2024-04-19,1.95,3.73,3.97,1.9,36520063
2024-04-22,2.98,2.6,3.3,2.51,2557950
2024-04-23,2.39,1.95,2.39,1.76,1324625
2024-04-24,1.9,1.98,2.36,1.9,816025
2024-04-25,1.89,1.6,1.9899,1.35,1585428
2024-04-26,1.49,1.51,1.6,1.45,296865
2024-04-29,1.49,1.39,1.55,1.35,283035
2024-04-30,1.31,1.17,1.33,1.09,432158
2024-05-01,1.14,1.2,1.24,1.1,155153
2024-05-02,1.23,1.26,1.44,1.16,502983
2024-05-03,1.3,1.16,1.3599,1.11,192222
2024-05-06,1.18,1.12,1.22,1.11,105060
2024-05-07,1.14,1.16,1.19,1.08,112323
2024-05-08,1.18,1.16,1.18,1.11,129695
2024-05-09,1.13,1.06,1.165,1.055,114264
2024-05-10,1.1,1.05,1.1,1.04,102917
2024-05-13,1.07,1.05,1.0899,1.0,96093
2024-05-14,1.0,1.01,1.06,0.98,158801
2024-05-15,1.04,0.99,1.0484,0.95,150678
2024-05-16,0.98,1.12,1.14,0.98,343998
2024-05-17,1.12,1.16,1.25,1.12,237022
2024-05-20,1.13,1.15,1.2199,1.1,108521
2024-05-21,1.12,1.07,1.15,1.06,97005
2024-05-22,1.12,1.06,1.12,1.04,63665
2024-05-23,1.09,1.0597,1.1061,1.05,28835
2024-05-24,1.05,1.05,1.07,1.02,50807
2024-05-28,1.03,1.05,1.0699,1.02,30391
2024-05-29,1.04,1.0299,1.08,1.02,102214
2024-05-30,1.035,1.02,1.05,0.96,53877
2024-05-31,1.01,0.99,1.0201,0.9504,56158
2024-06-03,1.01,0.9199,1.02,0.88,129203
2024-06-04,0.928,0.909,0.928,0.8811,25715
2024-06-05,0.92,0.9299,0.938,0.88,93655
2024-06-06,0.95,0.94,1.02,0.93,169097
2024-06-07,0.94,0.96,0.97,0.93,50211
2024-06-10,0.935,0.99,1.08,0.91,87740
2024-06-11,1.0,1.02,1.05,1.0,20325
2024-06-12,1.0899,1.0799,1.09,1.02,47728
2024-06-13,1.04,1.12,1.1781,1.04,74032
2024-06-14,1.17,0.969,1.37,0.891,518388
2024-06-17,0.96,1.0087,1.04,0.91,85025
2024-06-18,1.01,0.98,1.068,0.96,39730
2024-06-20,0.98,0.9575,0.98,0.93,24525
2024-06-21,0.92,0.895,0.9949,0.88,79576
2024-06-24,0.8816,0.90275,0.91,0.86,34219
2024-06-25,0.92,0.9,0.92,0.880101,10151
2024-06-26,0.910001,0.88,0.93,0.88,8460
2024-06-27,0.905,0.91,0.91,0.88,4700
2024-06-28,0.8901,0.862,0.91,0.862,9785
2024-07-01,0.87,0.865,0.9118,0.861,22496
2024-07-02,0.8651,0.772,0.889,0.7559,83568
2024-07-03,0.81,0.8095,0.85,0.761,10978
2024-07-05,0.821,0.78725,0.821,0.783,33929
2024-07-08,0.828,0.81879,0.828,0.783,19541
2024-07-09,0.812,0.8249,0.855,0.812,17199
2024-07-10,0.853,0.83,0.853,0.8051,5739
2024-07-11,0.83,0.834,0.834,0.7749,67397
2024-07-12,0.8376,0.7802,0.8376,0.78,9145
2024-07-15,0.78,0.7766,0.817,0.7512,29018
2024-07-16,0.81,0.78,0.8222,0.7663,26015
2024-07-17,0.805,0.8037,0.82,0.7706,32085
2024-07-18,0.774295,0.802,0.803,0.73,49141
2024-07-19,0.7605,0.7462,0.801,0.7231,20949
2024-07-22,0.731,0.765,0.776975,0.7003,39368
2024-07-23,0.764,0.7114,0.764,0.68,23422
2024-07-24,0.6808,0.7422,0.742499,0.6503,53033
2024-07-25,0.72,0.7018,0.81,0.7018,30143
2024-07-26,0.7616,0.85,0.85,0.74,172420
2024-07-29,0.89,0.898,0.9,0.79,55430
2024-07-30,0.9,0.889,0.9,0.8,46660
2024-07-31,0.875,0.87,0.899,0.8198,48034
2024-08-01,0.8999,1.05,1.32,0.861,2748334
2024-08-02,0.94,0.7994,0.94,0.76,343419
2024-08-05,0.7994,0.8435,0.8558,0.66,182144
2024-08-06,0.8201,0.9195,0.9458,0.78,103328
2024-08-07,0.91,0.8817,0.928,0.8,62288
2024-08-08,0.71,0.86,0.88,0.71,50763
2024-08-09,0.8428,0.78,0.85,0.78,9911
2024-08-12,0.75,0.7325,0.8499,0.73,14180
2024-08-13,0.735,0.7788,0.784,0.7,48114
2024-08-14,0.8325,0.79,0.84,0.772,24877
2024-08-15,0.789,0.808,0.82,0.75,6841
2024-08-16,0.80623,0.750299,0.80623,0.750101,9037
2024-08-19,0.75,0.799,0.8,0.75,10563
2024-08-20,0.798,0.7985,0.7985,0.758,14101
2024-08-21,0.827,0.8,0.827,0.750001,6971
2024-08-22,0.816,0.7724,0.816,0.77,16844
2024-08-23,0.7701,0.7501,0.7701,0.7349,14907
2024-08-26,0.75,0.79,0.79,0.738,22313
2024-08-27,0.769,0.753,0.769,0.745,4518
2024-08-28,0.799,0.92,0.95,0.7555,134449
2024-08-29,0.95,0.87,0.98,0.71,127308
2024-08-30,0.8265,0.7358,0.86,0.7,52725
2024-09-03,0.77,0.794,0.83,0.76,21262
2024-09-04,0.83,1.06,1.1499,0.79,238259
2024-09-05,1.1,1.04,1.1,0.97,184259
2024-09-06,1.0059,1.04,1.08,0.98,122000
2024-09-09,1.0,1.0004,1.07,0.94,114259
2024-09-10,1.0,0.99,1.05,0.99,54618
2024-09-11,1.06,0.9336,1.06,0.8,59887
2024-09-12,0.9056,0.96,0.962,0.9056,16924
2024-09-13,0.95,1.025,1.05,0.939297,36961
