2021-12-20,10.3,10.74,11.32,10.11,1174185
2021-12-21,11.89,11.87,12.49,11.0,1751919
2021-12-22,12.4,12.25,12.65,11.93,968522
2021-12-23,12.2,12.0,12.45,11.89,687446
2021-12-27,12.15,11.65,12.2,11.3001,414166
2021-12-28,11.81,11.52,11.81,11.22,375539
2021-12-29,11.5,11.02,11.5,11.01,572566
2021-12-30,11.11,10.9,11.12,10.59,291414
2021-12-31,10.9,10.48,10.9,10.43,177430
2022-01-03,10.45,10.79,11.0,10.35,306525
2022-01-04,10.98,10.71,11.024,10.5,296290
2022-01-05,10.81,10.07,10.94,10.05,296224
2022-01-06,10.08,9.26,10.33,9.22,634386
2022-01-07,9.56,10.02,10.24,9.5,285784
2022-01-10,10.2,9.99,10.2518,9.6,232257
2022-01-11,10.0,10.16,10.27,9.69,274991
2022-01-12,10.2,10.06,10.24,9.92,272180
2022-01-13,10.0,9.73,10.16,9.66,619414
2022-01-14,9.72,9.75,9.79,9.55,321932
2022-01-18,10.0,10.03,10.16,9.75,278718
2022-01-19,10.05,9.94,10.25,9.89,335360
2022-01-20,10.11,9.55,10.11,9.52,354208
2022-01-21,9.51,9.95,9.97,9.51,337258
2022-01-24,9.9,9.8,9.9,9.3,570369
2022-01-25,9.7,9.64,9.89,9.56,311701
2022-01-26,9.8,9.57,9.85,9.45,180116
2022-01-27,9.62,9.69,9.97,9.48,281067
2022-01-28,9.6,9.61,9.81,9.5,228523
2022-01-31,9.61,10.24,10.28,9.56,825250
2022-02-01,10.8,10.5,10.8,10.2,400441
2022-02-02,10.58,10.28,10.78,10.21,97170
2022-02-03,10.34,10.23,10.4,10.11,86314
2022-02-04,10.5,10.65,10.67,10.2,189687
2022-02-07,10.51,10.24,10.58,10.16,51646
2022-02-08,10.11,10.05,10.4,9.9,146183
2022-02-09,10.05,10.18,10.39,10.02,152334
2022-02-10,10.24,10.27,10.3,10.1,126768
2022-02-11,10.63,10.08,10.9,9.95,267669
2022-02-14,9.94,9.97,10.02,9.815,81439
2022-02-15,9.89,10.0,10.0799,9.77,160276
2022-02-16,10.0,9.91,10.0448,9.68,102274
2022-02-17,9.7,9.77,9.85,9.7,101444
2022-02-18,9.81,9.7,9.96,9.66,129609
2022-02-22,9.58,9.7,9.78,9.53,102892
2022-02-23,9.79,9.7,9.79,9.41,68383
2022-02-24,9.53,9.72,9.75,9.06,142577
2022-02-25,9.5,9.62,9.81,9.5,32216
2022-02-28,9.71,9.67,9.85,9.51,53844
2022-03-01,9.5,9.56,9.67,9.24,99838
2022-03-02,9.48,9.61,9.75,9.37,49396
2022-03-03,9.7,9.65,9.71,9.39,77580
2022-03-04,9.41,9.55,9.61,9.2,84720
2022-03-07,9.39,9.04,9.39,8.89,392385
2022-03-08,9.13,9.71,9.73,8.97,172755
2022-03-09,9.74,9.89,9.9,9.34,95887
2022-03-10,9.73,9.64,9.9,9.63,73732
2022-03-11,9.94,9.51,9.94,9.51,40704
2022-03-14,9.55,9.69,9.9,9.36,96329
2022-03-15,9.58,10.15,10.38,9.58,126592
2022-03-16,10.32,10.03,10.32,9.97,84707
2022-03-17,9.88,10.19,10.27,9.86,118271
2022-03-18,10.15,10.56,10.61,10.15,122833
2022-03-21,10.46,10.56,10.62,10.29,103401
2022-03-22,10.52,10.83,11.0,10.52,90212
2022-03-23,10.98,10.77,10.98,10.62,87264
2022-03-24,10.74,10.72,10.97,10.68,48694
2022-03-25,10.62,10.61,10.88,10.48,78099
2022-03-28,10.53,10.67,10.83,10.53,61819
2022-03-29,10.69,10.62,10.73,10.55,153852
2022-03-30,10.61,10.6,10.61,10.55,56140
2022-03-31,10.49,10.55,10.61,10.44,84270
2022-04-01,10.47,10.56,10.61,10.47,57176
2022-04-04,10.78,10.59,10.78,10.37,56758
2022-04-05,10.6,10.52,10.63,10.47,24757
2022-04-06,10.45,10.53,10.56,10.2,37811
2022-04-07,10.52,10.49,10.56,10.22,39233
2022-04-08,10.46,10.38,10.5,10.35,28212
2022-04-11,10.45,10.33,10.46,10.11,36406
2022-04-12,10.49,10.38,10.5,10.25,45115
2022-04-13,10.39,10.19,10.4,10.16,44900
2022-04-14,10.3,10.08,10.4,10.07,27044
2022-04-18,10.18,10.2,10.22,9.99,12385
2022-04-19,10.29,10.3,10.5,9.99,72748
2022-04-20,10.5,10.2,10.5,10.15,51246
2022-04-21,10.29,10.21,10.34,10.2,27166
2022-04-22,10.21,10.28,10.49,10.2,15808
2022-04-25,10.37,10.49,10.5,10.07,43697
2022-04-26,10.35,10.49,10.5,10.2447,69985
2022-04-27,10.38,10.45,10.76,10.24,120102
2022-04-28,10.59,10.24,10.59,10.21,21487
2022-04-29,10.2,9.83,10.34,9.82,39732
2022-05-02,9.68,9.75,9.9,9.33,134630
2022-05-03,9.58,9.67,9.84,9.58,35835
2022-05-04,9.57,9.96,9.96,9.5,59287
2022-05-05,9.96,9.6,9.96,9.55,16759
2022-05-06,9.27,9.52,9.5667,9.25,52329
2022-05-09,9.26,9.22,9.43,9.12,71716
2022-05-10,9.81,9.24,9.89,9.17,99005
2022-05-11,9.1686,9.88,9.91,9.1686,35195
2022-05-12,9.67,9.71,9.82,9.67,10255
2022-05-13,9.65,9.78,9.92,9.65,57218
2022-05-16,9.9,9.92,9.96,9.6676,25859
2022-05-17,9.96,10.22,10.22,9.75,43954
2022-05-18,10.39,10.25,10.39,10.055,21829
2022-05-19,10.02,10.48,10.49,10.02,55006
2022-05-20,10.47,10.49,10.49,10.1884,71745
2022-05-23,10.3,10.42,10.55,10.3,186240
2022-05-24,10.31,10.52,10.6384,10.16,47915
2022-05-25,10.44,10.33,10.485,10.33,19455
2022-05-26,10.385,10.47,10.67,10.17,46043
2022-05-27,10.15,10.28,10.45,10.15,24180
2022-05-31,10.11,10.24,10.39,10.01,55512
2022-06-01,10.17,10.27,10.37,10.17,15112
2022-06-02,10.17,10.65,10.65,10.17,131226
2022-06-03,10.33,10.62,10.72,10.33,162091
2022-06-06,10.59,10.05,10.59,10.0,96148
2022-06-07,10.04,9.88,10.1603,9.77,54275
2022-06-08,9.74,9.62,9.86,9.54,112348
2022-06-09,10.6,10.05,11.02,9.89,287288
2022-06-10,10.06,10.41,10.49,9.8783,119853
2022-06-13,10.2,10.17,10.5,9.93,210986
2022-06-14,10.13,10.25,10.31,9.9,143708
2022-06-15,10.38,10.38,10.47,10.1,107837
2022-06-16,10.19,10.48,10.5,10.16,123587
2022-06-17,10.42,10.52,10.57,10.34,251350
2022-06-21,10.55,10.48,10.78,10.34,215441
2022-06-22,10.4,10.05,10.4,10.03,149850
2022-06-23,10.21,10.48,10.55,10.06,442789
2022-06-24,10.41,11.54,12.0562,10.35,5641307
2022-06-27,11.25,10.97,11.25,10.86,212402
2022-06-28,10.98,10.66,10.98,10.5,103670
2022-06-29,10.55,10.18,10.55,10.17,251279
2022-06-30,10.2,10.55,10.55,9.79,208132
2022-07-01,10.55,10.99535,11.17,10.47,200531
2022-07-05,10.98,11.72,11.72,10.73,154884
2022-07-06,11.53,11.22,11.66,10.93,89667
2022-07-07,10.98,10.69,11.38,10.61,143557
2022-07-08,10.53,10.68,10.71,10.3627,63128
2022-07-11,10.53,10.42,10.605,10.21,83113
2022-07-12,10.33,10.33,10.65,10.21,60006
2022-07-13,10.15,10.25,10.31,10.06,35069
2022-07-14,10.06,10.44,10.47,9.9,49953
2022-07-15,10.6,10.98,11.0,10.26,69866
2022-07-18,10.94,10.83,11.03,10.79,47727
2022-07-19,10.95,10.79,11.11,10.6,104613
2022-07-20,10.68,10.76,10.85,10.64,49774
2022-07-21,10.6,11.07,11.07,10.58,52364
2022-07-22,11.05,11.05,11.18,10.9501,100724
2022-07-25,11.0,10.98,11.2017,10.89,60673
2022-07-26,10.86,10.88,11.01,10.85,36421
2022-07-27,10.79,10.98,11.07,10.55,42311
2022-07-28,10.99,11.0,11.02,10.9,69234
2022-07-29,10.98,11.0,11.02,10.89,70414
2022-08-01,10.9,11.21,11.44,10.9,78077
2022-08-02,11.3,10.7,11.3,10.68,37103
2022-08-03,10.72,11.0,11.0,10.675,48841
2022-08-04,11.0,11.04,11.24,10.94,50860
2022-08-05,10.99,11.0,11.0,10.89,29218
2022-08-08,10.92,10.92,11.23,10.92,74584
2022-08-09,10.94,11.12,11.31,10.7,86110
2022-08-10,11.21,11.11,11.21,10.73,77598
2022-08-11,11.1,11.16,11.42,11.1,65026
2022-08-12,11.29,11.3,11.6,11.24,105620
2022-08-15,11.23,11.16,11.32,11.1,59617
2022-08-16,11.28,11.32,11.64,11.2,135135
2022-08-17,11.24,10.88,11.24,10.68,55562
2022-08-18,10.99,11.01,11.125,10.845,33436
2022-08-19,11.07,10.9,11.07,10.7,60959
2022-08-22,10.84,10.68,10.84,10.68,38492
2022-08-23,10.75,10.42,10.79,10.37,41420
2022-08-24,10.42,10.61,10.68,10.29,50120
2022-08-25,10.65,10.86,10.87,10.48,50540
2022-08-26,11.47,10.54,11.47,10.34,57752
2022-08-29,10.32,10.19,10.4045,9.84,90189
2022-08-30,10.1,10.31,10.51,10.1,40391
2022-08-31,10.31,10.24,10.31,10.06,42610
2022-09-01,10.19,10.2,10.25,9.96,50529
2022-09-02,10.32,10.01,10.33,9.965,27897
2022-09-06,10.2,9.93,10.2,9.915,45531
2022-09-07,9.87,10.32,10.35,9.77,72144
2022-09-08,10.06,10.19,10.19,10.05,30969
2022-09-09,10.09,10.53,10.595,10.09,42239
2022-09-12,10.41,10.66,10.68,10.41,24684
2022-09-13,10.58,10.26,10.63,10.18,57837
2022-09-14,10.17,10.14,10.44,9.9,42654
2022-09-15,10.19,10.03,10.2,9.95,35856
2022-09-16,9.92,10.54,10.62,9.82,148074
2022-09-19,10.44,10.5,10.69,10.26,71067
2022-09-20,10.36,10.28,10.45,9.95,53901
2022-09-21,10.33,10.0,10.33,9.926,41196
2022-09-22,9.86,10.1,10.32,9.86,50883
2022-09-23,10.02,9.93,10.02,9.59,98241
2022-09-26,10.05,10.3,10.48,10.0,76063
2022-09-27,10.32,10.73,10.79,10.31,54455
2022-09-28,10.78,10.94,11.0,10.63,81723
2022-09-29,10.76,10.62,10.88,10.45,71220
2022-09-30,10.5,10.75,10.92,10.5,73317
2022-10-03,10.68,10.97,11.04,10.47,101704
2022-10-04,11.07,11.0,11.085,10.91,61627
2022-10-05,10.8,10.68,11.06,10.48,57216
2022-10-06,10.84,10.84,10.93,10.68,31976
2022-10-07,10.69,10.55,10.8,10.47,42557
2022-10-10,10.67,10.43,10.67,10.3799,54019
2022-10-11,10.3,10.28,10.53,10.18,75542
2022-10-12,10.38,10.43,10.51,10.23,85849
2022-10-13,10.33,10.9,10.91,10.33,88798
2022-10-14,10.97,10.8,10.97,10.63,33053
2022-10-17,10.8,10.89,10.96,10.68,95514
2022-10-18,10.99,10.73,10.99,10.54,67128
2022-10-19,10.67,10.83,10.9,10.63,40147
2022-10-20,10.89,10.59,10.89,10.53,41953
2022-10-21,10.72,10.9,10.99,10.72,70041
2022-10-24,10.81,10.87,10.94,10.79,51554
2022-10-25,10.88,10.83,10.96,10.67,91419
2022-10-26,10.9,10.88,10.96,10.74,58345
2022-10-27,10.89,10.84,10.96,10.7679,83066
2022-10-28,10.95,10.9,10.95,10.845,136935
2022-10-31,10.8,10.96,10.98,10.7703,179095
2022-11-01,11.0,11.0,11.09,10.93,82624
2022-11-02,10.98,10.93,11.15,10.89,130232
2022-11-03,10.9,10.99,11.1,10.862,35551
2022-11-04,11.03,11.0,11.14,10.77,79797
2022-11-07,11.0,11.0,11.01,10.8,92096
2022-11-08,11.02,10.99,11.0528,10.86,89719
2022-11-09,11.0,10.76,11.01,10.71,53087
2022-11-10,10.91,11.0,11.04,10.88,131189
2022-11-11,11.06,10.99,11.13,10.95,103882
2022-11-14,11.04,10.98,11.04,10.885,170921
2022-11-15,11.0,10.8,11.18,10.7,176489
2022-11-16,11.0,10.97,11.0,10.69,60068
2022-11-17,10.92,10.99,11.22,10.92,147899
2022-11-18,11.29,11.26,11.42,10.99,168672
2022-11-21,11.03,11.55,11.78,11.03,479379
2022-11-22,11.56,11.5,11.61,11.13,310815
2022-11-23,11.46,11.29,11.46,11.22,127049
2022-11-25,11.14,10.81,11.23,10.76,91221
2022-11-28,10.76,10.77,10.84,10.65,203917
2022-11-29,10.74,10.64,10.8,10.62,103783
2022-11-30,10.61,10.99,11.14,10.61,199201
2022-12-01,10.99,11.16,11.18,10.955,77777
2022-12-02,11.12,11.04,11.26,10.93,221511
2022-12-05,11.04,11.38,11.52,10.96,205565
2022-12-06,11.35,11.02,11.55,10.89,151217
2022-12-07,10.96,10.98,11.04,10.81,145802
2022-12-08,11.04,10.96,11.25,10.95,105451
2022-12-09,10.91,10.7,10.97,10.69,88058
2022-12-12,10.63,10.73,10.88,10.58,93787
2022-12-13,10.94,11.15,11.15,10.86,194852
2022-12-14,11.07,10.95,11.25,10.86,152297
2022-12-15,10.75,10.54,10.86,10.35,165699
2022-12-16,10.43,10.34,10.47,9.79,2215023
2022-12-19,10.47,10.34,10.49,10.185,207027
2022-12-20,10.3,10.34,10.49,10.2,131468
2022-12-21,10.35,10.41,10.53,10.245,197639
2022-12-22,10.36,10.1,10.36,9.86,135202
2022-12-23,10.07,10.0,10.13,9.86,85343
2022-12-27,9.98,10.28,10.29,9.98,98685
2022-12-28,10.34,10.22,10.46,10.22,107674
2022-12-29,10.35,10.24,10.485,10.21,99289
2022-12-30,10.18,10.47,10.48,10.09,179260
2023-01-03,10.52,10.42,10.575,10.29,153397
2023-01-04,10.54,10.33,10.54,10.14,224010
2023-01-05,10.3,10.54,10.57,10.25,106537
2023-01-06,10.66,10.82,10.845,10.495,154958
2023-01-09,10.81,10.87,11.07,10.795,153154
2023-01-10,10.95,10.71,10.95,10.62,182325
2023-01-11,10.7,11.04,11.06,10.585,167750
2023-01-12,11.09,11.09,11.22,10.95,131009
2023-01-13,11.11,11.3,11.3,11.0,105742
2023-01-17,11.28,11.16,11.36,11.15,84622
2023-01-18,11.11,11.21,11.465,11.11,303205
2023-01-19,11.17,11.36,11.37,10.95,79953
2023-01-20,11.5,11.22,11.5,11.1,259700
2023-01-23,11.2,11.37,11.435,11.11,116794
2023-01-24,10.4,11.3,11.44,10.4,117784
2023-01-25,11.23,11.34,11.44,11.19,125959
2023-01-26,11.53,11.2,11.76,11.13,741840
2023-01-27,11.15,11.42,11.445,11.085,290809
2023-01-30,11.39,11.44,11.485,11.18,328709
2023-01-31,11.4,11.46,11.56,11.31,422642
2023-02-01,11.49,11.69,11.76,11.335,394903
2023-02-02,11.79,12.22,12.24,11.53,306507
2023-02-03,12.1,12.07,12.25,11.58,385730
2023-02-06,11.98,12.11,12.12,11.7622,173563
2023-02-07,12.11,12.3,12.32,12.0,212371
2023-02-08,12.18,12.39,12.46,12.14,374156
2023-02-09,12.49,12.48,12.915,12.415,419586
2023-02-10,12.39,12.36,12.48,12.21,321548
2023-02-13,11.73,11.85,12.135,11.33,1185903
2023-02-14,11.85,12.47,12.54,11.85,414250
2023-02-15,12.44,13.85,13.86,12.35,1008051
2023-02-16,13.7,13.73,13.81,13.15,598048
2023-02-17,13.7,13.34,13.9,13.24,365279
2023-02-21,13.1,12.91,13.17,12.8,304215
2023-02-22,12.9,12.99,13.0999,12.9,233294
2023-02-23,13.15,13.24,13.43,13.02,170600
2023-02-24,13.12,13.07,13.19,12.905,152573
2023-02-27,13.2,13.02,13.28,12.86,107294
2023-02-28,12.9,13.02,13.3,12.86,468466
2023-03-01,13.02,13.29,13.33,12.91,214771
2023-03-02,13.15,13.11,13.25,12.865,121628
2023-03-03,13.11,13.44,13.44,13.1,143499
2023-03-06,13.42,13.47,13.48,13.14,199461
2023-03-07,13.43,13.02,13.44,12.965,216257
2023-03-08,13.05,13.14,13.19,12.995,176488
2023-03-09,13.16,12.88,13.24,12.86,150561
2023-03-10,12.83,12.74,12.88,12.59,194422
2023-03-13,12.64,12.96,13.055,12.56,219770
2023-03-14,13.15,13.0,13.25,12.88,160390
2023-03-15,12.82,12.96,12.99,12.6737,252348
2023-03-16,12.93,13.07,13.295,12.93,149052
2023-03-17,13.11,13.1,13.2575,12.97,313737
2023-03-20,13.14,13.05,13.27,13.01,168305
2023-03-21,13.17,13.3,13.34,13.03,209585
2023-03-22,13.3,13.01,13.35,13.0,161964
2023-03-23,13.03,13.12,13.3,12.95,140689
2023-03-24,13.03,13.11,13.2,12.99,115737
2023-03-27,13.17,13.3,13.35,13.06,133471
2023-03-28,13.24,13.36,13.42,13.14,130763
2023-03-29,13.43,13.6,13.67,13.4,220260
2023-03-30,13.57,13.66,13.75,13.35,414912
2023-03-31,13.7,13.64,13.78,13.54,314703
2023-04-03,13.58,13.52,13.68,13.37,166234
2023-04-04,13.53,13.24,13.58,13.15,106573
2023-04-05,13.15,13.09,13.16,12.98,235014
2023-04-06,13.1,12.31,13.11,12.25,365145
2023-04-10,12.25,12.91,12.93,12.25,197728
2023-04-11,12.96,12.83,13.0,12.57,131874
2023-04-12,13.05,12.74,13.17,12.65,143978
2023-04-13,12.79,12.96,13.06,12.73,147167
2023-04-14,12.83,13.02,13.11,12.79,222197
2023-04-17,13.05,13.0,13.0644,12.81,300945
2023-04-18,13.0,12.99,13.05,12.87,245871
2023-04-19,12.95,12.81,13.11,12.76,161169
2023-04-20,12.72,12.82,12.91,12.56,115047
2023-04-21,12.95,13.09,13.31,12.86,1500414
2023-04-24,13.09,13.73,13.74,13.09,1990101
2023-04-25,13.64,12.86,13.64,12.84,470152
2023-04-26,12.8,12.96,13.03,12.8,234634
2023-04-27,12.99,13.0,13.08,12.88,174416
2023-04-28,12.95,12.93,13.03,12.83,156695
2023-05-01,12.95,12.97,13.19,12.91,124258
2023-05-02,12.94,13.01,13.09,12.76,169392
2023-05-03,13.04,12.98,13.13,12.89,203800
2023-05-04,12.83,12.6,12.93,12.3,639777
2023-05-05,12.8,12.85,13.095,12.73,315414
2023-05-08,12.74,12.75,12.81,12.46,2222889
2023-05-09,12.75,12.79,13.015,12.63,214655
2023-05-10,12.94,12.84,12.99,12.68,131120
2023-05-11,12.8,12.84,12.91,12.68,113386
2023-05-12,12.89,12.99,13.01,12.84,106217
2023-05-15,13.0,12.82,13.01,12.79,124201
2023-05-16,12.7,12.44,12.77,12.35,205059
2023-05-17,12.32,12.51,12.59,12.32,194505
2023-05-18,12.48,12.22,12.515,12.165,284791
2023-05-19,12.39,12.01,12.49,11.95,332120
2023-05-22,12.06,12.49,12.55,12.01,255291
2023-05-23,12.45,12.42,12.535,12.29,178728
2023-05-24,12.38,12.01,12.38,11.94,280114
2023-05-25,12.04,12.4,12.47,12.04,274211
2023-05-26,12.32,12.28,12.4,12.0,1316360
2023-05-30,11.98,11.11,12.05,11.03,1998941
2023-05-31,11.1,11.38,11.6,11.02,726516
2023-06-01,11.26,11.34,11.51,11.26,508433
2023-06-02,11.46,11.99,12.03,11.46,552725
2023-06-05,11.91,11.99,11.84,11.68,292062
2023-06-06,11.8,11.84,12.02,11.74,432156
2023-06-07,11.96,11.79,12.1,11.78,550904
2023-06-08,11.76,11.74,11.91,11.68,299841
2023-06-09,11.84,11.76,11.84,11.63,226403
2023-06-12,11.8,11.62,11.83,11.59,333069
2023-06-13,11.64,11.56,11.84,11.51,384617
2023-06-14,11.6,11.49,11.72,11.44,312463
2023-06-15,11.46,11.52,11.52,11.35,414705
2023-06-16,11.63,11.51,11.63,11.425,361451
2023-06-20,11.5,11.75,11.86,11.44,903553
2023-06-21,11.75,11.84,11.87,11.65,580431
2023-06-22,11.8,11.8,11.9,11.73,732783
2023-06-23,11.72,12.44,12.54,11.71,10488290
2023-06-26,12.46,12.5,12.66,12.1,1036107
2023-06-27,12.53,12.49,12.71,12.44,658432
2023-06-28,12.47,12.64,12.68,12.37,810368
2023-06-29,12.53,12.65,12.88,12.53,657863
2023-06-30,12.67,12.68,12.8,12.62,429939
2023-07-03,12.75,12.391,12.75,12.475,164483
2023-07-05,12.3,12.37,12.49,12.26,355646
2023-07-06,12.61,12.98,13.14,12.55,935928
2023-07-07,12.93,13.31,13.36,12.93,713915
2023-07-10,13.29,13.59,13.66,13.29,561303
2023-07-11,13.58,13.89,13.91,13.53,486520
2023-07-12,13.96,14.37,14.55,13.94,965990
2023-07-13,14.37,14.66,14.715,14.37,759046
2023-07-14,14.67,14.56,14.67,14.45,375958
2023-07-17,14.49,14.39,14.5,14.22,276777
2023-07-18,14.4,14.2,14.46,14.185,736805
2023-07-19,14.2,14.17,14.4,14.14,410475
2023-07-20,14.1,14.11,14.2,13.91,505932
2023-07-21,14.25,14.48,14.51,14.21,515722
2023-07-24,14.35,14.38,14.44,14.31,421709
2023-07-25,14.48,14.37,14.48,14.34,244694
2023-07-26,14.34,14.4,14.435,14.31,263229
2023-07-27,14.49,15.25,15.3,14.43,976271
2023-07-28,15.37,15.63,15.65,14.98,637396
2023-07-31,15.61,15.87,15.88,15.5,402130
2023-08-01,15.88,15.9,16.07,15.735,648776
2023-08-02,15.88,15.64,15.88,15.58,234389
2023-08-03,15.64,15.59,15.71,15.5485,240825
2023-08-04,15.6,15.48,15.65,15.415,335643
2023-08-07,15.6,15.6,15.61,15.45,170385
2023-08-08,15.41,15.82,15.895,15.41,419378
2023-08-09,15.95,15.95,16.02,15.73,246845
2023-08-10,16.2,16.01,16.36,15.9651,215837
2023-08-11,16.01,16.02,16.08,15.865,262833
2023-08-14,15.99,16.0,16.09,15.94,163211
2023-08-15,15.94,15.78,15.94,15.72,328775
2023-08-16,15.77,15.68,15.86,15.64,195962
2023-08-17,15.75,15.36,15.75,15.185,297421
2023-08-18,15.29,15.05,15.32,14.9,665820
2023-08-21,15.11,15.07,15.2,14.95,279663
2023-08-22,15.1,15.01,15.135,15.0,323933
2023-08-23,15.0,14.94,15.1,14.93,417447
2023-08-24,15.0,14.64,15.0,14.63,455528
2023-08-25,14.78,14.85,14.905,14.43,210732
2023-08-28,14.81,14.91,14.965,14.62,444855
2023-08-29,14.91,15.08,15.15,14.91,617728
2023-08-30,15.03,15.06,15.1681,15.01,101396
2023-08-31,15.14,14.98,15.175,14.98,135802
2023-09-01,15.01,14.97,15.12,14.91,126065
2023-09-05,14.9,14.64,14.93,14.56,157896
2023-09-06,14.6,14.52,14.725,14.4905,169618
2023-09-07,14.45,14.27,14.45,14.25,259452
2023-09-08,14.28,14.28,14.5,14.245,205412
2023-09-11,14.44,14.49,14.64,14.42,182318
2023-09-12,14.32,14.46,14.52,14.29,306593
2023-09-13,15.0,14.06,15.21,13.99,573469
2023-09-14,14.18,14.04,14.5,14.04,397338
2023-09-15,14.05,14.1,14.38,13.92,485597
2023-09-18,14.05,14.1,14.2,13.975,423590
2023-09-19,14.12,14.07,14.37,13.99,624697
2023-09-20,13.9,13.5,14.13,13.46,768743
2023-09-21,13.46,13.15,13.47,13.11,633752
2023-09-22,13.27,13.72,13.73,13.27,278816
2023-09-25,13.9,13.99,14.23,13.83,299339
2023-09-26,13.92,13.71,14.03,13.69,262542
2023-09-27,13.75,13.64,13.89,13.47,405498
2023-09-28,13.67,13.72,13.9,13.66,287157
2023-09-29,13.95,13.92,14.045,13.87,323086
2023-10-02,13.91,14.08,14.23,13.91,248081
2023-10-03,14.03,13.56,14.08,13.485,287040
2023-10-04,13.69,13.92,13.92,13.61,266051
2023-10-05,13.77,13.42,14.02,13.4,294581
2023-10-06,13.44,13.7,13.815,13.3,213077
2023-10-09,13.58,13.3,13.6,13.27,237199
2023-10-10,13.35,13.24,13.6275,13.23,289579
2023-10-11,13.24,13.06,13.346,13.0,591514
2023-10-12,12.79,12.51,13.0,12.48,580424
2023-10-13,12.49,12.25,12.6,12.13,430411
2023-10-16,12.4,12.24,12.455,12.18,291823
2023-10-17,12.23,12.25,12.5,12.18,351852
2023-10-18,12.12,11.85,12.21,11.8,401513
2023-10-19,11.9,11.94,12.16,11.85,287309
2023-10-20,12.0,12.09,12.46,11.98,454720
2023-10-23,12.01,12.25,12.38,11.97,409608
2023-10-24,12.0,11.53,12.33,11.25,888752
2023-10-25,11.46,11.22,11.53,11.185,455510
2023-10-26,11.24,11.13,11.57,11.1,391451
2023-10-27,11.18,11.0,11.25,10.9,310904
2023-10-30,11.1,11.18,11.435,11.02,423845
2023-10-31,11.25,11.12,11.37,10.885,323221
2023-11-01,11.09,11.1,11.11,10.92,265616
2023-11-02,11.27,11.44,11.57,11.27,334836
2023-11-03,11.55,11.75,11.875,11.53,265039
2023-11-06,11.71,11.82,11.83,11.57,281783
2023-11-07,11.88,11.69,12.02,11.57,279250
2023-11-08,11.8,11.65,11.915,11.615,240400
2023-11-09,11.71,11.3,11.74,11.22,267583
2023-11-10,11.41,11.49,11.5,11.145,199713
2023-11-13,11.5,11.32,11.5,11.14,239849
2023-11-14,11.65,11.79,11.8,11.5,201023
2023-11-15,11.86,11.9,12.01,11.66,245667
2023-11-16,11.84,11.44,11.97,11.43,242094
2023-11-17,11.68,11.62,11.7,11.45,303373
2023-11-20,11.55,11.74,11.85,11.44,248337
2023-11-21,11.7,11.31,11.7,11.23,489247
2023-11-22,11.48,11.57,11.705,11.41,230255
2023-11-24,11.57,11.66,11.95,11.555,177414
2023-11-27,11.61,11.58,11.635,11.395,251126
2023-11-28,11.58,11.41,11.67,11.38,355392
2023-11-29,11.5,11.49,11.63,11.35,331139
2023-11-30,11.54,11.47,11.54,11.27,311329
2023-12-01,11.58,11.76,11.895,11.47,439876
2023-12-04,11.8,11.85,11.86,11.62,343862
2023-12-05,11.85,12.1,12.2,11.85,605978
2023-12-06,12.15,12.0,12.27,11.9,322261
2023-12-07,12.0,11.67,12.03,11.62,316563
2023-12-08,11.57,11.87,11.9,11.51,411393
2023-12-11,11.79,11.79,11.9,11.73,362539
2023-12-12,11.92,11.74,11.92,11.67,460626
2023-12-13,11.8,11.75,11.97,11.66,810200
2023-12-14,11.97,11.88,12.125,11.85,622394
2023-12-15,11.9,11.69,11.92,11.615,563458
2023-12-18,11.68,11.6,11.755,11.57,659793
2023-12-19,11.67,11.7,11.705,11.51,499869
2023-12-20,11.7,11.5,11.81,11.47,356945
2023-12-21,11.57,11.65,11.7,11.48,313596
2023-12-22,11.64,11.57,11.84,11.56,308063
2023-12-26,11.58,11.6,11.67,11.55,174867
2023-12-27,11.68,11.59,11.68,11.575,140938
2023-12-28,11.58,11.63,11.7,11.47,186033
2023-12-29,11.59,11.57,11.705,11.54,196029
2024-01-02,11.47,11.3,11.47,11.28,273712
2024-01-03,11.37,11.18,11.37,11.1,292379
2024-01-04,11.08,10.99,11.14,10.945,483182
2024-01-05,10.96,10.93,11.02,10.88,483759
2024-01-08,10.92,10.95,11.03,10.88,753178
2024-01-09,10.88,11.31,11.41,10.83,1290936
2024-01-10,11.22,10.74,11.39,10.7124,555544
2024-01-11,11.0,11.0,11.19,10.9463,826831
2024-01-12,11.0,10.85,11.03,10.81,454522
2024-01-16,10.69,10.45,10.75,10.41,491978
2024-01-17,10.25,10.18,10.2755,10.12,694829
2024-01-18,10.3,10.25,10.3562,10.2,401752
2024-01-19,10.22,10.3,10.3,10.13,356193
2024-01-22,10.25,10.44,10.49,10.2,470305
2024-01-23,10.5,10.73,10.96,10.42,682107
2024-01-24,10.7,10.54,10.8,10.51,366861
2024-01-25,10.6,10.69,10.7,10.45,469173
2024-01-26,10.9,11.34,11.48,10.845,1613735
2024-01-29,11.49,11.48,11.52,11.15,637948
2024-01-30,11.39,11.49,11.62,11.35,388647
2024-01-31,11.76,12.19,12.71,11.76,1014655
2024-02-01,12.47,13.25,13.25,12.47,1090791
2024-02-02,13.2,13.12,13.29,13.09,495554
2024-02-05,13.12,13.18,13.19,12.855,456579
2024-02-06,13.2,13.09,13.38,13.0025,408339
2024-02-07,13.06,12.86,13.06,12.82,251333
2024-02-08,12.87,12.54,12.87,12.54,451506
2024-02-09,12.5,12.51,12.58,12.37,346021
2024-02-12,12.51,12.67,12.815,12.51,223448
2024-02-13,12.43,12.33,12.47,12.25,275131
2024-02-14,12.43,12.72,12.73,12.41,290762
2024-02-15,12.8,12.78,12.89,12.67,330601
2024-02-16,12.7,12.97,13.035,12.545,338286
2024-02-20,12.92,13.3,13.31,12.895,356981
2024-02-21,13.3,14.01,14.01,13.3,704538
2024-02-22,14.0,14.2,14.4,14.0,749102
2024-02-23,14.17,14.2,14.22,13.82,398066
2024-02-26,14.23,13.95,14.23,13.92,357898
2024-02-27,14.03,14.05,14.155,13.98,252528
2024-02-28,14.0,14.46,14.47,13.94,373158
2024-02-29,14.45,14.3,14.47,14.2,304404
2024-03-01,14.48,14.55,14.68,14.27,442832
2024-03-04,14.56,14.51,14.7,14.29,381640
2024-03-05,14.5,14.62,14.68,14.26,415619
2024-03-06,14.3,14.14,14.35,13.945,1360425
2024-03-07,14.22,14.2,14.3,14.1,746430
2024-03-08,14.25,14.45,14.55,14.25,1041516
2024-03-11,14.45,14.44,14.5,14.19,450483
2024-03-12,14.44,14.66,14.66,14.33,646536
2024-03-13,14.66,14.79,14.86,14.66,506027
2024-03-14,14.79,14.79,14.995,14.745,883991
2024-03-15,14.8,14.74,14.95,14.7,555720
2024-03-18,14.76,14.69,14.785,14.59,486620
2024-03-19,14.69,14.87,14.88,14.645,696456
2024-03-20,14.89,14.99,15.0,14.82,703913
2024-03-21,14.99,15.25,15.26,14.98,858922
2024-03-22,15.2,14.62,15.21,14.425,1721593
2024-03-25,14.61,14.53,14.795,14.49,542561
2024-03-26,14.53,14.38,14.615,14.36,444382
2024-03-27,14.46,14.52,14.56,14.34,512601
2024-03-28,14.5,14.65,14.8,14.4652,331903
2024-04-01,14.62,14.58,14.73,14.495,397722
2024-04-02,14.44,14.12,14.57,13.97,690991
2024-04-03,14.09,14.07,14.235,14.02,426689
2024-04-04,14.02,13.94,14.165,13.76,646129
2024-04-05,13.44,11.96,13.44,11.27,5040694
2024-04-08,12.79,12.17,13.0,11.725,3200296
2024-04-09,12.1,12.01,12.22,11.75,1132404
2024-04-10,11.83,11.67,11.83,11.53,1011879
2024-04-11,11.7,11.67,11.85,11.61,603148
2024-04-12,11.59,11.31,11.64,11.31,785304
2024-04-15,11.31,11.01,11.38,11.01,649859
2024-04-16,11.08,11.02,11.15,11.0,565681
2024-04-17,11.09,11.46,11.62,11.06,1081133
2024-04-18,11.46,11.65,11.9,11.44,1149648
2024-04-19,11.62,11.51,11.795,11.5,797921
2024-04-22,11.56,11.72,11.775,11.53,792015
2024-04-23,11.6,11.92,12.04,11.6,832692
2024-04-24,11.87,11.98,12.075,11.85,530804
2024-04-25,11.86,11.84,12.07,11.8,525604
2024-04-26,11.9,12.03,12.1756,11.885,420705
2024-04-29,12.04,12.3,12.31,11.935,443179
2024-04-30,12.18,12.3,12.33,12.07,892122
2024-05-01,12.3,12.4,12.55,12.23,742605
2024-05-02,12.55,12.81,12.855,12.43,714384
2024-05-03,13.0,12.71,13.0,12.69,736719
2024-05-06,12.75,12.82,13.0,12.6768,474297
2024-05-07,12.78,12.81,12.94,12.72,488187
2024-05-08,12.74,12.71,12.78,12.465,514872
2024-05-09,12.72,12.68,12.88,12.62,672202
2024-05-10,12.75,12.32,12.82,12.31,624464
2024-05-13,12.37,12.48,12.63,12.3,513158
2024-05-14,12.63,12.69,12.755,12.595,340210
2024-05-15,12.69,12.52,12.78,12.52,472482
2024-05-16,12.48,12.79,12.845,12.44,448921
2024-05-17,12.8,13.19,13.22,12.69,486918
2024-05-20,13.19,12.97,13.36,12.96,621557
2024-05-21,12.91,12.82,12.98,12.82,435627
2024-05-22,12.79,12.64,12.95,12.61,313141
2024-05-23,12.66,12.6,12.75,12.525,253022
2024-05-24,12.66,12.62,12.7899,12.595,242228
2024-05-28,12.66,12.43,12.7,12.33,335925
2024-05-29,12.26,11.88,12.26,11.86,409480
2024-05-30,11.95,12.33,12.35,11.95,350655
2024-05-31,12.38,12.32,12.54,12.21,272071
2024-06-03,12.35,12.47,12.52,12.3,277821
2024-06-04,12.41,12.27,12.53,12.17,238269
2024-06-05,12.36,12.56,12.695,12.32,281615
2024-06-06,12.51,12.44,12.64,12.345,181838
2024-06-07,12.36,12.3,12.49,12.21,253499
2024-06-10,12.25,12.4,12.41,12.23,254366
2024-06-11,12.29,12.41,12.45,12.23,211784
2024-06-12,12.65,12.25,12.77,12.25,394918
2024-06-13,12.15,11.99,12.29,11.91,350234
2024-06-14,11.91,11.65,11.98,11.645,290365
2024-06-17,11.72,11.77,11.84,11.65,158367
2024-06-18,11.73,11.68,11.74,11.64,159175
2024-06-20,11.68,11.82,11.945,11.62,322001
2024-06-21,11.79,11.85,11.91,11.735,300390
2024-06-24,11.88,11.88,12.15,11.87,163627
2024-06-25,11.79,11.79,11.91,11.7,180484
2024-06-26,11.7,11.8,11.8294,11.7,129121
2024-06-27,11.77,11.75,11.805,11.65,231128
2024-06-28,11.73,11.84,11.96,11.68,251416
2024-07-01,11.89,11.67,11.91,11.66,240008
2024-07-02,11.7,11.5,11.75,11.44,301046
2024-07-03,11.55,11.4911,11.69,11.49,80374
2024-07-05,11.62,11.36,11.62,11.32,413144
2024-07-08,11.39,11.3,11.53,11.25,196525
2024-07-09,11.22,10.92,11.22,10.9,469886
2024-07-10,11.1,10.82,11.32,10.77,342642
2024-07-11,11.05,11.26,11.38,10.955,483272
2024-07-12,11.33,11.35,11.39,11.18,269916
2024-07-15,11.3,11.01,11.3,10.855,370734
2024-07-16,11.01,10.95,11.091,10.91,461122
2024-07-17,10.99,11.3,11.33,10.915,232125
2024-07-18,11.25,11.12,11.42,11.05,216844
2024-07-19,11.03,11.12,11.23,10.97,189377
2024-07-22,11.06,11.32,11.33,10.86,308625
2024-07-23,11.21,10.88,11.21,10.77,533577
2024-07-24,10.85,10.25,10.85,10.22,782188
2024-07-25,10.34,11.1,11.17,10.31,940445
2024-07-26,11.08,11.12,11.25,10.94,381264
2024-07-29,11.14,11.14,11.18,11.04,146565
2024-07-30,11.15,11.14,11.36,11.075,177225
2024-07-31,11.17,11.3,11.52,11.17,372338
2024-08-01,11.3,10.95,11.4,10.89,231610
2024-08-02,10.69,11.15,11.15,10.51,326483
2024-08-05,10.77,10.69,10.99,10.6,273252
2024-08-06,10.74,10.63,10.74,10.53,248706
2024-08-07,10.73,10.39,10.82,10.39,171889
2024-08-08,10.4,10.53,10.64,10.38,286659
2024-08-09,10.55,10.18,10.55,10.08,332588
2024-08-12,10.18,10.01,10.32,10.01,154135
2024-08-13,10.04,10.17,10.3,10.03,273383
2024-08-14,10.16,10.15,10.26,10.0,261429
2024-08-15,10.28,10.23,10.34,10.2,242349
2024-08-16,10.26,10.25,10.275,10.15,135766
2024-08-19,10.28,10.36,10.42,10.2,258048
2024-08-20,10.39,10.23,10.44,10.14,345278
2024-08-21,10.34,10.41,10.51,10.21,225225
2024-08-22,10.43,10.25,10.56,10.23,220544
2024-08-23,10.3,10.42,10.48,10.3,214543
2024-08-26,10.48,10.41,10.59,10.41,131753
2024-08-27,10.35,10.45,10.485,10.29,150100
2024-08-28,10.39,10.16,10.39,10.15,170336
2024-08-29,10.2,10.17,10.28,10.1,99624
2024-08-30,10.19,10.57,10.59,10.14,264588
2024-09-03,10.57,10.32,10.57,10.26,147693
2024-09-04,10.26,10.18,10.305,10.12,109193
2024-09-05,10.18,10.25,10.365,10.14,257284
2024-09-06,10.18,9.91,10.22,9.8,324041
2024-09-09,9.9,9.78,9.96,9.77,238009
2024-09-10,9.78,9.48,9.88,9.4,361464
2024-09-11,9.57,9.66,9.7,9.36,211219
2024-09-12,9.67,9.68,9.725,9.59,115565
2024-09-13,9.78,9.95,10.135,9.78,270369
2024-09-16,9.94,10.03,10.07,9.8,360954
2024-09-17,10.01,9.75,10.13,9.73,370675
2024-09-18,9.5,8.82,9.502,8.69,1658980
2024-09-19,9.17,8.72,9.18,8.615,1321595
2024-09-20,8.65,8.47,8.86,8.47,1232095
2024-09-23,8.23,7.93,8.26,7.89,1251357
2024-09-24,8.1,8.45,8.485,8.1,932336
2024-09-25,8.51,8.53,8.74,8.45,1062015
2024-09-26,8.92,9.27,9.49,8.755,1246251
2024-09-27,9.38,9.75,9.99,9.3,2351401
2024-09-30,9.75,9.84,9.91,9.69,901308
2024-10-01,9.78,9.28,9.84,9.2,1188572
2024-10-02,9.25,9.08,9.39,8.98,495275
2024-10-03,9.0,8.7,9.1,8.591,1257932
2024-10-04,8.95,8.91,9.03,8.74,486498
2024-10-07,8.83,8.9,8.95,8.71,392120
2024-10-08,8.74,8.87,8.945,8.56,354700
2024-10-09,8.84,8.87,8.96,8.77,302852
2024-10-10,8.84,8.78,8.88,8.76,243499
2024-10-11,8.75,8.79,8.87,8.75,206411
2024-10-14,8.79,8.62,8.79,8.56,236088
2024-10-15,8.62,8.13,8.62,8.12,580492
2024-10-16,8.18,8.37,8.46,8.18,578100
2024-10-17,8.3,8.34,8.45,8.29,404833
2024-10-18,8.47,8.39,8.53,8.33,393174
2024-10-21,8.25,8.15,8.42,8.11,400638
2024-10-22,8.18,8.0,8.59,7.95,697978
2024-10-23,7.9,8.04,8.13,7.85,1407533
2024-10-24,8.07,8.07,8.11,7.9801,833767
2024-10-25,8.06,8.03,8.08,7.99,603906
2024-10-28,8.03,7.94,8.11,7.885,512666
2024-10-29,7.94,7.89,8.0,7.75,887760
2024-10-30,7.89,7.8,7.945,7.75,466776
2024-10-31,7.78,7.6,7.86,7.54,355296
2024-11-01,7.68,7.6,7.75,7.545,664258
2024-11-04,7.61,7.62,7.84,7.61,436633
2024-11-05,7.62,7.57,7.68,7.55,752446
2024-11-06,7.59,7.15,7.63,7.13,1107278
2024-11-07,7.42,7.45,7.625,7.29,5231626
2024-11-08,7.34,7.47,7.56,7.24,3741579
2024-11-11,7.48,7.29,7.48,7.13,1139756
2024-11-12,7.69,7.51,7.78,7.33,1831305
2024-11-13,7.5,7.65,7.92,7.38,1285754
2024-11-14,7.89,7.45,8.04,7.405,1058805
2024-11-15,7.45,7.41,7.53,7.2,642031
2024-11-18,7.38,7.53,7.55,7.3,607875
2024-11-19,7.39,7.67,7.8,7.365,981356
2024-11-20,7.59,7.39,7.7,7.34,774661
2024-11-21,7.38,7.67,7.69,7.34,922668
2024-11-22,7.53,7.7,7.875,7.5,1439232
2024-11-25,7.85,7.97,8.305,7.85,1191463
2024-11-26,7.96,7.82,7.96,7.75,973934
2024-11-27,7.85,7.88,8.01,7.835,469752
2024-11-29,7.86,8.09,8.15,7.86,436018
2024-12-02,8.21,8.2,8.355,8.02,1385825
2024-12-03,8.22,8.42,8.505,8.11,1183946
2024-12-04,8.37,8.22,8.53,8.135,1207485
2024-12-05,8.19,8.25,8.39,8.12,1360674
2024-12-06,8.31,8.27,8.61,8.08,999161
2024-12-09,8.48,8.49,8.6,8.35,797313
2024-12-10,8.35,8.5,8.6381,8.17,667764
2024-12-11,8.56,8.55,8.64,8.5,538470
2024-12-12,8.51,8.64,8.68,8.44,720404
2024-12-13,8.64,8.78,8.81,8.635,674846
2024-12-16,8.78,8.87,8.955,8.63,794797
2024-12-17,8.99,8.67,8.99,8.61,663325
2024-12-18,8.68,8.27,8.69,8.245,547383
2024-12-19,8.16,8.28,8.29,8.05,748768
2024-12-20,8.15,8.79,8.87,8.15,624667
2024-12-23,8.75,8.51,8.79,8.43,840760
2024-12-24,8.51,8.63,8.65,8.4,146953
2024-12-26,8.65,8.39,8.65,8.38,375676
2024-12-27,8.36,8.35,8.37,8.21,555944
2024-12-30,8.28,8.25,8.315,8.12,368984
2024-12-31,8.18,8.26,8.3,8.15,454110
2025-01-02,8.38,8.0,8.43,7.945,501417
2025-01-03,8.13,7.96,8.13,7.935,2009243
2025-01-06,8.08,8.0,8.1,7.94,615734
2025-01-07,8.0,7.92,8.13,7.89,317839
2025-01-08,7.84,7.93,8.0,7.76,466562
2025-01-10,7.81,7.74,7.95,7.7,544131
2025-01-13,7.69,7.63,7.72,7.4,748199
2025-01-14,7.54,7.62,7.705,7.52,361918
2025-01-15,7.81,7.69,7.91,7.68,192845
2025-01-16,7.86,8.12,8.25,7.86,2223904
2025-01-17,8.19,8.31,8.45,8.14,1847882
2025-01-21,8.39,8.92,8.94,8.39,1538004
2025-01-22,8.93,8.54,8.94,8.54,848919
2025-01-23,8.5,8.89,8.925,8.355,772075
2025-01-24,8.91,9.03,9.1,8.78,1567151
2025-01-27,9.0,9.52,9.525,9.0,908226
2025-01-28,9.56,9.26,9.68,9.08,1048693
2025-01-29,9.26,9.2,9.345,9.08,574218
2025-01-30,9.29,9.43,9.455,9.25,598177
2025-01-31,9.34,9.08,9.34,9.035,403253
2025-02-03,8.84,8.84,8.93,8.75,550548
2025-02-04,8.77,9.17,9.225,8.67,724052
2025-02-05,9.24,8.95,9.295,8.93,626891
2025-02-06,9.08,8.97,9.08,8.92,337212
2025-02-07,8.91,8.76,8.91,8.68,265264
2025-02-10,8.79,8.78,8.79,8.59,288945
2025-02-11,8.7,8.73,8.88,8.59,191954
2025-02-12,8.57,9.11,9.17,8.57,495296
2025-02-13,9.14,9.09,9.34,9.03,495886
2025-02-14,9.12,8.92,9.18,8.885,822787
2025-02-18,8.84,8.97,9.1,8.82,913029
2025-02-19,8.88,8.97,9.06,8.695,521150
2025-02-20,8.97,8.87,8.99,8.8,424343
2025-02-21,8.99,8.74,9.055,8.72,781037
2025-02-24,8.78,8.58,8.79,8.57,791904
2025-02-25,8.63,8.72,8.79,8.61,619889
2025-02-26,8.64,8.65,8.685,8.53,946516
2025-02-27,8.65,8.6,8.7,8.32,1015406
2025-02-28,8.55,8.45,8.6,8.295,832611
2025-03-03,8.49,8.34,8.535,8.265,421834
2025-03-04,8.3,8.11,8.3,8.07,495657
2025-03-05,8.17,8.21,8.255,8.03,262787
2025-03-06,8.12,8.02,8.25,7.97,960629
2025-03-07,7.99,7.83,7.99,7.585,1359490
2025-03-10,7.7,7.55,7.84,7.47,684795
2025-03-11,7.59,7.4,7.59,7.25,1108594
2025-03-12,7.47,7.39,7.58,7.365,589071
2025-03-13,7.38,7.18,7.455,7.18,669940
2025-03-14,7.36,7.32,7.45,7.28,1460652
2025-03-17,7.4,7.4,7.47,7.265,1067037
2025-03-18,7.44,7.26,7.48,7.26,543953
2025-03-19,7.2,7.34,7.52,7.2,1326287
2025-03-20,7.28,7.33,7.435,7.26,549433
2025-03-21,7.33,7.23,7.44,7.2,397591
2025-03-24,7.35,7.31,7.43,7.275,427401
2025-03-25,7.25,7.18,7.38,7.08,915502
2025-03-26,7.23,7.08,7.31,7.07,1102851
2025-03-27,7.95,7.76,8.1,7.55,1937369
2025-03-28,7.51,7.68,7.88,7.422,1491375
2025-03-31,7.53,7.4,7.6881,7.37,1333736
2025-04-01,7.34,7.37,7.51,7.225,875728
