2023-08-09,30.09,30.09,30.09,30.09,0
2023-08-10,30.127,30.127,30.127,30.127,37
2023-08-11,29.8849,29.8849,29.8849,29.8849,8
2023-08-14,29.655,29.655,29.655,29.655,5
2023-08-15,29.3201,29.3201,29.3201,29.3201,15
2023-08-16,29.095,29.095,29.095,29.095,11
2023-08-17,29.085,29.085,29.085,29.085,0
2023-08-18,29.08,29.08,29.08,29.08,50
2023-08-21,29.0301,29.0301,29.0301,29.0301,29
2023-08-22,28.99,28.99,28.99,28.99,0
2023-08-23,29.105,29.105,29.105,29.105,3
2023-08-24,29.04,29.04,29.04,29.04,1
2023-08-25,28.815,28.815,28.815,28.815,6
2023-08-28,28.9901,28.9901,28.9901,28.9901,8
2023-08-29,29.0801,29.0801,29.0801,29.0801,9
2023-08-30,29.26,29.26,29.26,29.26,4
2023-08-31,29.055,29.055,29.055,29.055,5
2023-09-01,29.18,29.18,29.18,29.18,3
2023-09-05,28.95,28.95,28.95,28.95,3
2023-09-06,28.735,28.735,28.735,28.735,1
2023-09-07,28.46,28.46,28.46,28.46,1
2023-09-08,28.165,28.165,28.165,28.165,3
2023-09-11,28.185,28.185,28.185,28.185,5
2023-09-12,28.125,28.125,28.125,28.125,1
2023-09-13,28.185,28.185,28.185,28.185,0
2023-09-14,28.2201,28.2201,28.2201,28.2201,0
2023-09-15,28.265,28.265,28.265,28.265,0
2023-09-18,28.11,28.11,28.11,28.11,53
2023-09-19,27.92,27.845,27.92,27.845,100
2023-09-20,27.85,27.85,27.85,27.85,1
2023-09-21,27.675,27.675,27.675,27.675,7
2023-09-22,27.515,27.515,27.515,27.515,54
2023-09-25,27.5526,27.5526,27.5526,27.5526,0
2023-09-26,27.374,27.374,27.374,27.374,1
2023-09-27,27.235,27.235,27.235,27.235,6
2023-09-28,27.325,27.325,27.325,27.325,51
2023-09-29,27.075,27.075,27.075,27.075,2
2023-10-02,27.245,27.245,27.245,27.245,2
2023-10-03,26.86,26.86,26.86,26.86,0
2023-10-04,26.6,26.6,26.6,26.6,100
2023-10-05,26.5801,26.5801,26.5801,26.5801,4
2023-10-06,26.5873,26.5873,26.5873,26.5873,1
2023-10-09,26.6651,26.6651,26.6651,26.6651,0
2023-10-10,26.7,26.7,26.7,26.7,2
2023-10-11,26.7051,26.7051,26.7051,26.7051,0
2023-10-12,26.9551,26.9551,26.9551,26.9551,16
2023-10-13,27.0,27.0,27.0,27.0,0
2023-10-16,26.77,26.77,26.77,26.77,1
2023-10-17,26.7901,26.7901,26.7901,26.7901,1
2023-10-18,26.885,26.885,26.885,26.885,38
2023-10-19,26.74,26.74,26.74,26.74,8
2023-10-20,26.55,26.55,26.55,26.55,0
2023-10-23,26.345,26.345,26.345,26.345,0
2023-10-24,26.3,26.3,26.3,26.3,2
2023-10-25,26.375,26.375,26.375,26.375,0
2023-10-26,26.125,26.125,26.125,26.125,1
2023-10-27,26.145,26.145,26.145,26.145,11
2023-10-30,26.05,26.05,26.05,26.05,0
2023-10-31,26.025,26.025,26.025,26.025,0
2023-11-01,25.8851,25.8851,25.8851,25.8851,1
2023-11-02,25.855,25.855,25.855,25.855,1
2023-11-03,26.0935,26.0935,26.0935,26.0935,2
2023-11-06,26.31,26.31,26.31,26.31,10
2023-11-07,26.195,26.195,26.195,26.195,0
2023-11-08,26.1,26.1,26.1,26.1,8
2023-11-09,26.02,26.02,26.02,26.02,4
2023-11-10,25.9151,25.9151,25.9151,25.9151,6
2023-11-13,25.86,25.86,25.86,25.86,1
2023-11-14,26.0216,26.0216,26.0216,26.0216,0
2023-11-15,26.4335,26.4335,26.4335,26.4335,5
2023-11-16,26.36,26.36,26.36,26.36,3
2023-11-17,26.165,26.165,26.165,26.165,1
2023-11-20,26.23,26.23,26.23,26.23,5
2023-11-21,26.3301,26.3301,26.3301,26.3301,0
2023-11-22,26.0201,26.0201,26.0201,26.0201,3
2023-11-24,25.94,25.94,25.94,25.94,0
2023-11-27,25.695,25.695,25.695,25.695,11
2023-11-28,25.69,25.69,25.69,25.69,36
2023-11-29,25.74,25.74,25.74,25.74,5
2023-11-30,25.785,25.785,25.785,25.785,9
2023-12-01,25.8601,25.8601,25.8601,25.8601,2
2023-12-04,25.795,25.795,25.795,25.795,36
2023-12-05,25.535,25.535,25.535,25.535,17
2023-12-06,25.315,25.315,25.315,25.315,1
2023-12-07,25.46,25.46,25.46,25.46,6
2023-12-08,25.4006,25.425,25.425,25.4006,204
2023-12-11,25.559,25.325,25.559,25.325,136
2023-12-12,25.19,25.1951,25.2307,25.19,262
2023-12-13,25.1013,25.1013,25.1013,25.1013,104
2023-12-14,25.3651,25.3651,25.3651,25.3651,33
2023-12-15,25.9051,25.9051,25.9051,25.9051,2
2023-12-18,26.11,26.11,26.11,26.11,184
2023-12-19,26.0251,26.0251,26.0251,26.0251,20
2023-12-20,26.3001,26.3001,26.3001,26.3001,4
2023-12-21,26.0601,26.0601,26.0601,26.0601,4
2023-12-22,26.3049,26.3049,26.3049,26.3049,0
2023-12-26,26.4249,26.05381,26.4249,26.4249,17
2023-12-27,26.4149,26.4149,26.4149,26.4149,1
2023-12-28,26.3499,26.3499,26.3499,26.3499,4
2023-12-29,26.5151,26.5151,26.5151,26.5151,1
2024-01-02,26.43,26.185,26.43,26.185,244
2024-01-03,25.8251,25.8251,25.8251,25.8251,4
2024-01-04,25.425,25.425,25.425,25.425,11
2024-01-05,25.3402,25.3402,25.3402,25.3402,45
2024-01-08,25.0701,25.0701,25.0701,25.0701,25
2024-01-09,25.0201,25.0201,25.0201,25.0201,6
2024-01-10,24.962,24.962,24.962,24.962,37
2024-01-11,24.8701,24.8701,24.8701,24.8701,8
2024-01-12,24.7801,24.7801,24.7801,24.7801,10
2024-01-16,24.6001,24.6001,24.6001,24.6001,65
2024-01-17,24.2301,24.2301,24.2301,24.2301,20
2024-01-18,23.8652,23.8652,23.8652,23.8652,61
2024-01-19,23.9151,23.9151,23.9151,23.9151,103
2024-01-22,23.835,23.835,23.835,23.835,152
2024-01-23,24.0101,24.0101,24.0101,24.0101,27
2024-01-24,24.335,24.335,24.335,24.335,200
2024-01-25,24.2301,24.2301,24.2301,24.2301,38
2024-01-26,24.0251,24.0251,24.0251,24.0251,13
2024-01-29,23.845,23.845,23.845,23.845,67
2024-01-30,23.84,23.84,23.84,23.84,121
2024-01-31,23.79,23.79,23.79,23.79,79
2024-02-01,23.6251,23.6251,23.6251,23.6251,97
2024-02-02,23.7691,23.675,23.7691,23.675,621
2024-02-05,23.1458,23.2801,23.2801,23.1458,591
2024-02-06,23.1,23.1,23.1,23.1,88
2024-02-07,23.2201,23.2201,23.2201,23.2201,26
2024-02-08,23.3051,23.3051,23.3051,23.3051,16
2024-02-09,23.17,23.17,23.17,23.17,25
2024-02-12,23.265,23.265,23.265,23.265,7
2024-02-13,23.3965,23.3965,23.3965,23.3965,7
2024-02-14,23.0351,23.0351,23.0351,23.0351,9
2024-02-15,23.16,23.16,23.16,23.16,4
2024-02-16,23.1701,23.1701,23.1701,23.1701,5
2024-02-20,23.0551,23.0551,23.0551,23.0551,17
2024-02-21,22.885,22.885,22.885,22.885,10
2024-02-22,22.83,22.83,22.83,22.83,4
2024-02-23,22.75,22.75,22.75,22.75,4
2024-02-26,22.7101,22.7101,22.7101,22.7101,55
2024-02-27,22.8301,22.8301,22.8301,22.8301,7
2024-02-28,23.0337,23.0337,23.0337,23.0337,22
2024-02-29,23.0802,23.0802,23.0802,23.0802,26
2024-03-01,23.2301,23.2301,23.2301,23.2301,6
2024-03-04,23.5301,23.5301,23.5301,23.5301,49
2024-03-05,23.4601,23.4601,23.4601,23.4601,4
2024-03-06,23.285,23.285,23.285,23.285,15
2024-03-07,23.6151,23.6151,23.6151,23.6151,20
2024-03-08,23.57,23.565,23.57,23.565,120
2024-03-11,23.7601,23.7601,23.7601,23.7601,16
2024-03-12,23.98,23.98,23.98,23.98,23
2024-03-13,23.915,23.915,23.915,23.915,1
2024-03-14,23.8465,23.8465,23.8465,23.8465,11
2024-03-15,23.84,23.84,23.84,23.84,4
2024-03-18,23.845,23.845,23.845,23.845,14
2024-03-19,23.58,23.58,23.58,23.58,101
2024-03-20,23.8351,23.8351,23.8351,23.8351,4
2024-03-21,23.9,23.9,23.9,23.9,2
2024-03-22,23.9201,23.9201,23.9201,23.9201,3
2024-03-25,24.0201,24.0201,24.0201,24.0201,21
2024-03-26,23.7766,23.7766,23.7766,23.7766,25
2024-03-27,23.745,23.745,23.745,23.745,1
2024-03-28,23.965,23.965,23.965,23.965,7
2024-04-01,24.08,24.08,24.08,24.08,16
2024-04-02,23.9451,23.9451,23.9451,23.9451,10
2024-04-03,23.855,23.855,23.855,23.855,0
2024-04-04,23.9651,23.9651,23.9651,23.9651,0
2024-04-05,24.1751,24.1751,24.1751,24.1751,0
2024-04-08,24.235,24.235,24.235,24.235,34
2024-04-09,24.39,24.39,24.39,24.39,6
2024-04-10,24.56,24.56,24.56,24.56,4
2024-04-11,24.4351,24.4351,24.4351,24.4351,5
2024-04-12,24.5654,24.5654,24.5654,24.5654,39
2024-04-15,24.63,24.485,24.63,24.485,346
2024-04-16,24.31,24.31,24.31,24.31,11
2024-04-17,24.155,24.155,24.155,24.155,3
2024-04-18,24.385,24.385,24.385,24.385,14
2024-04-19,24.405,24.405,24.405,24.405,58
2024-04-22,24.235,24.235,24.235,24.235,13
2024-04-23,24.225,24.225,24.225,24.225,8
2024-04-24,24.4282,24.4282,24.4282,24.4282,6
2024-04-25,24.365,24.365,24.365,24.365,26
2024-04-26,24.23,24.23,24.23,24.23,23
2024-04-29,24.24,24.24,24.24,24.24,28
2024-04-30,24.3979,24.3979,24.3979,24.3979,10
2024-05-01,23.9926,23.9926,23.9926,23.9926,42
2024-05-02,24.125,24.125,24.125,24.125,10
2024-05-03,24.41,24.41,24.41,24.41,29
2024-05-06,24.77,24.77,24.77,24.77,51
2024-05-07,24.8301,24.8301,24.8301,24.8301,86
2024-05-08,24.88,24.88,24.88,24.88,12
2024-05-09,24.82,24.82,24.82,24.82,2
2024-05-10,24.995,24.995,24.995,24.995,4
2024-05-13,24.79,24.79,24.79,24.79,24
2024-05-14,24.9351,24.9351,24.9351,24.9351,8
2024-05-15,25.0701,25.0701,25.0701,25.0701,7
2024-05-16,24.85,25.065,25.065,24.85,206
2024-05-17,25.1735,25.1735,25.1735,25.1735,1
2024-05-20,25.275,25.275,25.275,25.275,10
2024-05-21,25.945,25.945,25.945,25.945,20
2024-05-22,25.4451,25.4451,25.4451,25.4451,8
2024-05-23,25.625,25.625,25.625,25.625,0
2024-05-24,25.61,25.61,25.61,25.61,46
2024-05-28,25.65,25.865,25.865,25.65,136
2024-05-29,26.02,26.02,26.02,26.02,16
2024-05-30,25.78,25.78,25.78,25.78,27
2024-05-31,25.64,25.64,25.64,25.64,85
2024-06-03,25.585,25.585,25.585,25.585,5
2024-06-04,25.45,25.45,25.45,25.45,16
2024-06-05,25.3367,25.3367,25.3367,25.3367,12
2024-06-06,25.535,25.535,25.535,25.535,17
2024-06-07,25.1849,25.1849,25.1849,25.1849,19
2024-06-10,24.892,24.892,24.892,24.892,158
2024-06-11,24.9201,24.9201,24.9201,24.9201,39
2024-06-12,24.9498,24.9498,24.9498,24.9498,19
2024-06-13,25.0651,25.0651,25.0651,25.0651,26
2024-06-14,24.8401,24.8401,24.8401,24.8401,20
2024-06-17,24.52,24.52,24.52,24.52,38
2024-06-18,24.4151,24.4151,24.4151,24.4151,18
2024-06-20,24.475,24.475,24.475,24.475,64
2024-06-21,24.1301,24.1301,24.1301,24.1301,51
2024-06-24,23.995,23.995,23.995,23.995,146
2024-06-25,24.09,23.905,24.09,23.7401,315
2024-06-26,23.735,23.735,23.735,23.735,73
2024-06-27,23.625,23.625,23.625,23.625,8
2024-06-28,23.655,23.655,23.655,23.655,19
2024-07-01,23.41,23.41,23.41,23.41,159
2024-07-02,23.545,23.545,23.545,23.545,83
2024-07-03,23.66,23.66,23.66,23.66,31
2024-07-05,23.865,23.865,23.865,23.865,24
2024-07-08,23.845,23.845,23.845,23.845,47
2024-07-09,23.655,23.655,23.655,23.655,3
2024-07-10,23.5001,23.5001,23.5001,23.5001,15
2024-07-11,23.635,23.635,23.635,23.635,11
2024-07-12,23.9701,23.9701,23.9701,23.9701,11
2024-07-15,23.94,23.94,23.94,23.94,25
2024-07-16,23.495,23.495,23.495,23.495,15
2024-07-17,23.575,23.575,23.575,23.575,73
2024-07-18,23.41,23.41,23.41,23.41,7
2024-07-19,23.25,23.25,23.25,23.25,11
2024-07-22,23.45,23.45,23.45,23.45,52
2024-07-23,23.425,23.425,23.425,23.425,8
2024-07-24,23.325,23.325,23.325,23.325,108
2024-07-25,23.2,23.2,23.2,23.2,129
2024-07-26,23.195,23.195,23.195,23.195,155
2024-07-29,23.16,23.16,23.16,23.16,33
2024-07-30,23.2,23.025,23.2,23.025,119
2024-07-31,22.97,22.97,22.97,22.97,9
2024-08-01,22.965,22.965,22.965,22.965,12
2024-08-02,22.89,22.89,22.89,22.89,26
2024-08-05,22.7245,22.7245,22.7245,22.7245,57
2024-08-06,22.5582,22.5582,22.5582,22.5582,16
2024-08-07,22.7,22.7,22.7,22.7,27
2024-08-08,22.805,22.805,22.805,22.805,10
2024-08-09,22.87,22.87,22.87,22.87,7
2024-08-12,22.8097,22.8097,22.8097,22.8097,10
2024-08-13,22.7,22.7,22.7,22.7,1
2024-08-14,22.805,22.805,22.805,22.805,5
2024-08-15,22.81,22.81,22.81,22.81,6
2024-08-16,22.855,22.855,22.855,22.855,7
2024-08-19,23.005,23.005,23.005,23.005,101
2024-08-20,23.14,23.14,23.14,23.14,11
2024-08-21,23.23,23.3052,23.33,23.09,2834
2024-08-22,22.87,23.025,23.025,22.87,136
2024-08-23,22.99,22.99,22.99,22.99,15
2024-08-26,23.2,23.2,23.2,23.2,64
2024-08-27,23.345,23.345,23.345,23.345,3
2024-08-28,23.165,23.165,23.165,23.165,3
2024-08-29,23.1851,23.1851,23.1851,23.1851,7
2024-08-30,23.25,23.25,23.25,23.25,2
2024-09-03,23.17,23.17,23.17,23.17,8
2024-09-04,22.785,22.785,22.785,22.785,8
2024-09-05,22.815,22.815,22.815,22.815,4
2024-09-06,22.88,22.88,22.88,22.88,10
2024-09-09,22.74,22.74,22.74,22.74,28
2024-09-10,22.615,22.615,22.615,22.615,3
2024-09-11,22.7651,22.7651,22.7651,22.7651,46
2024-09-12,23.1302,23.1302,23.1302,23.1302,20
2024-09-13,23.17,23.17,23.17,23.17,17
2024-09-16,23.31,23.31,23.31,23.31,48
2024-09-17,23.3101,23.3101,23.3101,23.3101,17
2024-09-18,23.4297,23.4297,23.4297,23.4297,1
2024-09-19,23.4728,23.4728,23.4728,23.4728,18
2024-09-20,23.45,23.45,23.45,23.45,1
2024-09-23,23.46,23.46,23.46,23.46,16
2024-09-24,23.7754,23.7754,23.7754,23.7754,49
2024-09-25,23.9601,23.9601,23.9601,23.9601,6
2024-09-26,24.0701,24.0701,24.0701,24.0701,13
2024-09-27,24.335,24.335,24.335,24.335,19
2024-09-30,24.4801,24.4801,24.4801,24.4801,1
2024-10-01,24.62,24.62,24.62,24.62,13
2024-10-02,24.575,24.575,24.575,24.575,0
2024-10-03,24.43,24.43,24.43,24.43,2
2024-10-04,24.365,24.365,24.365,24.365,180
2024-10-07,24.475,24.475,24.475,24.475,5
2024-10-08,24.36,24.36,24.36,24.36,2
2024-10-09,24.265,24.265,24.265,24.265,2
2024-10-10,24.117,24.117,24.117,24.117,1
2024-10-11,24.095,24.095,24.095,24.095,1
2024-10-14,23.9945,23.9945,23.9945,23.9945,28
2024-10-15,23.865,23.865,23.865,23.865,65
2024-10-16,23.6,23.6,23.6,23.6,4
2024-10-17,23.565,23.565,23.565,23.565,40
2024-10-18,23.525,23.525,23.525,23.525,3
2024-10-21,23.645,23.645,23.645,23.645,9
2024-10-22,23.6701,23.6701,23.6701,23.6701,2
2024-10-23,23.725,23.725,23.725,23.725,7
2024-10-24,23.7751,23.7751,23.7751,23.7751,416
2024-10-25,23.92,23.6801,23.92,23.6801,834
2024-10-28,23.795,23.795,23.795,23.795,12
2024-10-29,23.9034,23.9,23.9034,23.9,136
2024-10-30,23.6251,23.6251,23.6251,23.6251,9
2024-10-31,23.51,23.51,23.51,23.51,29
2024-11-01,23.7099,23.5101,23.7099,23.5101,117
2024-11-04,23.58,23.58,23.58,23.58,15
2024-11-05,23.89,23.7,23.89,23.7,143
2024-11-06,23.71,23.71,23.71,23.71,30
2024-11-07,24.0051,24.0051,24.0051,24.0051,8
2024-11-08,23.9352,23.9352,23.9352,23.9352,32
2024-11-11,23.895,23.895,23.895,23.895,10
2024-11-12,23.875,23.875,23.875,23.875,24
2024-11-13,23.255,23.255,23.255,23.255,44
2024-11-14,23.2901,23.2901,23.2901,23.2901,8
2024-11-15,23.19,23.19,23.19,23.19,68
2024-11-18,23.24,23.24,23.24,23.24,35
2024-11-19,23.165,23.165,23.165,23.165,10
2024-11-20,23.115,23.115,23.115,23.115,281
2024-11-21,23.12,23.12,23.12,23.12,33
2024-11-22,22.96,22.96,22.96,22.96,59
2024-11-25,22.99,22.99,22.99,22.99,75
2024-11-26,23.15,23.15,23.15,23.15,31
2024-11-27,22.9899,22.9899,22.9899,22.9899,2
2024-11-29,23.265,23.265,23.265,23.265,6
2024-12-02,23.32,23.32,23.32,23.32,12
2024-12-03,23.2801,23.2801,23.2801,23.2801,15
2024-12-04,23.205,23.205,23.205,23.205,64
2024-12-05,23.11,23.11,23.11,23.11,110
2024-12-06,23.2001,23.2001,23.2001,23.2001,22
2024-12-09,23.2851,23.2851,23.2851,23.2851,19
2024-12-10,23.47,23.47,23.47,23.47,6
2024-12-11,23.445,23.445,23.445,23.445,10
2024-12-12,23.245,23.245,23.245,23.245,21
2024-12-13,23.095,23.095,23.095,23.095,39
2024-12-16,22.955,22.955,22.955,22.955,64
2024-12-17,22.85,22.85,22.85,22.85,112
2024-12-18,22.6051,22.6051,22.6051,22.6051,10
2024-12-19,22.625,22.625,22.625,22.625,6
2024-12-20,22.48,22.48,22.48,22.48,53
2024-12-23,22.73,22.73,22.73,22.73,35
2024-12-24,22.835,22.835,22.835,22.835,76
2024-12-26,22.9449,22.45991,22.9449,22.9449,24
2024-12-27,22.3,22.46,22.46,22.3,328
2024-12-30,22.175,22.175,22.175,22.175,44
2024-12-31,22.22,22.22,22.22,22.22,34
2025-01-02,22.385,22.385,22.385,22.385,33
2025-01-03,22.5,22.5,22.5,22.5,177
2025-01-06,22.42,22.3001,22.42,22.3001,145
2025-01-07,22.425,22.425,22.425,22.425,5
2025-01-08,22.39,22.39,22.39,22.39,13
2025-01-13,22.37,22.37,22.37,22.37,84
2025-01-14,22.475,22.475,22.475,22.475,1
2025-01-15,22.635,22.635,22.635,22.635,11
2025-01-16,22.7299,22.7299,22.7299,22.7299,12
2025-01-17,22.74,22.74,22.74,22.74,18
2025-01-21,23.13,23.06,23.13,23.06,422
2025-01-22,23.08,22.9588,23.09,22.9588,418
2025-01-23,23.0,22.7951,23.0,22.7951,333
2025-01-24,23.07,22.9,23.5,22.72,4162
2025-01-27,22.85,22.85,22.85,22.85,46
2025-01-28,24.0,22.6751,25.0,22.5,1857
2025-01-29,22.6,22.7664,22.7664,22.42,2488
2025-01-30,22.89,22.89,22.89,22.89,24
2025-01-31,22.9052,22.9052,22.9052,22.9052,2
2025-02-03,22.84,22.84,22.84,22.84,53
2025-02-04,22.795,22.795,22.795,22.795,6
2025-02-05,22.89,22.89,22.89,22.89,2
2025-02-06,22.9199,22.9199,22.9199,22.9199,3
2025-02-07,23.0,23.17,23.17,23.0,1500
2025-02-10,23.1601,23.1601,23.1601,23.1601,14
2025-02-11,23.16,23.16,23.16,23.16,8
2025-02-12,22.985,22.985,22.985,22.985,67
2025-02-13,22.905,22.905,22.905,22.905,3
2025-02-14,23.35,23.165,23.359,23.02,3706
2025-02-18,22.96,23.0201,23.0201,22.95,3648
2025-02-19,22.3,23.1101,23.1101,22.3,453
2025-02-20,23.075,23.075,23.075,23.075,22
2025-02-21,22.9854,22.9854,22.9854,22.9854,15
2025-02-24,22.75,22.75,22.75,22.75,8
2025-02-25,22.465,22.465,22.465,22.465,4
2025-02-26,22.525,22.525,22.525,22.525,4
2025-02-27,22.6897,22.6897,22.6897,22.6897,8
2025-02-28,22.2,22.2,22.2,22.2,12
2025-03-03,21.995,21.995,21.995,21.995,44
2025-03-04,21.715,21.715,21.715,21.715,19
2025-03-05,21.94,21.94,21.94,21.94,8
2025-03-06,22.1148,22.1148,22.1148,22.1148,21
2025-03-07,22.725,22.71,22.725,22.71,180
2025-03-10,23.23,23.23,23.23,23.23,163
2025-03-11,23.415,23.415,23.415,23.415,8
2025-03-12,23.44,23.29,23.44,23.29,249
2025-03-13,23.34,23.34,23.34,23.34,8
2025-03-14,23.49,23.1551,23.49,23.11,427
