2024-01-11,50.18,50.1647,50.18,50.1647,118644
2024-01-12,50.28,50.27,50.29,50.27,673
2024-01-16,50.1926,50.1926,50.1926,50.1926,4
2024-01-17,50.085,50.1,50.1,50.085,230
2024-01-18,50.14,50.12,50.14,50.12,100
2024-01-19,50.09,50.0964,50.0964,50.09,1800
2024-01-22,50.13,50.11,50.14,50.11,34883
2024-01-23,50.1139,50.1139,50.1139,50.1139,6
2024-01-24,50.1399,50.11,50.1399,50.11,842
2024-01-25,50.185,50.185,50.185,50.185,9
2024-01-26,50.17,50.133,50.17,50.133,1243
2024-01-29,50.18,50.19,50.19,50.18,902
2024-01-30,50.21,50.1687,50.21,50.13,7717
2024-01-31,50.27,50.2405,50.28,50.2405,912
2024-02-01,50.3,50.3,50.31,50.27,903
2024-02-02,50.18,50.195,50.2,50.16,920
2024-02-05,50.11,50.1301,50.1301,50.11,401
2024-02-06,50.16,50.2,50.2,50.16,501
2024-02-07,50.19,50.18,50.22,50.18,460
2024-02-08,50.19,50.165,50.2,50.15,24975
2024-02-09,50.15,50.155,50.155,50.15,201
2024-02-12,50.16,50.19,50.2,50.16,1148
2024-02-13,50.0682,50.035,50.0682,50.035,259
2024-02-14,50.11,50.1186,50.1186,50.11,401
2024-02-15,50.18,50.16,50.18,50.16,553
2024-02-16,50.07,50.0901,50.0901,50.07,2152
2024-02-20,50.16,50.16,50.16,50.16,400
2024-02-21,50.18,50.12,50.18,50.12,200
2024-02-22,50.11,50.11,50.11,50.11,300
2024-02-23,50.1261,50.1,50.1261,50.1,2817
2024-02-26,50.08,50.07,50.08,50.06,2756
2024-02-27,50.1,50.08,50.1,50.08,910
2024-02-28,50.1,50.115,50.115,50.1,1100
2024-02-29,50.15,49.855879,50.16,50.119,2003
2024-03-01,49.85,49.977,49.98,49.85,1203
2024-03-04,49.94,49.93,49.94,49.93,400
2024-03-05,49.99,49.98,49.99,49.98,827
2024-03-06,50.04,49.99,50.04,49.99,2756
2024-03-07,50.06,50.056,50.06,50.0499,980
2024-03-08,50.14,50.085,50.14,50.085,2500
2024-03-11,50.07,50.07,50.07,50.05,1135
2024-03-12,50.04,50.025,50.04,50.02,1001
2024-03-13,50.02,50.0127,50.02,50.0127,585
2024-03-14,49.98,49.97,49.98,49.97,648
2024-03-15,49.98,49.9588,49.98,49.95,893
2024-03-18,50.0,49.965,50.0,49.86,2058
2024-03-19,50.02,50.03,50.03,50.02,911
2024-03-20,50.03,50.12,50.12,50.03,850
2024-03-21,50.15,50.12,50.15,50.12,3496
2024-03-22,50.17,50.15,50.17,50.15,2332
2024-03-25,50.15,50.12,50.15,50.1103,2175
2024-03-26,50.12,50.11,50.12,50.11,400
2024-03-27,50.16,50.1825,50.1825,50.15,8710
2024-03-28,50.18,49.952228,50.18,50.15,1190
2024-04-01,49.9,49.91,49.91,49.9,2904
2024-04-02,49.91,49.93,49.93,49.9,2460
2024-04-03,49.92,49.95,49.96,49.92,3129
2024-04-04,49.99,49.9453,49.99,49.94,1958
2024-04-05,49.92,49.92,49.92,49.92,1
2024-04-08,49.8895,49.8895,49.8895,49.8895,44
2024-04-09,49.9275,49.9275,49.9275,49.9275,120
2024-04-10,49.74,49.74,49.76,49.74,2428
2024-04-11,49.77,49.7897,49.7897,49.77,1382
2024-04-12,49.823,49.823,49.823,49.823,3
2024-04-15,49.76,49.76,49.76,49.76,16
2024-04-16,49.76,49.7201,49.76,49.72,700
2024-04-17,49.7699,49.7689,49.77,49.765,640
2024-04-18,49.78,49.735,49.78,49.735,1999
2024-04-19,49.7303,49.7496,49.7496,49.7303,160
2024-04-22,49.82,49.82,49.82,49.82,735
2024-04-23,49.86,49.86,49.86,49.86,0
2024-04-24,49.82,49.85,49.85,49.8163,303
2024-04-25,49.815,49.815,49.815,49.815,0
2024-04-26,49.82,49.82,49.82,49.82,0
2024-04-29,49.88,49.88,49.88,49.87,1723
2024-04-30,49.85,49.596241,49.85,49.8167,573
2024-05-01,49.687,49.687,49.687,49.687,9
2024-05-02,49.782,49.782,49.782,49.782,3
2024-05-03,49.87,49.865,49.87,49.865,537
2024-05-06,49.88,49.85,49.89,49.85,2323
2024-05-07,49.86,49.86,49.86,49.86,0
2024-05-08,49.86,49.86,49.86,49.86,253
2024-05-09,49.87,49.86,49.89,49.86,887
2024-05-10,49.85,49.86,49.86,49.85,2788
2024-05-13,49.86,49.82,49.86,49.82,859
2024-05-14,49.885,49.885,49.885,49.885,4
2024-05-15,49.965,49.975,49.9897,49.965,591
2024-05-16,49.94,49.94,49.94,49.94,0
2024-05-17,49.93,49.93,49.93,49.93,6
2024-05-20,49.9203,49.9203,49.9203,49.9203,31
2024-05-21,49.94,49.94,49.94,49.94,0
2024-05-22,49.905,49.905,49.905,49.905,5
2024-05-23,49.86,49.89,49.89,49.86,834
2024-05-24,49.89,49.89,49.89,49.89,20
2024-05-28,49.865,49.865,49.865,49.865,24
2024-05-29,49.86,49.86,49.86,49.86,0
2024-05-30,49.9155,49.9155,49.9155,49.9155,7
2024-05-31,49.9815,49.764988,49.9815,49.9815,1
2024-06-03,49.815,49.815,49.815,49.815,2
2024-06-04,49.88,49.88,49.88,49.88,138
2024-06-05,49.91,49.91,49.91,49.91,112
2024-06-06,49.91,49.91,49.91,49.91,178
2024-06-07,49.79,49.795,49.82,49.79,402
2024-06-10,49.799,49.799,49.799,49.799,3
2024-06-11,49.82,49.8327,49.8342,49.82,896
2024-06-12,49.98,49.9147,49.98,49.91,850
2024-06-13,49.94,49.955,49.96,49.94,1250
2024-06-14,49.96,49.955,49.96,49.93,1865
2024-06-17,49.92,49.9029,49.9242,49.9,990
2024-06-18,49.96,49.95,49.975,49.95,1200
2024-06-20,49.92,49.945,49.945,49.92,395
2024-06-21,49.975,49.975,49.975,49.975,0
2024-06-24,49.97,49.97,49.9795,49.96,350
2024-06-25,49.96,49.955,49.96,49.955,100
2024-06-26,49.9,49.935,49.935,49.9,475
2024-06-27,49.98,49.9648,49.98,49.95,420
2024-06-28,50.01,49.77289,50.01,49.97,2762
2024-07-01,49.77,49.7842,49.7842,49.77,102
2024-07-02,49.83,49.8317,49.8317,49.83,242
2024-07-03,49.9,49.88,49.9,49.88,502
2024-07-05,49.97,49.98,49.99,49.96,3809
2024-07-08,49.97,49.96,49.99,49.96,2903
2024-07-09,49.96,49.9865,49.9865,49.96,2610
2024-07-10,50.005,49.985,50.02,49.97,4281
2024-07-11,50.1012,50.1012,50.1012,50.1012,25
2024-07-12,50.1751,50.1751,50.1751,50.1751,20
2024-07-15,50.1748,50.1748,50.1748,50.1748,2
2024-07-16,50.2,50.2,50.2,50.2,21
2024-07-17,50.205,50.205,50.205,50.205,4
2024-07-18,50.1731,50.1731,50.1731,50.1731,3
2024-07-19,50.155,50.155,50.155,50.155,0
2024-07-22,50.165,50.165,50.165,50.165,0
2024-07-23,50.1958,50.1958,50.1958,50.1958,0
2024-07-24,50.2146,50.2146,50.2146,50.2146,4
2024-07-25,50.2002,50.2189,50.2189,50.2002,161
2024-07-26,50.31,50.31,50.32,50.2973,8616
2024-07-29,50.3193,50.3193,50.3193,50.3193,6
2024-07-30,50.33,50.32,50.3499,50.32,1811
2024-07-31,50.36,50.202872,50.4115,50.3567,537
2024-08-01,50.2838,50.2838,50.2838,50.2838,1
2024-08-02,50.45,50.4972,50.4972,50.45,153
2024-08-05,50.4412,50.4412,50.4412,50.4412,12
2024-08-06,50.405,50.405,50.405,50.405,3
2024-08-07,50.3751,50.3751,50.3751,50.3751,30
2024-08-08,50.3373,50.3767,50.3767,50.3373,395
2024-08-09,50.3603,50.375,50.375,50.3603,194
2024-08-12,50.4001,50.4001,50.4001,50.4001,0
2024-08-13,50.4985,50.5006,50.5006,50.4985,230
2024-08-14,50.5019,50.5019,50.5019,50.5019,172
2024-08-15,50.405,50.405,50.405,50.405,40
2024-08-16,50.46,50.465,50.47,50.4599,1192
2024-08-19,50.47,50.47,50.47,50.47,21
2024-08-20,50.5,50.5234,50.5234,50.5,416
2024-08-21,50.5895,50.5895,50.5895,50.5895,5
2024-08-22,50.545,50.545,50.545,50.545,3
2024-08-23,50.665,50.665,50.665,50.665,1
2024-08-26,50.6401,50.6501,50.659,50.64,3614
2024-08-27,50.65,50.6872,50.6872,50.65,700
2024-08-28,50.6862,50.6862,50.6862,50.6862,12
2024-08-29,50.66,50.6814,50.7,50.66,1186
2024-08-30,50.6946,50.483599,50.6946,50.6946,27
2024-09-03,50.5227,50.5227,50.5227,50.5227,2
2024-09-04,50.58,50.6172,50.6172,50.58,476
2024-09-05,50.6577,50.6577,50.6577,50.6577,3
2024-09-06,50.6795,50.7266,50.7266,50.6795,330
2024-09-09,50.7233,50.7233,50.7233,50.7233,3
2024-09-10,50.79,50.7809,50.79,50.78,552
2024-09-11,50.7574,50.7574,50.7574,50.7574,0
2024-09-12,50.7544,50.7758,50.7758,50.7544,412
2024-09-13,50.8451,50.8451,50.8451,50.8451,30
