2023-11-21,12.72,12.62,12.76,12.54,629400
2023-11-22,12.73,12.71,12.76,12.56,2415554
2023-11-24,12.75,12.7829,12.8,12.74,1860716
2023-11-27,12.79,12.77,12.79,12.76,2327249
2023-11-28,12.76,12.77,12.8134,12.7401,1535181
2023-11-29,12.77,12.7397,12.77,12.72,489493
2023-11-30,12.74,12.75,12.75,12.7,716403
2023-12-01,12.74,12.8,12.8499,12.74,734953
2023-12-04,12.74,12.78,12.78,12.72,62933
2023-12-05,12.73,12.74,12.76,12.71,32031
2023-12-06,12.81,12.73,12.81,12.73,29534
2023-12-07,12.75,12.79,12.81,12.75,20777
2023-12-08,12.76,12.84,12.8401,12.76,16655
2023-12-11,12.81,12.86,12.87,12.81,73403
2023-12-12,12.86,12.9,12.92,12.84,60263
2023-12-13,12.9,13.04,13.06,12.87,33585
2023-12-14,13.09,13.08,13.1552,13.08,50667
2023-12-15,13.05,13.005,13.075,12.99,18035
2023-12-18,13.06,13.0618,13.08,13.03,42556
2023-12-19,13.05,13.07,13.105,13.05,11992
2023-12-20,13.09,12.94,13.13,12.94,57363
2023-12-21,13.05,13.0967,13.115,12.94,50520
2023-12-22,13.13,13.142,13.1895,13.13,14623
2023-12-26,13.15,13.225,13.25,13.15,10812
2023-12-27,13.21,13.27,13.2783,13.21,35043
2023-12-28,13.2811,13.26,13.295,13.25,126534
2023-12-29,13.3,13.2646,13.3,13.2345,11116
2024-01-02,13.15,13.2,13.245,13.14,43944
2024-01-03,13.1,13.1243,13.175,13.0822,23708
2024-01-04,13.16,13.15,13.22,13.15,56756
2024-01-05,13.12,13.1385,13.215,13.12,42104
2024-01-08,13.15,13.2506,13.2506,13.1314,78092
2024-01-09,13.1,13.17,13.19,13.1,33145
2024-01-10,13.2,13.22,13.25,13.18,61960
2024-01-11,13.25,13.2141,13.26,13.1106,45947
2024-01-12,13.28,13.26,13.28,13.23,9914
2024-01-16,13.1542,13.11,13.1751,13.09,20713
2024-01-17,13.01,13.02,13.02,12.956,52211
2024-01-18,13.09,13.17,13.18,13.08,103399
2024-01-19,13.17,13.2399,13.24,13.131,36503
2024-01-22,13.21,13.22,13.26,13.21,22212
2024-01-23,13.21,13.2794,13.28,13.21,18273
2024-01-24,13.38,13.3105,13.405,13.31,46153
2024-01-25,13.34,13.4,13.4,13.34,14614
2024-01-26,13.46,13.45,13.48,13.4301,19572
2024-01-29,13.46,13.53,13.53,13.43,29118
2024-01-30,13.51,13.54,13.56,13.5,16133
2024-01-31,13.59,13.42,13.59,13.42,57849
2024-02-01,13.47,13.56,13.5699,13.42,26574
2024-02-02,13.51,13.49,13.52,13.46,29356
2024-02-05,13.38,13.34,13.41,13.3,40449
2024-02-06,13.3714,13.3911,13.3911,13.3502,25794
2024-02-07,13.39,13.4294,13.43,13.39,40779
2024-02-08,13.4,13.461,13.461,13.4,12182
2024-02-09,13.44,13.482,13.5,13.44,65860
2024-02-12,13.47,13.4905,13.54,13.47,33846
2024-02-13,13.34,13.295,13.39,13.235,49709
2024-02-14,13.36,13.39,13.4,13.33,27060
2024-02-15,13.41,13.46,13.48,13.41,29444
2024-02-16,13.44,13.4816,13.545,13.44,16236
2024-02-20,13.49,13.495,13.52,13.475,18902
2024-02-21,13.46,13.521,13.525,13.46,30051
2024-02-22,13.62,13.6613,13.685,13.62,29542
2024-02-23,13.7,13.7104,13.72,13.69,12798
2024-02-26,13.68,13.6306,13.68,13.61,18612
2024-02-27,13.59,13.6012,13.61,13.59,14481
2024-02-28,13.55,13.5422,13.57,13.53,24115
2024-02-29,13.62,13.6014,13.63,13.56,43489
2024-03-01,13.59,13.6893,13.71,13.59,70841
2024-03-04,13.69,13.705,13.73,13.69,28595
2024-03-05,13.65,13.5971,13.6679,13.5699,46749
2024-03-06,13.66,13.7211,13.765,13.66,37910
2024-03-07,13.81,13.89,13.92,13.81,36226
2024-03-08,13.95,13.8317,13.96,13.83,21814
2024-03-11,13.73,13.725,13.7302,13.68,9602
2024-03-12,13.81,13.9,13.9,13.79,18105
2024-03-13,13.91,13.9036,13.93,13.88,9430
2024-03-14,13.89,13.8206,13.91,13.78,25767
2024-03-15,13.81,13.7795,13.82,13.76,18440
2024-03-18,13.78,13.7701,13.8003,13.77,11025
2024-03-19,13.77,13.7967,13.8,13.76,6954
2024-03-20,13.8,13.8912,13.91,13.79,11905
2024-03-21,13.91,13.9002,13.94,13.9002,17322
2024-03-22,13.9,13.8748,13.905,13.85,20716
2024-03-25,13.83,13.835,13.855,13.83,23035
2024-03-26,13.86,13.83,13.86,13.83,14917
2024-03-27,13.88,13.9197,13.92,13.86,19166
2024-03-28,13.88,13.92,13.93,13.88,71220
2024-04-01,13.92,13.918,13.93,13.8903,46855
2024-04-02,13.85,13.885,13.89,13.85,48743
2024-04-03,13.88,13.925,13.95,13.87,50494
2024-04-04,14.04,13.8223,14.045,13.81,18468
2024-04-05,13.8121,13.89,13.92,13.8121,30888
2024-04-08,13.92,13.925,13.95,13.9,34458
2024-04-09,13.95,13.935,13.97,13.86,34166
2024-04-10,13.76,13.78,13.8191,13.74,44435
2024-04-11,13.84,13.8318,13.8501,13.72,17663
2024-04-12,13.72,13.635,13.75,13.61,21121
2024-04-15,13.76,13.5803,13.76,13.54,12745
2024-04-16,13.49,13.4696,13.5201,13.44,19131
2024-04-17,13.54,13.495,13.54,13.4401,38887
2024-04-18,13.51,13.4905,13.585,13.47,27575
2024-04-19,13.49,13.5117,13.54,13.47,35440
2024-04-22,13.52,13.5946,13.6351,13.51,7832
2024-04-23,13.64,13.73,13.74,13.64,18873
2024-04-24,13.74,13.725,13.75,13.655,24506
2024-04-25,13.57,13.7304,13.7501,13.57,21739
2024-04-26,13.78,13.8333,13.85,13.78,4334
2024-04-29,13.84,13.8585,13.8637,13.8154,18120
2024-04-30,13.83,13.7089,13.84,13.7089,19062
2024-05-01,13.68,13.6791,13.83,13.65,6812
2024-05-02,13.75,13.745,13.78,13.66,27313
2024-05-03,13.86,13.8761,13.88,13.82,6175
2024-05-06,13.9398,13.9762,13.9762,13.92,20101
2024-05-07,14.02,14.0203,14.025,13.98,4773
2024-05-08,14.0,14.03,14.05,14.0,17129
2024-05-09,14.04,14.151,14.155,14.04,11088
2024-05-10,14.2,14.2069,14.2201,14.18,29200
2024-05-13,14.23,14.2154,14.2486,14.201,6275
2024-05-14,14.23,14.32,14.33,14.23,27162
2024-05-15,14.38,14.46,14.47,14.38,24577
2024-05-16,14.39,14.3606,14.41,14.3606,12538
2024-05-17,14.39,14.4,14.4018,14.3713,7008
2024-05-20,14.38,14.4064,14.44,14.38,19480
2024-05-21,14.38,14.41,14.42,14.3799,77752
2024-05-22,14.36,14.365,14.38,14.31,14275
2024-05-23,14.43,14.271,14.43,14.25,34184
2024-05-24,14.29,14.35,14.38,14.29,19527
2024-05-28,14.4,14.3205,14.4,14.29,41914
2024-05-29,14.19,14.18,14.2,14.165,31001
2024-05-30,14.19,14.1877,14.24,14.17,30120
2024-05-31,14.21,14.3,14.305,14.15,11519
2024-06-03,14.32,14.3137,14.3699,14.25,27463
2024-06-04,14.25,14.3241,14.3241,14.24,11060
2024-06-05,14.38,14.4686,14.4686,14.38,38505
2024-06-06,14.49,14.51,14.51,14.47,9471
2024-06-07,14.46,14.4247,14.5,14.42,21428
2024-06-10,14.36,14.47,14.4899,14.36,8080
2024-06-11,14.33,14.3565,14.38,14.31,18341
2024-06-12,14.57,14.556,14.62,14.55,13880
2024-06-13,14.51,14.49,14.51,14.4,20607
2024-06-14,14.29,14.29,14.3146,14.2654,7451
2024-06-17,14.2607,14.3603,14.3603,14.2607,2483
2024-06-18,14.38,14.415,14.45,14.35,28465
2024-06-20,14.44,14.4228,14.4755,14.4,22686
2024-06-21,14.3795,14.389,14.39,14.3601,7965
2024-06-24,14.5,14.5476,14.56,14.49,87560
2024-06-25,14.505,14.53,14.54,14.4607,11417
2024-06-26,14.426,14.251,14.4502,14.401,9874
2024-06-27,14.31,14.2661,14.32,14.24,7495
2024-06-28,14.26,14.2617,14.35,14.26,12413
2024-07-01,14.36,14.3035,14.37,14.27,14317
2024-07-02,14.25,14.3255,14.34,14.25,3868
2024-07-03,14.38,14.4169,14.42,14.38,2916
2024-07-05,14.5,14.5097,14.5097,14.44,3359
2024-07-08,14.55,14.52,14.55,14.51,4818
2024-07-09,14.51,14.47,14.52,14.45,17778
2024-07-10,14.56,14.6488,14.65,14.55,14624
2024-07-11,14.7,14.65,14.71,14.65,16405
2024-07-12,14.79,14.71,14.79,14.71,12250
2024-07-15,14.72,14.635,14.72,14.61,30059
2024-07-16,14.67,14.7499,14.7499,14.67,7836
2024-07-17,14.6401,14.6247,14.65,14.62,10308
2024-07-18,14.61,14.4895,14.64,14.46,7797
2024-07-19,14.43,14.3728,14.45,14.37,9855
2024-07-22,14.39,14.42,14.44,14.39,7598
2024-07-23,14.4,14.3916,14.41,14.3916,516
2024-07-24,14.31,14.2295,14.36,14.2295,18461
2024-07-25,14.21,14.16,14.295,14.14,11469
2024-07-26,14.249,14.2534,14.3,14.24,6921
2024-07-29,14.21,14.2436,14.2584,14.18,28921
2024-07-30,14.27,14.2095,14.2704,14.14,13402
2024-07-31,14.31,14.3345,14.395,14.3001,7973
2024-08-01,14.29,14.12,14.29,14.095,15630
2024-08-02,14.0,13.9632,14.0,13.89,4691
2024-08-05,13.47,13.6,13.64,13.46,7903
2024-08-06,13.55,13.6504,13.75,13.5,4827
2024-08-07,13.82,13.64,13.86,13.64,8482
2024-08-08,13.76,13.87,13.895,13.76,9208
2024-08-09,13.9079,13.9663,13.97,13.9079,12063
2024-08-12,13.94,13.94,13.98,13.915,10137
