2023-03-09,6.8,5.81,8.0,5.57,2945427
2023-03-10,6.4,6.49,6.7,6.01,1019226
2023-03-13,6.49,6.38,7.19,6.3,1094233
2023-03-14,6.33,5.96,6.43,5.6,664460
2023-03-15,5.81,5.74,5.901,4.95,453694
2023-03-16,5.6,5.61,5.63,5.2601,224809
2023-03-17,5.65,5.64,5.6999,5.36,181878
2023-03-20,5.63,5.6,5.698,5.4,94668
2023-03-21,5.55,6.3,6.59,5.42,487325
2023-03-22,6.16,5.93,6.199,5.8,150765
2023-03-23,5.77,5.99,6.4099,5.71,310261
2023-03-24,5.9,5.92,6.025,5.79,69926
2023-03-27,5.89,5.96,6.18,5.7201,106803
2023-03-28,6.04,5.8095,6.09,5.7,87002
2023-03-29,5.71,5.49,5.98,5.255,296902
2023-03-30,5.7,5.55,5.8,5.41,111779
2023-03-31,5.77,6.92,7.1,5.6,1711125
2023-04-03,6.9,7.1,7.25,6.21,1778579
2023-04-04,7.15,5.38,7.3,5.38,1612773
2023-04-05,5.64,5.4801,5.74,5.04,361317
2023-04-06,5.24,5.75,5.89,5.24,394004
2023-04-10,5.65,5.43,5.84,5.42,109242
2023-04-11,5.615,5.42,5.96,5.32,286417
2023-04-12,5.49,5.72,5.8499,5.335,217870
2023-04-13,5.89,6.31,6.448,5.535,650666
2023-04-14,6.37,6.1385,6.7,5.91,321083
2023-04-17,6.31,6.09,6.31,5.92,236824
2023-04-18,6.03,5.85,6.1675,5.78,84054
2023-04-19,5.64,5.718,5.8,5.61,89982
2023-04-20,5.65,5.69,5.86,5.36,148884
2023-04-21,5.8,5.498,5.8694,5.4405,89799
2023-04-24,5.43,5.33,5.707,5.13,207150
2023-04-25,5.215,5.1,5.2385,4.96,209379
2023-04-26,5.06,5.11,5.3,5.01,126797
2023-04-27,5.04,4.89,5.2182,4.3,205491
2023-04-28,4.9,5.4,5.52,4.89,146573
2023-05-01,5.55,5.65,5.68,5.3,115359
2023-05-02,5.58,5.47,5.58,5.16,87592
2023-05-03,5.45,5.33,5.5,5.17,41074
2023-05-04,5.46,5.415,5.6099,5.34,79746
2023-05-05,5.5051,5.55,5.58,5.36,64160
2023-05-08,5.4987,5.74,5.9,5.21,189908
2023-05-09,5.79,5.665,5.83,5.39,108176
2023-05-10,5.77,5.62,5.82,5.5,52544
2023-05-11,5.63,5.67,5.7,5.33,71119
2023-05-12,5.52,5.5001,5.6382,5.3414,22023
2023-05-15,5.4801,5.595,5.93,5.4801,175619
2023-05-16,5.82,5.5996,5.82,5.53,37771
2023-05-17,5.645,5.7,5.76,5.317,109510
2023-05-18,5.695,6.05,6.09,5.55,117820
2023-05-19,6.05,5.87,6.15,5.66,110594
2023-05-22,5.78,6.07,6.33,5.78,191442
2023-05-23,6.13,5.94,6.5,5.75,210005
2023-05-24,5.84,5.63,5.92,5.18,237986
2023-05-25,5.81,5.41,5.8889,5.35,97714
2023-05-26,5.59,5.68,5.9,5.3,50325
2023-05-30,5.81,5.8833,6.08,5.51,203932
2023-05-31,5.9,5.95,5.95,5.62,201084
2023-06-01,5.77,6.65,6.8194,5.77,433175
2023-06-02,6.55,6.09,6.62,6.02,128651
2023-06-05,6.05,6.05,6.1,5.81,103793
2023-06-06,5.95,5.7,6.11,5.5,179251
2023-06-07,5.75,5.55,5.8604,5.42,62211
2023-06-08,5.63,5.6,5.86,5.38,831510
2023-06-09,5.5,5.59,5.75,5.4,69406
2023-06-12,5.4317,5.55,5.55,5.4,51616
2023-06-13,5.55,5.45,5.72,5.41,165047
2023-06-14,5.59,5.6,5.6,5.41,77456
2023-06-15,5.74,5.515,5.78,5.45,188551
2023-06-16,5.5,5.53,5.57,5.36,109748
2023-06-20,5.56,5.5,5.56,5.26,89679
2023-06-21,5.5,5.37,5.5499,5.3,75062
2023-06-22,5.36,5.4,5.44,5.21,34413
2023-06-23,5.42,5.4,5.47,5.16,46430
2023-06-26,5.4,5.73,6.1062,5.345,941450
2023-06-27,5.88,6.41,6.54,5.65,774900
2023-06-28,6.13,6.12,6.375,5.9107,363543
2023-06-29,6.2,5.44,6.2,5.2,703664
2023-06-30,5.38,5.32,5.52,5.2227,203982
2023-07-03,5.27,5.26,5.33,5.2,93465
2023-07-05,5.34,5.3,5.45,5.23,168488
2023-07-06,5.3,5.0,5.3,4.94,176616
2023-07-07,5.1,5.07,5.35,4.94,110971
2023-07-10,5.08,5.17,5.1972,5.075,42634
2023-07-11,5.15,5.4,5.44,5.0674,118414
2023-07-12,5.28,5.35,5.5,5.2544,95024
2023-07-13,5.35,5.32,5.41,5.26,82283
2023-07-14,5.26,5.16,5.29,5.045,123645
2023-07-17,5.23,5.15,5.23,5.045,48069
2023-07-18,5.1061,5.14,5.24,5.06,51311
2023-07-19,5.11,5.15,5.68,5.11,549329
2023-07-20,5.1114,4.88,5.18,4.75,213832
2023-07-21,5.0,5.28,5.35,4.88,378610
2023-07-24,5.21,5.56,5.65,5.15,1534275
2023-07-25,5.62,5.92,5.96,5.45,584393
2023-07-26,5.91,6.1,6.1,5.8,366452
2023-07-27,6.13,6.36,6.36,6.0,266338
2023-07-28,6.44,7.15,7.24,6.42,1730988
2023-07-31,7.65,9.19,9.2,7.5696,1822108
2023-08-01,9.44,10.04,10.39,9.28,2337932
2023-08-02,9.52,8.37,9.53,7.71,1163159
2023-08-03,8.5,8.18,8.6,8.01,355242
2023-08-04,8.51,7.59,8.55,7.36,314588
2023-08-07,7.59,7.61,7.69,7.0,399404
2023-08-08,7.46,7.44,7.57,7.15,277491
2023-08-09,7.31,7.74,7.8,7.25,215402
2023-08-10,7.82,8.04,8.18,7.62,512108
2023-08-11,9.13,7.11,9.13,6.03,3422169
2023-08-14,5.8,4.97,6.44,4.4,2511213
2023-08-15,4.92,4.73,4.9595,4.6,537177
2023-08-16,4.66,4.5,4.9,4.43,693223
2023-08-17,4.91,4.28,4.91,4.22,486666
2023-08-18,4.24,4.01,4.299,3.85,408026
2023-08-21,4.04,4.1,4.2629,4.03,333989
2023-08-22,4.1,4.3,4.35,3.97,265842
2023-08-23,3.95,4.11,4.21,3.95,264921
2023-08-24,4.19,3.99,4.19,3.95,234572
2023-08-25,4.02,3.98,4.11,3.79,784274
2023-08-28,4.02,2.78,4.02,2.75,1728067
2023-08-29,2.83,2.54,2.84,2.18,1145200
2023-08-30,2.53,2.92,3.15,2.42,830561
2023-08-31,2.96,2.74,3.23,2.71,317462
2023-09-01,2.75,2.82,2.89,2.75,152611
2023-09-05,2.8,2.59,2.886,2.58,266102
2023-09-06,2.48,2.59,2.72,2.38,408176
2023-09-07,2.5,2.48,2.64,2.39,101885
2023-09-08,2.51,2.38,2.51,2.3363,137976
2023-09-11,2.43,2.43,2.43,2.43,100
2023-09-12,2.45,2.34,2.46,2.27,143623
2023-09-13,2.39,2.33,2.435,2.2995,257983
2023-09-14,2.39,2.24,2.449,2.23,177700
2023-09-15,2.31,2.18,2.3193,2.13,127041
2023-09-18,2.19,2.16,2.25,2.1073,156787
2023-09-19,2.17,2.13,2.22,2.13,25306
2023-09-20,2.12,2.22,2.35,2.11,199326
2023-09-21,2.22,2.05,2.237,2.04,89490
2023-09-22,2.14,2.11,2.2099,2.02,85397
2023-09-25,2.26,1.81,2.29,1.78,239281
2023-09-26,1.79,1.83,1.91,1.79,73990
2023-09-27,1.83,1.75,1.94,1.73,53984
2023-09-28,1.71,1.66,1.78,1.66,97775
2023-09-29,1.69,1.9,1.9,1.63,120958
2023-10-02,1.9,2.17,2.18,1.8916,92627
2023-10-03,2.15,2.125,2.18,2.06,42652
2023-10-04,2.24,1.93,2.24,1.8501,46687
2023-10-05,1.96,1.99,2.12,1.89,78017
2023-10-06,1.94,1.97,2.16,1.9,104748
2023-10-09,1.93,2.01,2.01,1.91,7747
2023-10-10,2.07,2.11,2.18,2.0322,50791
2023-10-11,2.28,2.17,2.28,2.0,63984
2023-10-12,2.13,2.04,2.13,2.0101,16540
2023-10-13,1.9801,2.04,2.04,1.98,20867
2023-10-16,2.03,2.08,2.095,1.96,6387
2023-10-17,2.0681,1.975,2.175,1.93,97355
2023-10-18,1.99,1.835,1.99,1.7,73589
2023-10-19,1.83,1.68,1.93,1.67,311567
2023-10-20,1.61,1.65,1.7945,1.59,27090
2023-10-23,1.65,1.46,1.68,1.4,94226
2023-10-24,1.56,1.75,1.77,1.476,50699
2023-10-25,1.71,1.63,1.7112,1.63,30594
2023-10-26,1.7,1.65,1.73,1.55,59532
2023-10-27,1.65,1.56,1.65,1.52,39208
2023-10-30,1.62,1.71,1.71,1.535,27307
2023-10-31,1.71,1.81,1.85,1.695,54491
2023-11-01,1.86,1.76,1.86,1.66,18639
2023-11-02,1.86,1.75,1.86,1.66,56005
2023-11-03,1.85,1.74,1.88,1.72,52849
2023-11-06,1.73,2.05,2.08,1.73,458965
2023-11-07,2.07,2.44,2.48,1.95,312309
2023-11-08,2.46,2.38,2.59,2.22,212112
2023-11-09,2.4716,2.22,2.4716,2.1,169943
2023-11-10,2.2001,2.21,2.3771,2.2,37174
2023-11-13,2.39,2.13,2.39,2.06,50680
2023-11-14,2.15,2.1,2.26,2.07,24921
2023-11-15,2.14,2.24,2.355,2.03,55122
2023-11-16,2.22,2.1,2.25,2.1,45524
2023-11-17,2.175,2.1499,2.22,2.1,19908
2023-11-20,2.12,2.13,2.25,2.11,35750
2023-11-21,2.09,2.157,2.32,2.02,43898
2023-11-22,2.0701,2.12,2.15,2.03,41493
2023-11-24,2.1,2.29,2.29,2.1,19750
2023-11-27,2.29,2.22,2.36,2.22,20890
2023-11-28,2.2787,2.64,2.74,2.2787,240702
2023-11-29,2.66,2.53,2.66,2.44,162437
2023-11-30,2.4869,2.225,2.53,2.2,93394
2023-12-01,2.24,2.175,2.45,2.05,173570
2023-12-04,2.1799,2.28,2.34,2.1,46405
2023-12-05,2.25,2.24,2.325,2.21,26822
2023-12-06,2.28,2.31,2.43,2.25,94570
2023-12-07,2.34,2.12,2.49,2.12,46059
2023-12-08,2.2,2.22,2.29,2.13,46140
2023-12-11,2.25,2.3,2.38,2.24,52447
2023-12-12,2.34,2.4,2.43,2.32,31876
2023-12-13,2.39,2.6,2.6,2.39,87091
2023-12-14,2.45,2.4,2.6,2.4,79618
2023-12-15,2.53,2.39,2.5892,2.3,1396736
2023-12-18,2.4596,2.37,2.4596,2.31,34717
2023-12-19,2.35,2.35,2.44,2.3,47788
2023-12-20,2.37,2.19,2.41,2.15,58640
2023-12-21,2.22,2.39,2.4,2.2,71859
2023-12-22,2.37,2.23,2.37,2.18,77772
2023-12-26,2.23,2.28,2.3,2.18,18216
2023-12-27,2.25,2.21,2.31,2.21,39146
2023-12-28,2.22,2.25,2.25,2.19,18712
2023-12-29,2.2541,2.27,2.2804,2.21,29696
2024-01-02,2.26,2.12,2.27,2.1,74427
2024-01-03,2.06,2.05,2.13,1.9592,1087931
2024-01-04,2.05,2.09,2.1,1.91,100021
2024-01-05,2.01,1.93,2.04,1.93,52690
2024-01-08,1.88,2.0,2.05,1.79,652866
2024-01-09,2.02,1.99,2.16,1.92,64360
2024-01-10,2.08,2.02,2.095,1.95,76543
2024-01-11,2.03,1.9,2.0315,1.83,87069
2024-01-12,1.9882,1.96,1.9898,1.9004,9070
2024-01-16,1.9456,1.825,1.9456,1.7603,153303
2024-01-17,1.85,1.74,1.93,1.715,81765
2024-01-18,1.75,1.79,1.824,1.65,58650
2024-01-19,1.75,1.6101,1.75,1.6001,167760
2024-01-22,1.63,1.58,1.65,1.52,144808
2024-01-23,1.64,1.69,1.755,1.56,96791
2024-01-24,1.75,1.82,1.88,1.7,51399
2024-01-25,1.86,1.88,1.9,1.82,42850
2024-01-26,1.85,1.9,1.9,1.83,58124
2024-01-29,1.8145,1.9,1.95,1.8145,39820
2024-01-30,1.86,1.94,1.988,1.85,96872
2024-01-31,1.95,1.9,2.0,1.78,146413
2024-02-01,1.9,1.92,2.0,1.87,72361
2024-02-02,1.92,1.86,1.94,1.804,19917
2024-02-05,1.9,2.05,2.29,1.858,138632
2024-02-06,2.16,1.96,2.16,1.96,130955
2024-02-07,1.95,2.04,2.05,1.9304,40159
2024-02-08,2.02,2.15,2.2,2.02,145399
2024-02-09,2.15,2.34,2.38,2.1301,104617
2024-02-12,2.27,2.12,2.32,2.0301,62481
2024-02-13,2.01,2.14,2.18,1.91,41878
2024-02-14,2.1065,2.11,2.14,1.96,74773
2024-02-15,2.13,2.05,2.2,1.9701,54536
2024-02-16,2.11,2.17,2.29,2.08,127424
2024-02-20,2.13,2.12,2.19,2.11,49109
2024-02-21,2.07,2.09,2.1499,2.01,85596
2024-02-22,2.05,1.9,2.1,1.88,90983
2024-02-23,1.91,1.87,1.91,1.82,49046
2024-02-26,1.83,1.9,1.99,1.82,80887
2024-02-27,1.98,2.43,2.45,1.93,500849
2024-02-28,2.39,2.06,2.39,2.0,426130
2024-02-29,2.15,1.98,2.18,1.96,141108
2024-03-01,2.07,2.0,2.1,2.0,120492
2024-03-04,2.03,2.07,2.1,1.95,74481
2024-03-05,2.01,1.92,2.04,1.83,214419
2024-03-06,1.98,2.02,2.05,1.97,125491
2024-03-07,1.99,1.88,2.04,1.88,85784
2024-03-08,1.85,1.88,1.9999,1.85,62435
2024-03-11,1.88,1.9,1.9475,1.88,69388
2024-03-12,1.87,1.92,1.95,1.83,87831
2024-03-13,1.95,2.03,2.2,1.86,411343
2024-03-14,2.03,1.94,2.1,1.9,179450
2024-03-15,1.9303,2.0,2.15,1.91,263565
2024-03-18,2.04,1.92,2.07,1.91,152671
2024-03-19,1.98,1.84,1.98,1.83,120121
2024-03-20,1.88,1.89,1.93,1.83,136055
2024-03-21,1.86,1.83,1.9,1.8,71106
2024-03-22,1.89,1.87,1.91,1.81,96074
2024-03-25,1.93,1.82,1.93,1.77,61729
2024-03-26,1.82,1.73,1.82,1.71,65094
2024-03-27,1.755,1.735,1.755,1.65,32830
2024-03-28,1.7,1.79,1.8385,1.69,33368
2024-04-01,1.8,1.77,1.81,1.7,89391
2024-04-02,1.79,1.72,1.79,1.6796,44103
2024-04-03,1.75,1.83,1.85,1.73,48738
2024-04-04,1.78,1.79,1.81,1.735,24278
2024-04-05,1.77,1.77,1.84,1.74,27313
2024-04-08,1.8,1.7704,1.8,1.72,25507
2024-04-09,1.74,1.85,1.85,1.7311,40189
2024-04-10,1.81,1.79,1.8331,1.775,14785
2024-04-11,1.79,1.7799,1.79,1.75,10163
2024-04-12,1.7402,1.68,1.76,1.63,30455
2024-04-15,1.84,1.5951,1.84,1.55,62605
2024-04-16,1.55,1.48,1.7872,1.48,88685
2024-04-17,1.54,1.44,1.58,1.415,130648
2024-04-18,1.42,1.54,1.6288,1.41,182467
2024-04-19,1.6,1.42,1.6,1.39,63735
2024-04-22,1.38,1.33,1.43,1.28,97188
2024-04-23,1.3,1.37,1.5,1.3,280479
2024-04-24,1.35,1.23,1.365,1.21,119331
2024-04-25,1.28,1.28,1.328,1.2199,86269
2024-04-26,1.33,1.28,1.3315,1.25,58400
2024-04-29,1.3,1.3,1.37,1.25,66195
2024-04-30,1.2847,1.22,1.34,1.2,95302
2024-05-01,1.21,1.22,1.23,1.16,43066
2024-05-02,1.22,1.25,1.34,1.2,88634
2024-05-03,1.23,1.2,1.3,1.185,71998
2024-05-06,1.19,1.27,1.28,1.13,144772
2024-05-07,1.22,1.21,1.2499,1.1671,98459
2024-05-08,1.21,1.26,1.32,1.15,377097
2024-05-09,1.3,1.18,1.45,1.17,2811322
2024-05-10,1.11,1.185,1.21,1.0501,552534
2024-05-13,1.12,1.075,1.15,1.06,195876
2024-05-14,1.07,1.05,1.075,1.0,231546
2024-05-15,1.02,1.05,1.07,0.9876,135635
2024-05-16,1.07,1.03,1.07,0.99,184720
2024-05-17,1.04,1.09,1.11,0.995,232921
2024-05-20,1.14,1.09,1.14,1.04,267608
2024-05-21,1.1,1.105,1.18,1.09,263483
2024-05-22,1.09,1.09,1.1,1.025,193952
2024-05-23,1.09,1.05,1.09,0.99,148085
2024-05-24,1.061,1.02,1.0698,0.99505,215483
2024-05-28,1.02,0.9543,1.0496,0.93,160297
2024-05-29,0.95,0.9149,0.95,0.88,92130
2024-05-30,0.91,0.9797,0.985,0.83,191248
2024-05-31,0.9798,0.9689,0.9798,0.916,136757
2024-06-03,0.93,0.9098,0.9749,0.882,93532
2024-06-04,0.92,0.854,0.92,0.8302,324004
2024-06-05,0.8305,0.7899,0.8441,0.7674,175690
2024-06-06,0.7334,0.782,0.83,0.716,822814
2024-06-07,0.7779,0.81,0.8289,0.75,61629
2024-06-10,0.7923,0.8466,0.8779,0.7916,110868
2024-06-11,0.865,0.87,0.89,0.8465,119796
2024-06-12,0.8699,0.9111,0.9499,0.83,525243
2024-06-13,0.91,0.87,0.9109,0.842,54485
2024-06-14,0.9,0.8317,0.9085,0.76,2494935
2024-06-17,0.859,0.7316,0.859,0.7101,224280
2024-06-18,0.7207,0.8049,0.85,0.7101,683791
2024-06-20,0.82,0.752,0.825,0.75,374214
2024-06-21,0.749,0.788,0.81,0.749,66034
2024-06-24,0.7903,0.7704,0.799,0.7522,113096
2024-06-25,0.79,0.74,0.84,0.724,260978
2024-06-26,0.769,0.6815,0.769,0.6811,140277
2024-06-27,0.6905,0.66,0.7,0.6305,180868
2024-06-28,0.651,0.6046,0.6651,0.6,300937
2024-07-01,0.643,0.6264,0.6439,0.604,107361
2024-07-02,0.62,0.6,0.643,0.592,153298
2024-07-03,0.617,0.6159,0.63,0.59,134383
2024-07-05,0.629,0.6399,0.6649,0.61,130172
2024-07-08,0.6396,0.66,0.67,0.6301,124063
2024-07-09,0.65,0.663,0.67,0.6402,35245
2024-07-10,0.66,0.7,0.7,0.65,84227
2024-07-11,0.697,0.67,0.698,0.6549,63040
2024-07-12,0.6616,0.6805,0.698,0.6616,34507
2024-07-15,0.68,0.665,0.6815,0.6349,76914
2024-07-16,0.6643,0.85,0.8798,0.628,461226
2024-07-17,0.84,0.77,0.84,0.737457,92996
2024-07-18,0.8,0.731,0.8,0.7302,64872
2024-07-19,0.77,0.75,0.8,0.733,43692
2024-07-22,0.75,0.771,0.8,0.7002,198941
2024-07-23,0.76,0.771,0.8,0.7158,108064
2024-07-24,0.756,0.77,0.7744,0.724,180759
2024-07-25,0.7624,0.749,0.7624,0.6799,377589
2024-07-26,0.749,0.74,0.75,0.7205,343923
2024-07-29,0.71,0.7,0.7315,0.69,250535
2024-07-30,0.695,0.6102,0.695,0.61,374328
2024-07-31,0.64,0.5906,0.64,0.58,181798
2024-08-01,0.609,0.5876,0.615,0.561,194940
2024-08-02,0.55,0.5398,0.5875,0.525,120667
2024-08-05,0.53,0.485,0.55,0.48,197542
2024-08-06,0.51,0.5,0.53,0.4867,95519
2024-08-07,0.4807,0.4422,0.5,0.4201,192171
2024-08-08,0.4215,0.4249,0.4418,0.42,135497
2024-08-09,0.42,0.3741,0.4307,0.3629,468782
2024-08-12,0.38,0.3549,0.38,0.35,140086
