2024-01-31,24.85,24.6915,24.9,24.65,40048
2024-02-01,24.83,24.76,24.95,24.55,95328
2024-02-02,24.77,24.78,24.9,24.77,18022
2024-02-05,24.84,24.78,24.84,24.7,16726
2024-02-06,24.85,24.8415,24.96,24.81,33128
2024-02-07,24.89,24.85,24.9,24.61,24295
2024-02-08,24.89,24.83,24.89,24.83,27147
2024-02-09,24.85,24.87,24.94,24.85,22927
2024-02-12,24.8895,24.9,24.94,24.87,26439
2024-02-13,24.9,24.92,24.94,24.81,27011
2024-02-14,24.9399,24.99,24.99,24.85,12784
2024-02-15,24.99,24.97,24.99,24.95,19900
2024-02-16,24.97,24.98,25.0,24.97,12448
2024-02-20,24.99,25.0402,25.06,24.99,12725
2024-02-21,25.01,25.06,25.2,24.96,50315
2024-02-22,25.12,25.1,25.14,25.0601,7828
2024-02-23,25.14,25.12,25.22,25.0575,9488
2024-02-26,25.12,25.1,25.21,25.0262,19799
2024-02-27,25.11,25.1,25.11,25.032,11493
2024-02-28,25.08,25.13,25.155,25.05,5814
2024-02-29,25.14,25.15,25.15,25.1,9662
2024-03-01,25.15,25.18,25.39,25.135,11995
2024-03-04,25.18,25.2,25.37,25.18,15826
2024-03-05,25.35,25.21,25.35,25.2,8201
2024-03-06,25.21,25.2,25.2999,25.2,4835
2024-03-07,25.24,25.3,25.3399,25.2,9888
2024-03-08,25.26,25.19,25.28,25.12,16708
2024-03-11,25.26,25.1999,25.26,25.15,7118
2024-03-12,25.24,25.2,25.3499,25.2,15201
2024-03-13,25.2899,25.23,25.33,25.2,25350
2024-03-14,25.25,25.22,25.34,25.175,21317
2024-03-15,25.33,25.41,25.45,25.32,30155
2024-03-18,25.5,25.42,25.5,25.305,14545
2024-03-19,25.42,25.4,25.4881,25.3,16570
2024-03-20,25.4,25.34,25.49,25.29,25619
2024-03-21,25.38,25.36,25.48,25.35,13384
2024-03-22,25.48,25.4,25.48,25.29,13477
2024-03-25,25.3,25.29,25.3,25.21,46356
2024-03-26,25.3,25.23,25.3279,25.2,30512
2024-03-27,25.25,25.24,25.3383,25.12,44238
2024-03-28,24.92,25.0,25.1,24.88,38861
2024-04-01,25.02,25.07,25.15,24.97,13904
2024-04-02,24.99,25.08,25.13,24.9,24251
2024-04-03,25.035,25.01,25.05,24.9,22395
2024-04-04,25.04,24.96,25.05,24.8301,14838
2024-04-05,24.95,24.989,25.0,24.91,12095
2024-04-08,25.0,25.0,25.095,24.99,19165
2024-04-09,25.07,24.99,25.15,24.95,25087
2024-04-10,24.95,25.0,25.05,24.9,7632
2024-04-11,25.0,24.98,25.0199,24.9,9211
2024-04-12,25.05,24.97,25.0799,24.94,10573
2024-04-15,24.98,24.845,25.04,24.78,17212
2024-04-16,24.84,24.48,24.9,24.36,61259
2024-04-17,24.68,24.44,24.94,24.3,48979
2024-04-18,24.455,24.29,24.58,24.15,30816
2024-04-19,24.28,24.32,24.49,24.2,24714
2024-04-22,24.44,24.3,24.45,24.2,21064
2024-04-23,24.39,24.44,24.55,24.35,18865
2024-04-24,24.48,24.38,24.5,24.38,26647
2024-04-25,24.35,24.37,24.47,24.28,53785
2024-04-26,24.39,24.31,24.41,24.3,22038
2024-04-29,24.31,24.34,24.52,24.3,5824
2024-04-30,24.415,24.37,24.415,24.2,14052
2024-05-01,24.4,24.5,24.5,24.35,6808
2024-05-02,24.45,24.43,24.59,24.31,18676
2024-05-03,24.5,24.59,24.69,24.45,13481
2024-05-06,24.65,24.75,24.78,24.51,21949
2024-05-07,24.75,24.71,24.81,24.61,5873
2024-05-08,24.61,24.65,24.73,24.55,9675
2024-05-09,24.65,24.7927,24.81,24.65,3348
2024-05-10,24.8,24.7,24.87,24.65,4947
2024-05-13,24.7,24.77,24.84,24.7,5928
2024-05-14,24.751,24.88,24.99,24.75,5382
2024-05-15,24.87,24.84,24.9,24.75,12398
2024-05-16,24.89,24.74,24.9,24.61,19281
2024-05-17,24.73,24.8,24.8,24.67,14228
2024-05-20,24.8,24.87,24.87,24.765,8579
2024-05-21,24.87,24.85,24.9,24.83,6261
2024-05-22,24.86,24.63,24.86,24.52,31554
2024-05-23,24.58,24.74,24.7499,24.58,6867
2024-05-24,24.72,24.65,24.72,24.61,17894
2024-05-28,24.65,24.69,24.74,24.6,15103
2024-05-29,24.66,24.6999,24.6999,24.62,2126
2024-05-30,24.69,24.74,24.75,24.68,6514
2024-05-31,24.82,24.78,24.82,24.74,1516
2024-06-03,24.78,24.7,24.85,24.7,12137
2024-06-04,24.75,24.84,24.84,24.75,12856
2024-06-05,24.84,24.92,24.98,24.84,6570
2024-06-06,24.96,25.01,25.06,24.93,52461
2024-06-07,24.98,25.0,25.03,24.95,29458
2024-06-10,25.0,25.01,25.17,25.0,4624
2024-06-11,25.012,25.03,25.14,24.875,14280
2024-06-12,25.0998,25.02,25.1,24.9,13526
2024-06-13,25.08,25.01,25.08,24.95,8378
2024-06-14,24.9,25.0,25.04,24.9,4719
2024-06-17,25.0,25.0,25.09,24.98,14859
2024-06-18,25.02,25.0,25.05,24.95,13257
2024-06-20,25.0,25.01,25.03,24.98,14805
2024-06-21,25.005,25.01,25.01,25.0,10696
2024-06-24,25.05,25.1,25.14,25.02,20255
2024-06-25,25.1,25.13,25.15,25.1,25616
2024-06-26,25.1297,25.1,25.14,25.03,17617
2024-06-27,25.03,24.9901,25.0999,24.98,39221
2024-06-28,25.07,24.95,25.08,24.9,16856
2024-07-01,24.53,24.61,24.79,24.51,26009
2024-07-02,24.63,24.85,24.88,24.63,11048
2024-07-03,24.88,24.9,24.9,24.85,8023
2024-07-05,24.9,24.85,24.9,24.85,7249
2024-07-08,24.89,24.9,24.9,24.85,6448
2024-07-09,24.88,24.9,24.96,24.87,11423
2024-07-10,24.95,25.01,25.01,24.9,12762
2024-07-11,25.0,25.01,25.01,24.99,9942
2024-07-12,25.01,24.99,25.01,24.9501,15587
2024-07-15,25.0,24.99,25.0,24.96,8871
2024-07-16,25.0,24.99,25.0,24.98,29042
2024-07-17,25.002,25.0,25.01,24.99,26801
2024-07-18,25.0,25.1,25.1,24.985,33997
2024-07-19,25.1,25.01,25.12,25.01,11291
2024-07-22,25.1,25.0,25.1,24.97,17327
2024-07-23,24.97,24.98,25.0,24.92,20971
2024-07-24,24.79,24.86,24.89,24.79,44900
2024-07-25,24.55,24.62,24.62,24.35,544364
2024-07-26,24.66,24.74,24.75,24.5905,56317
2024-07-29,24.8,24.78,24.8,24.7,69765
2024-07-30,24.78,24.69,24.78,24.6,40781
2024-07-31,24.675,24.71,24.77,24.6,41660
2024-08-01,24.721,24.49,24.721,24.44,54710
2024-08-02,24.47,24.43,24.58,24.38,100021
2024-08-05,24.24,24.4,24.45,24.05,70497
2024-08-06,24.48,24.78,24.85,24.3447,50048
2024-08-07,24.79,24.84,24.89,24.79,33836
2024-08-08,24.87,24.9799,25.0,24.87,48543
2024-08-09,24.98,24.98,24.98,24.86,21892
2024-08-12,24.98,25.0,25.01,24.9,18315
