2020-08-31,28.75,58.0,64.95,25.75,1512316
2020-09-01,54.4,43.0,55.0,40.05,351228
2020-09-02,38.6035,36.25,41.9995,35.05,112248
2020-09-03,36.75,31.75,38.3495,31.55,77321
2020-09-04,31.9,28.5,33.35,25.687,81026
2020-09-08,26.5,37.45,41.7995,26.25,724905
2020-09-09,33.5,31.95,35.5,31.25,94604
2020-09-10,31.5,29.7,32.05,29.413,39813
2020-09-11,30.5,29.8,30.6,29.6005,18508
2020-09-14,29.9,31.1,32.4495,29.2,53296
2020-09-15,31.5,32.3,35.05,30.4005,91071
2020-09-16,32.5,31.25,33.7495,30.55,33913
2020-09-17,31.25,30.95,34.25,30.65,40853
2020-09-18,31.3,31.0,32.4495,29.8,27258
2020-09-21,31.9,34.0,37.25,31.75,374835
2020-09-22,34.15,41.2,41.5,34.15,172931
2020-09-23,40.15,35.5,42.35,35.0,115648
2020-09-24,35.6,38.05,39.275,34.8,67393
2020-09-25,37.4,37.0,39.8,35.9,31520
2020-09-28,37.85,36.8,38.9,34.15,53481
2020-09-29,37.55,36.5,38.7995,35.3505,48171
2020-09-30,36.5,36.35,37.6165,35.4,16303
2020-10-01,35.9,35.7,37.0,35.0,8764
2020-10-02,35.25,35.5,36.3,35.25,11174
2020-10-05,35.5,35.65,37.5,34.5,33473
2020-10-06,35.25,33.4,35.8995,33.3,32006
2020-10-07,33.75,34.5,35.0005,33.4505,8396
2020-10-08,34.45,34.05,35.0,33.75,11141
2020-10-09,34.0,33.1,34.32,32.5,12243
2020-10-12,33.6,32.8,34.0,32.7745,11160
2020-10-13,32.8,33.0005,33.65,32.75,6162
2020-10-14,34.0,35.3,36.0,33.5,44914
2020-10-15,34.0,37.475,38.3,33.5,50821
2020-10-16,38.15,35.7,38.427,34.75,13307
2020-10-19,35.7,35.55,38.2495,34.5,44958
2020-10-20,35.6,35.4,37.2,35.1,36270
2020-10-21,35.45,33.75,36.9495,33.35,33675
2020-10-22,33.65,33.05,34.5995,32.65,6494
2020-10-23,33.55,33.75,35.75,33.0,23705
2020-10-26,33.95,33.8,35.55,33.55,23467
2020-10-27,33.8,31.85,33.95,31.8,22570
2020-10-28,51.85,40.7,53.75,37.9,3688356
2020-10-29,40.4,35.2,40.4,32.8,151816
2020-10-30,34.95,32.3,34.95,32.15,43303
2020-11-02,33.2,30.4,34.196,30.2,54827
2020-11-03,30.5,30.0,32.15,29.55,59638
2020-11-04,31.85,30.3,31.85,27.5495,93723
2020-11-05,29.5,26.8,29.5,26.5,139984
2020-11-06,31.55,31.55,38.3,28.0,425559
2020-11-09,31.5,31.95,34.0995,27.9,125910
2020-11-10,27.5,26.0,28.3495,25.55,218393
2020-11-11,26.55,26.1,26.55,25.7,34993
2020-11-12,26.25,26.1,26.25,24.95,34288
2020-11-13,26.2,25.8,26.5,25.053,38504
2020-11-16,25.5,24.75,26.0,24.4,76069
2020-11-17,25.5,25.2,25.5215,24.4,25530
2020-11-18,25.05,25.25,26.25,25.05,29372
2020-11-19,26.15,25.95,26.45,25.1,37615
2020-11-20,26.15,25.5,26.25,25.35,17478
2020-11-23,26.0,25.5,26.0,25.0,33935
2020-11-24,25.25,24.95,25.7,24.8,34594
2020-11-25,25.0,25.2,25.35,24.8,13357
2020-11-27,25.7,25.4,25.75,25.1,15098
2020-11-30,25.65,25.9,26.0,25.25,18826
2020-12-01,26.45,25.45,26.55,25.1,43478
2020-12-02,25.2,26.0,26.95,24.8,111061
2020-12-03,26.65,26.45,26.65,26.05,21156
2020-12-04,26.5,26.2,26.55,25.7375,12622
2020-12-07,25.85,25.7,26.2,25.7,11737
2020-12-08,25.75,25.85,26.1,25.3,11443
2020-12-09,25.85,25.15,25.85,24.75,31284
2020-12-10,25.15,25.05,25.309,24.0,23345
2020-12-11,25.2,25.6,25.85,24.4,20025
2020-12-14,25.45,25.2,25.6905,24.8,18141
2020-12-15,25.35,25.15,25.35,24.9,7005
2020-12-16,25.05,24.8,25.05,24.4445,12762
2020-12-17,24.95,24.8,25.75,24.45,34733
2020-12-18,25.25,24.2,25.25,24.2,26935
2020-12-21,24.35,26.1,27.55,24.3,143294
2020-12-22,26.55,25.2,26.55,25.1505,26009
2020-12-23,25.5,25.3,25.8,25.0505,16867
2020-12-24,25.15,25.2,25.5475,24.8,9440
2020-12-28,25.0,25.8,26.345,24.65,51083
2020-12-29,25.95,24.45,26.075,24.1,43839
2020-12-30,24.7,24.55,25.85,24.35,32327
2020-12-31,24.55,22.95,24.95,22.6,36955
2021-01-04,23.05,22.85,24.15,22.7,19515
2021-01-05,22.95,23.4,23.65,22.75,22419
2021-01-06,24.75,24.0,24.7575,23.55,24737
2021-01-07,24.5,23.9,24.5,23.65,14711
2021-01-08,24.75,25.45,26.4,24.63,120902
2021-01-11,25.45,26.0,26.45,25.3005,48248
2021-01-12,26.15,25.8,26.15,25.55,16940
2021-01-13,26.25,25.7,26.25,25.25,16027
2021-01-14,25.75,25.25,26.0,25.1,13743
2021-01-15,25.2,24.35,25.5,24.15,21341
2021-01-19,25.45,24.8,25.45,24.25,18643
2021-01-20,25.05,26.35,30.5,23.65,528627
2021-01-21,26.45,25.45,26.869,24.75,48265
2021-01-22,25.35,26.15,27.35,24.8,134037
2021-01-25,25.8,27.0,29.85,25.15,217537
2021-01-26,26.5,26.2,26.6995,25.6,50098
2021-01-27,26.1,25.2,26.1,25.0,71374
2021-01-28,25.05,25.2,25.85,24.25,60458
2021-01-29,25.0,24.5,25.5105,23.8,32834
2021-02-01,24.65,24.25,24.9,24.0,23867
2021-02-02,24.4,24.6,24.75,24.05,37978
2021-02-03,24.4,24.9,25.0,24.25,30653
2021-02-04,24.6,24.55,25.0,24.05,49060
2021-02-05,24.75,26.05,26.7,24.3,138059
2021-02-08,26.2,25.9,26.7,25.3,83045
2021-02-09,45.0,98.55,178.9,41.438,23667802
2021-02-10,95.0,73.25,134.7,70.0,1948907
2021-02-11,68.55,69.05,78.6495,57.5505,592211
2021-02-12,67.0,66.2,71.5495,61.3,175309
2021-02-16,62.6095,59.75,64.35,58.15,98220
2021-02-17,59.6,55.5,59.6,54.35,63543
2021-02-18,55.0,58.3,61.7995,55.0,192428
2021-02-19,57.2,54.3,58.0,53.7,88608
2021-02-22,52.9,52.75,54.2495,50.7,43236
2021-02-23,50.0,46.1,50.2,43.6,58874
2021-02-24,47.4,47.3,48.05,45.752,38437
2021-02-25,49.7,45.55,49.95,43.9625,49640
2021-02-26,46.0,52.95,68.75,45.275,951553
2021-03-01,50.25,51.5,53.85,48.0,94304
2021-03-02,51.3,48.25,52.35,47.75,120300
2021-03-03,47.8,45.7,49.05,45.1,84195
2021-03-04,45.45,39.0,46.7,36.05,59914
2021-03-05,41.3,45.85,49.1,36.75,409043
2021-03-08,45.6,40.9,46.5,40.9,108170
2021-03-09,43.05,43.2,44.84,39.9,196264
2021-03-10,42.5,42.1,45.5,41.65,72812
2021-03-11,42.3,46.3,47.5,41.6505,171955
2021-03-12,44.65,46.15,46.2885,44.0,40756
2021-03-15,45.919,47.2,48.955,45.0,34483
2021-03-16,47.45,46.0,47.9575,44.7,33936
2021-03-17,45.5,46.45,48.0,43.35,22762
2021-03-18,45.5,48.2,49.3995,45.415,24250
2021-03-19,48.05,50.45,51.5,46.062,43710
2021-03-22,51.45,49.55,51.45,49.1005,15213
2021-03-23,50.15,48.5,51.25,48.35,49810
2021-03-24,57.65,50.85,68.45,46.9,1171015
2021-03-25,48.25,46.5,48.25,43.55,73612
2021-03-26,46.55,51.0,53.075,45.9255,58102
2021-03-29,50.05,46.45,51.9,46.45,27233
2021-03-30,46.25,47.65,47.7,44.0965,35160
2021-03-31,47.3,49.95,51.75,46.55,46551
2021-04-01,50.0,49.9,51.1,47.0,29717
2021-04-05,49.05,48.3,50.2735,46.9305,32892
2021-04-06,48.0,47.45,49.1365,46.75,26416
2021-04-07,47.5,45.8,47.85,45.05,21953
2021-04-08,45.85,48.15,48.75,45.25,59716
2021-04-09,49.0,53.85,57.4985,48.1,91685
2021-04-12,53.45,55.2,55.2,50.755,57363
2021-04-13,54.5,53.4,55.3,50.938,48190
2021-04-14,52.6,50.55,53.4,50.55,9140
2021-04-15,50.95,46.4,51.15,46.25,26209
2021-04-16,45.95,47.05,48.3,45.0,13527
2021-04-19,47.1,47.65,49.3495,46.6,8026
2021-04-20,47.65,46.35,47.65,46.024,5853
2021-04-21,46.85,48.25,48.5,45.5,9405
2021-04-22,48.4,47.25,50.0,46.85,3947
2021-04-23,47.5,47.35,48.1,47.0,6746
2021-04-26,47.45,48.35,48.45,47.35,5572
2021-04-27,48.2,47.35,48.75,46.65,6622
2021-04-28,47.5,47.65,48.05,46.74,4470
2021-04-29,48.05,48.0,48.05,46.5,4512
2021-04-30,47.6,47.1,48.0,46.6,4967
2021-05-03,47.5,46.35,47.509,45.6005,9231
2021-05-04,46.05,45.95,49.6605,45.0,53136
2021-05-05,46.1,42.5,46.8415,42.3,25303
2021-05-06,42.5,52.35,63.5,39.962,2347985
2021-05-07,49.15,52.8,56.45,46.55,186444
2021-05-10,51.65,43.05,52.2,42.6,163085
2021-05-11,41.5,41.6,42.495,40.75,25968
2021-05-12,40.8,35.5,43.45,35.068,64300
2021-05-13,37.05,38.65,42.4,36.0,59418
2021-05-14,38.15,40.65,44.8495,36.85,188812
2021-05-17,39.5,36.1,40.0,35.7,63610
2021-05-18,36.0,36.6,36.6,34.35,25286
2021-05-19,36.45,36.1,38.25,35.25,48088
2021-05-20,35.85,40.2,40.25,35.15,125294
2021-05-21,40.0,39.0,41.1,37.5005,34024
2021-05-24,39.05,38.8,39.05,38.0005,8080
2021-05-25,39.35,38.7,41.4,38.5,25967
2021-05-26,38.75,39.15,39.9995,38.0,16349
2021-05-27,39.25,40.8,40.9005,38.7005,20117
2021-05-28,40.85,41.25,46.0,40.3,141713
2021-06-01,41.25,41.2,42.45,40.25,12811
2021-06-02,41.15,39.65,42.1995,39.3,25096
2021-06-03,39.75,42.5,48.8,39.5,292921
2021-06-04,43.0,47.65,54.645,42.5,345896
2021-06-07,46.8,47.4,49.4495,44.2505,64647
2021-06-08,47.25,49.05,50.6,46.3,55372
2021-06-09,49.2,48.55,50.95,48.25,23525
2021-06-10,48.7,47.75,49.9,47.25,18346
2021-06-11,47.7,46.7,48.85,45.85,28676
2021-06-14,46.7,46.7,47.5,45.213,30080
2021-06-15,46.6,45.15,47.45,44.675,13977
2021-06-16,60.0,53.0,60.75,48.0,3094091
2021-06-17,50.35,52.85,53.4,47.45,138373
2021-06-18,52.0,51.1,55.45,51.1,92382
2021-06-21,50.65,48.4,54.55,46.55,230351
2021-06-22,47.9,48.95,51.2,47.25,43746
2021-06-23,48.45,52.5,52.5,48.3,35725
2021-06-24,51.65,52.0,54.45,50.85,18659
2021-06-25,51.85,53.7,53.7,51.0,17583
2021-06-28,54.05,53.45,54.9,52.35,33834
2021-06-29,53.25,50.9,54.7,50.9,32794
2021-06-30,51.05,49.05,51.17,48.8,17408
2021-07-01,50.0,49.25,50.25,48.85,6659
2021-07-02,49.75,48.2,50.0,47.5,25896
2021-07-06,48.2,46.95,48.5,46.5,16221
2021-07-07,47.85,46.15,48.0,44.5,9084
2021-07-08,44.1,45.4,46.25,42.8,13598
2021-07-09,46.35,46.3,47.2,45.55,5408
2021-07-12,46.75,46.7,49.0,45.35,72692
2021-07-13,46.3,44.2,48.45,43.8625,43916
2021-07-14,45.0,45.65,48.55,44.8495,62348
2021-07-15,45.925,46.3,46.3,44.1,10645
2021-07-16,46.4,45.45,46.75,44.5085,4665
2021-07-19,46.2,46.35,46.95,44.2005,16721
2021-07-20,46.5,46.75,48.0,45.5005,22587
2021-07-21,46.6,46.0,47.95,46.0,7748
2021-07-22,45.95,45.9,47.8,45.25,22796
2021-07-23,47.25,42.45,47.25,42.0,21353
2021-07-26,42.85,41.7,43.9375,41.4,14518
2021-07-27,41.1,41.15,42.2,40.45,7232
2021-07-28,41.55,42.2,43.45,41.4,8505
2021-07-29,41.8,41.35,42.75,41.35,3815
2021-07-30,41.25,41.5,43.65,41.15,21573
2021-08-02,41.75,41.6,42.65,41.25,9448
2021-08-03,41.6,40.7,43.4995,40.3945,6573
2021-08-04,40.25,40.35,41.05,40.15,4745
2021-08-05,40.45,40.35,41.085,40.05,5253
2021-08-06,39.8,39.45,40.703,38.85,6677
2021-08-09,40.0,41.5,41.8,39.0005,10246
2021-08-10,41.8,40.2,46.0,39.45,52358
2021-08-11,40.0,38.7,40.2,37.75,8007
2021-08-12,39.1,38.85,40.1,38.0,9836
2021-08-13,38.35,37.1,38.38,37.1,11044
2021-08-16,37.15,36.45,37.4,35.85,5768
2021-08-17,35.55,31.1,36.25,27.7,63818
2021-08-18,32.0,33.0,33.3,31.1,13794
2021-08-19,32.2,31.8,33.5,31.425,7979
2021-08-20,32.4,33.75,33.75,32.3,7912
2021-08-23,33.6,34.75,34.75,33.6,4936
2021-08-24,34.75,33.9,35.2,33.1005,8127
2021-08-25,34.1,34.2,35.95,33.5,20736
2021-08-26,34.25,32.9,34.45,32.55,7196
2021-08-27,33.0,33.0,33.6455,32.75,3759
2021-08-30,32.95,34.6,34.9,32.5,13749
2021-08-31,34.6,34.7,36.3495,33.43,11542
2021-09-01,34.95,34.2,35.15,33.524,7006
2021-09-02,34.675,34.9,35.1,34.15,5370
2021-09-03,34.2,35.0,35.187,34.2,2661
2021-09-07,35.0,33.55,35.0,33.55,4804
2021-09-08,33.55,33.75,34.1005,32.55,3374
2021-09-09,34.05,33.25,34.107,33.0,3480
2021-09-10,34.1995,32.2,34.1995,32.2,4808
2021-09-13,33.8,33.85,34.6995,32.9735,4917
2021-09-14,33.9,33.025,33.9,32.5825,1907
2021-09-15,33.25,33.0,33.25,32.0,4412
2021-09-16,33.25,34.0,34.1415,32.25,5862
2021-09-17,33.8,34.8,34.8,32.8285,5519
2021-09-20,33.9,33.9,33.98,32.4,2060
2021-09-21,33.85,33.7,33.9,33.0,3503
2021-09-22,34.1,33.7,34.3,32.6,2227
2021-09-23,34.1,33.7,34.3,32.9,2380
2021-09-24,33.5,32.45,33.5,31.75,7779
2021-09-27,32.55,33.75,34.0,32.4,3100
2021-09-28,33.8875,32.65,34.0,32.4,1980
2021-09-29,39.15,35.95,40.0,33.15,2356356
2021-09-30,34.15,35.5,40.25,31.1,650944
2021-10-01,33.8,33.9,34.75,32.75,92519
2021-10-04,33.8,30.9,34.7,30.4,52536
2021-10-05,30.45,27.9,31.6,27.0,63896
2021-10-06,27.9,26.25,27.9,25.25,59573
2021-10-07,26.65,26.05,27.1,25.75,14835
2021-10-08,26.05,26.0,26.9,25.5,19148
2021-10-11,26.55,25.95,27.5,25.35,14098
2021-10-12,25.75,27.2,27.85,25.3,45699
2021-10-13,27.35,27.85,28.0,27.05,10172
2021-10-14,27.75,27.2,28.35,26.5,29609
2021-10-15,27.15,26.65,27.25,26.25,16252
2021-10-18,26.35,27.2,27.35,26.1475,7586
2021-10-19,26.8,28.8995,28.9995,26.8,17580
2021-10-20,28.55,28.35,30.2,28.05,16538
2021-10-21,28.35,28.15,29.382,28.0,8473
2021-10-22,27.95,26.6,28.05,26.15,16989
2021-10-25,26.2,26.75,27.9,26.0,14311
2021-10-26,26.6,27.0,27.6,26.15,6241
2021-10-27,27.1,26.6,27.5,25.95,13256
2021-10-28,26.8,26.0,27.45,25.85,7949
2021-10-29,26.15,26.4,26.8,25.4,15473
2021-11-01,26.7,28.0,28.5,26.4,44606
2021-11-02,27.6,27.2,28.1,26.7005,7731
2021-11-03,26.95,27.9,27.95,26.7005,6216
2021-11-04,28.1,27.75,28.35,27.0,5669
2021-11-05,27.95,28.0,28.25,27.0,6345
2021-11-08,27.8,27.45,28.0,27.25,5651
2021-11-09,27.3,26.2,27.45,26.0,10604
2021-11-10,26.45,25.9,26.45,25.4,8366
2021-11-11,26.2,25.5,26.2,25.25,5638
2021-11-12,26.0,26.15,26.15,25.4,4890
2021-11-15,26.0,26.25,26.4,26.0,6157
2021-11-16,26.25,25.95,26.75,25.4,10100
2021-11-17,25.95,25.45,25.95,25.0,10388
2021-11-18,25.15,23.95,25.85,23.75,14022
2021-11-19,24.15,23.2,24.15,23.1765,8389
2021-11-22,23.9,23.0,24.35,22.6,9462
2021-11-23,22.85,23.4,23.75,21.8,6168
2021-11-24,23.2,25.0,32.3,21.4505,1010851
2021-11-26,23.45,25.5,25.6,22.5,51860
2021-11-29,25.4,25.7,27.2,24.1,63916
2021-11-30,25.3,23.1,25.6,22.2505,59930
2021-12-01,25.997,24.7,28.5,23.25,1878949
2021-12-02,23.05,23.55,23.85,21.65,92348
2021-12-03,23.5,23.95,24.2,22.2,29076
2021-12-06,23.75,24.0,24.1,22.5,31534
2021-12-07,23.75,23.95,24.25,23.025,24187
2021-12-08,23.8,25.1,25.45,23.5,80785
2021-12-09,24.6,24.05,25.5,23.6,32668
2021-12-10,24.3,23.8,24.55,23.0,14293
2021-12-13,23.45,23.2,24.65,22.8,10497
2021-12-14,23.2,22.0,23.5,21.95,15844
2021-12-15,22.0,20.7,22.425,19.3,24281
2021-12-16,21.0175,20.8,21.45,20.15,11039
2021-12-17,20.8,20.9,21.7335,20.1,17429
2021-12-20,20.6,21.1,26.9,19.95,564669
2021-12-21,21.05,25.45,26.15,20.3,196855
2021-12-22,25.05,23.25,26.45,22.25,178720
2021-12-23,23.2,24.85,25.375,22.4,46013
2021-12-27,22.45,20.55,23.35,20.45,94749
2021-12-28,20.8,17.9,21.0,17.55,135260
2021-12-29,13.7,13.25,13.85,12.25,628756
2021-12-30,13.2,13.05,13.2,12.5,177246
2021-12-31,13.0,13.5,13.9995,12.8,148087
2022-01-03,15.3,16.9,18.75,14.95,3693034
2022-01-04,17.1,16.75,18.5495,15.1,983827
2022-01-05,15.8185,14.8,15.8185,13.05,742895
2022-01-06,13.7,11.85,13.9,11.5,446258
2022-01-07,11.65,10.75,12.1,10.6495,159650
2022-01-10,11.1,10.45,11.2,9.6505,187444
2022-01-11,10.5,11.0,11.0,10.25,105352
2022-01-12,10.8,10.9,11.15,10.7,74934
2022-01-13,10.8,10.45,10.9,10.1,75745
2022-01-14,10.35,11.1,11.15,10.1255,92299
2022-01-18,10.95,10.15,11.3,9.95,120983
2022-01-19,10.2,9.3,10.35,9.25,89599
2022-01-20,9.3,9.15,9.9,9.0,51057
2022-01-21,9.0,8.6,9.1,8.489,59460
2022-01-24,7.9,8.3,8.495,7.4,87525
2022-01-25,8.25,8.7,8.9,8.0,20651
2022-01-26,8.7,8.2,9.0495,8.15,56639
2022-01-27,8.3,8.05,8.579,7.75,34568
2022-01-28,7.95,8.7,8.725,7.65,44917
2022-01-31,8.5,9.0,9.3,8.5,89536
2022-02-01,8.85,9.0,9.2995,8.65,46487
2022-02-02,9.15,8.4,9.15,8.15,26539
2022-02-03,8.3,8.05,8.65,8.0,16591
2022-02-04,8.2,8.2,8.425,7.85,20493
2022-02-07,8.5,8.7,8.7,8.25,27014
2022-02-08,8.65,8.65,8.8,8.5,9075
2022-02-09,8.795,9.1,9.1,8.65,21920
2022-02-10,8.9,9.05,9.45,8.875,12000
2022-02-11,9.0,8.8,9.1,8.4075,18632
2022-02-14,8.65,8.45,8.967,8.45,13206
2022-02-15,8.7,8.75,8.85,8.55,11903
2022-02-16,8.65,8.9,9.0,8.65,8115
2022-02-17,8.85,8.85,9.2,8.4005,59427
2022-02-18,8.95,8.3,9.0,8.1,22281
2022-02-22,8.4,7.9,8.45,7.65,19640
2022-02-23,7.9,7.45,7.9,7.3,15437
2022-02-24,6.8,7.75,7.95,6.75,30234
2022-02-25,7.85,7.5,8.13,7.5,11817
2022-02-28,7.95,8.4,8.4,7.55,16677
2022-03-01,8.4,7.9,8.55,7.7385,9552
2022-03-02,8.05,7.7,8.05,7.619,10151
2022-03-03,7.9,7.65,7.9,7.3005,12546
2022-03-04,7.8,7.4,7.85,6.9,13768
2022-03-07,7.4,6.8,7.55,6.75,17747
2022-03-08,6.9,6.8,7.175,6.6,21916
2022-03-09,6.1,6.8,7.1615,6.1,26298
2022-03-10,6.85,7.15,7.25,6.8,8419
2022-03-11,7.2,7.85,7.85,7.2,35065
2022-03-14,8.2,7.65,8.75,7.05,225671
2022-03-15,7.35,7.75,8.5,7.3,55374
2022-03-16,7.8,8.35,8.9,7.6005,67533
2022-03-17,8.35,8.45,8.9,8.2,30818
2022-03-18,8.55,8.25,9.4985,8.25,89879
2022-03-21,8.5,8.55,8.9,8.4,26239
2022-03-22,8.75,8.55,9.05,8.55,11345
2022-03-23,8.55,8.55,9.25,8.55,35550
2022-03-24,8.75,8.45,8.85,8.3,17798
2022-03-25,8.6,8.35,8.65,8.35,11580
2022-03-28,8.5,8.15,8.65,7.6,26274
2022-03-29,8.15,8.15,8.45,7.85,15847
2022-03-30,8.275,7.75,8.35,7.65,23048
2022-03-31,7.5,7.5,7.8,7.25,29287
2022-04-01,7.5,7.5,7.95,7.4,15721
2022-04-04,7.4,7.8,7.9,7.1,24308
2022-04-05,7.55,7.5,7.8,7.3,8910
2022-04-06,7.6,7.45,7.75,6.85,87971
2022-04-07,7.05,7.1,7.75,6.65,97815
2022-04-08,6.1,6.75,7.25,6.1,29589
2022-04-11,6.7,7.1,7.1,6.5,10105
2022-04-12,6.55,6.7,7.15,6.5235,17210
2022-04-13,6.75,6.9,7.1,6.5,13555
2022-04-14,6.85,7.05,7.2,6.75,18130
2022-04-18,7.1,6.5,7.1,6.5,12881
2022-04-19,6.5,6.55,6.65,6.4,5468
2022-04-20,6.55,6.475,6.55,6.25,9758
2022-04-21,6.519,6.35,6.6,6.2005,7312
2022-04-22,6.425,6.05,6.5,5.85,12284
2022-04-25,6.0,6.1,6.25,5.95,6005
2022-04-26,6.0,5.85,6.25,5.6,15937
2022-04-27,5.65,5.3,5.9,5.3,9747
2022-04-28,5.35,5.65,5.65,5.15,13749
2022-04-29,5.55,5.4,5.65,5.25,8541
2022-05-02,5.6,5.4,5.6,5.05,9260
2022-05-03,5.5,5.35,5.5,5.3,6121
2022-05-04,5.425,6.0,6.05,5.4,22599
2022-05-05,6.0,5.55,6.1225,5.4135,17765
2022-05-06,5.5,5.6465,5.7,5.25,9989
2022-05-09,5.5,5.05,5.5,5.0,17817
2022-05-10,5.25,5.05,5.25,4.7935,11053
2022-05-11,4.95,4.45,5.05,4.3505,15546
2022-05-12,4.45,4.474,4.7995,4.332,14915
2022-05-13,5.2,5.25,5.75,4.602,206704
2022-05-16,5.35,5.2,5.6,4.75,44255
2022-05-17,6.2,6.5,7.65,6.1,14867831
2022-05-18,5.8,6.55,6.85,5.65,450497
2022-05-19,6.5,6.75,6.85,6.2,194180
2022-05-20,6.9,6.35,6.9,6.2,96471
2022-05-23,6.3,5.6,6.55,5.4,66370
2022-05-24,5.45,4.85,5.45,4.5,107150
2022-05-25,4.505,4.75,4.95,4.505,33529
2022-05-26,4.925,4.8665,5.15,4.65,61356
2022-05-27,4.8,4.89,4.975,4.65,14818
2022-05-31,4.583,4.934,5.0,4.55,30079
2022-06-01,5.0,4.925,5.1895,4.7505,29988
2022-06-02,4.95,5.3,5.45,4.925,16623
2022-06-03,5.25,5.35,5.75,5.1,46471
2022-06-06,5.3,5.55,5.65,5.2,98603
2022-06-07,5.3,10.9,11.25,5.15,3869773
2022-06-08,10.2,8.85,11.45,7.95,4023344
2022-06-09,13.0,13.75,16.5,12.1,25263561
2022-06-10,11.3,13.8,14.3035,10.4,1836841
2022-06-13,12.95,13.45,17.2,12.75,3581171
2022-06-14,13.85,18.35,20.35,12.25,5247265
2022-06-15,15.75,15.5,21.0,15.1,6708006
2022-06-16,16.4,14.45,17.15,14.1,1624946
2022-06-17,14.85,12.25,15.421,12.25,719712
2022-06-21,14.45,11.5,14.9,11.477,925842
2022-06-22,11.475,10.85,12.15,10.15,391491
2022-06-23,11.05,11.4,12.5,10.5,312493
2022-06-24,11.4,10.95,12.649,10.85,455749
2022-06-27,11.3,11.3,12.35,11.0,460337
2022-06-28,11.25,10.65,12.0,10.55,312522
2022-06-29,10.5,11.25,11.35,10.2925,133113
2022-06-30,10.8,11.35,11.35,10.5915,38766
2022-07-01,11.3,10.95,11.3,10.5,60877
2022-07-05,10.8,10.45,10.9,10.15,83135
2022-07-06,10.6,9.65,11.0,9.5,83416
2022-07-07,9.85,10.45,10.8,9.85,83467
2022-07-08,10.45,11.9,12.127,10.025,196012
2022-07-11,11.55,11.2,11.7,10.9,30753
2022-07-12,11.75,10.5,11.9,10.3,76306
2022-07-13,10.3,11.35,11.45,10.25,43874
2022-07-14,11.4,11.3,11.744,10.75,21387
2022-07-15,11.0,11.25,11.35,10.75,20907
2022-07-18,11.1,11.6,11.9995,11.1,53859
2022-07-19,11.7,11.1,11.7,10.95,27207
2022-07-20,11.2,10.35,11.2,10.25,48158
2022-07-21,10.3,10.05,10.55,9.85,30104
2022-07-22,10.3,9.8,10.3,9.6005,33734
2022-07-25,9.75,9.5,9.793,9.25,19962
2022-07-26,9.2,8.45,9.2,8.45,38359
2022-07-27,8.45,8.725,9.05,8.4,86414
2022-07-28,8.55,9.0,9.106,8.45,34152
2022-07-29,9.15,8.3,9.4495,8.3,28608
2022-08-01,8.3,8.5,8.7,8.1,24860
2022-08-02,8.35,8.2,8.55,8.15,18366
2022-08-03,8.4495,7.9,8.4495,7.85,31434
2022-08-04,7.9,7.9,7.992,7.7,41356
2022-08-05,7.75,8.8,9.2,7.75,111773
2022-08-08,8.8,8.5,9.1995,8.25,37578
2022-08-09,8.25,9.2,10.4995,8.11,781082
2022-08-10,9.5,9.7,10.45,9.0,286548
2022-08-11,9.7,9.15,9.7,8.85,58257
2022-08-12,9.0,9.7,9.9,9.0,28885
2022-08-15,9.55,9.825,10.219,9.35,40803
2022-08-16,9.1,8.8,9.8,8.8,64302
2022-08-17,8.8,8.95,9.0,8.15,60676
2022-08-18,9.0,8.65,9.0025,8.4265,17301
2022-08-19,8.35,8.65,8.7,8.15,24231
2022-08-22,8.75,9.1,9.2,8.1,73322
2022-08-23,9.5,9.15,9.5,8.9,27940
2022-08-24,8.95,9.15,9.218,8.5,15691
2022-08-25,9.15,9.1,9.15,8.9,7541
2022-08-26,8.85,8.15,8.899,8.15,10379
2022-08-29,8.0,8.35,8.55,8.0,13589
2022-08-30,8.8,8.3,8.8,8.2,5474
2022-08-31,8.3,8.4,8.95,8.05,12463
2022-09-01,8.204,8.35,8.45,7.907,10518
2022-09-02,8.25,8.15,8.306,8.009,9571
2022-09-06,8.05,8.8,8.8,7.916,31634
2022-09-07,8.95,9.0,9.0,8.4005,23725
2022-09-08,9.35,8.85,9.35,8.45,29047
2022-09-09,8.7,8.8,9.1,8.55,9855
2022-09-12,8.6,9.1,9.8,8.6,87285
2022-09-13,8.65,8.75,9.5,8.6005,23211
2022-09-14,8.7,8.0,9.0,7.9,24726
2022-09-15,8.0,8.3,8.85,7.8,36233
2022-09-16,8.25,8.35,8.35,7.85,7675
2022-09-19,8.2,8.45,8.65,8.15,7452
2022-09-20,8.25,8.25,8.5,8.1,3102
2022-09-21,8.15,7.65,8.25,7.5,17413
2022-09-22,7.7945,7.7,7.7945,7.5,7681
2022-09-23,7.4,7.1,7.4725,6.8,10603
2022-09-26,6.9,6.8,7.35,6.65,6940
2022-09-27,6.7695,6.65,6.95,6.6,9158
2022-09-28,6.85,6.95,7.05,6.583,4912
2022-09-29,6.75,6.95,6.9935,6.7035,2620
2022-09-30,6.85,6.8,7.0,6.75,4385
2022-10-03,6.8,6.3,6.8005,6.25,7894
2022-10-04,6.75,6.75,8.05,6.45,90867
2022-10-05,6.5,6.75,6.95,6.5,14599
2022-10-06,6.75,6.55,6.95,6.55,4852
2022-10-07,6.5,6.25,6.55,6.25,3544
2022-10-10,6.45,5.9075,6.55,5.85,7016
2022-10-11,5.8,5.8,6.1595,5.65,4009
2022-10-12,6.0,5.655,6.0,5.5,4661
2022-10-13,5.65,5.75,5.85,5.45,6131
2022-10-14,5.8,5.8,6.0,5.7,6159
2022-10-17,6.05,5.8,6.05,5.75,3411
2022-10-18,6.15,6.0,6.15,5.85,3391
2022-10-19,6.1,5.7,6.1,5.7,3658
2022-10-20,5.5,5.45,5.7265,5.45,5049
2022-10-21,5.45,5.4505,5.6035,5.45,8537
2022-10-24,5.5,5.275,5.5,5.25,4929
2022-10-25,5.25,5.35,5.425,5.25,3839
2022-10-26,5.55,5.3,5.55,5.3,3838
2022-10-27,5.3,5.4,5.5,5.3,8096
2022-10-28,5.349,5.3055,5.5,5.2,2750
2022-10-31,5.15,5.3,5.446,5.15,4382
2022-11-01,5.4,5.45,5.6,5.35,2487
2022-11-02,5.6,5.35,5.75,5.25,7412
2022-11-03,5.356,5.1995,5.356,5.0,5682
2022-11-04,5.15,4.9055,5.2885,4.65,9022
2022-11-07,4.716,5.05,5.25,4.716,6079
2022-11-08,5.2495,5.1645,5.25,5.0085,6486
2022-11-09,4.8975,4.7105,5.2,4.55,14941
2022-11-10,4.75,4.9375,5.0495,4.75,4309
2022-11-11,5.05,4.9505,5.2,4.9,8348
2022-11-14,5.1,4.9855,5.2,4.9,9654
2022-11-15,4.9,4.8565,5.0065,4.805505,7689
2022-11-16,4.833,5.0,5.05,4.805,1312
2022-11-17,5.0,5.1,5.25,4.9795,5473
2022-11-18,4.9,4.9995,5.2,4.9,4382
2022-11-21,4.95,4.9505,5.1,4.95,2486
2022-11-22,4.9,4.7505,5.25,4.399,26565
2022-11-23,4.608,4.719,4.9295,4.608,1202
2022-11-25,4.607,4.858,4.868,4.606495,1635
2022-11-28,4.65,4.625,4.7495,4.6,2272
2022-11-29,4.7,4.5885,4.828495,4.499,5553
2022-11-30,4.5,4.74,4.74,4.5,6421
2022-12-01,4.705,5.0,5.0,4.65,6893
2022-12-02,4.9985,5.05,5.2375,4.85,8062
2022-12-05,4.9,4.85,5.2475,4.7505,16369
2022-12-06,4.95,4.4505,5.1,4.4285,12308
2022-12-07,4.673,4.45,4.673,4.445,3422
2022-12-08,4.6,4.55,4.65,4.5,5641
2022-12-09,4.5,4.5605,4.7995,4.45,12247
2022-12-12,4.575,4.7505,4.9455,4.575,7080
2022-12-13,4.834495,4.708,4.888,4.5445,5796
2022-12-14,5.25,4.7,5.3,4.55,37380
2022-12-15,4.559,4.8,4.8,4.55,10747
2022-12-16,5.75,5.4,6.95,5.0,4510940
2022-12-19,5.3,5.2,5.8,5.1,348354
2022-12-20,6.65,5.5,7.3,5.0,5585059
2022-12-21,5.25,5.2,5.75,4.95,402622
2022-12-22,4.9,5.2,5.5005,4.9,145518
2022-12-23,5.2,4.9005,5.25,4.674,119706
2022-12-27,4.6125,4.688,4.769,4.15,88034
2022-12-28,5.1,4.795,5.2,4.4,378429
2022-12-29,4.85,4.7,4.85,4.5005,60363
2022-12-30,4.6005,4.5245,4.7,4.475,53317
2023-01-03,4.5675,5.048,5.05,4.5,132560
2023-01-04,5.4,5.7,5.75,5.05,112266
2023-01-05,5.6,5.8,5.95,5.4,146468
2023-01-06,5.95,6.35,6.4,5.65,159095
2023-01-09,6.2,6.5,6.8495,5.66,222351
2023-01-10,6.2,6.1,6.3,6.0,69540
2023-01-11,5.9,5.8,5.95,5.4,53332
2023-01-12,5.8,5.85,5.9,5.4715,73309
2023-01-13,5.7,5.8,5.95,5.5,26663
2023-01-17,5.75,5.7,5.85,5.6,29471
2023-01-18,5.8,5.4,6.1,5.254,42536
2023-01-19,5.25,5.35,5.45,5.175,13483
2023-01-20,5.3,5.275,5.3,5.0505,14754
2023-01-23,5.4,5.6,5.6415,5.25,18640
2023-01-24,5.65,5.7,5.725,5.458,14478
2023-01-25,5.6,5.65,5.85,5.3,23095
2023-01-26,5.7,5.2,5.8,5.15,153819
2023-01-27,7.6,7.95,9.7,6.85,15194193
2023-01-30,7.45,6.55,8.3,6.35,991542
2023-01-31,6.4,6.75,6.907,6.207,354473
2023-02-01,6.95,6.65,7.05,6.55,381078
2023-02-02,6.6,6.7,7.025,6.5,327693
2023-02-03,6.75,6.8,6.95,6.5,105864
2023-02-06,7.0,6.75,7.04,6.6,73252
2023-02-07,6.6,6.65,6.8,6.45,76256
2023-02-08,6.5,6.15,6.535,6.0,103229
2023-02-09,6.2,5.6,6.2,5.45,119176
2023-02-10,5.55,5.55,5.75,5.4,54153
2023-02-13,5.6,6.0,6.245,5.45,77185
2023-02-14,6.2,6.0,6.2,5.7,38611
2023-02-15,6.0,5.95,6.0495,5.6005,61606
2023-02-16,5.9,5.65,5.9,5.4,70301
2023-02-17,5.9,5.75,5.9,5.55,33122
2023-02-21,5.75,5.15,5.75,5.15,56789
2023-02-22,5.3,5.3,5.4945,5.15,34595
2023-02-23,5.2,5.05,5.4005,5.05,41692
2023-02-24,5.05,5.1,5.3,5.0,34843
2023-02-27,5.05,5.3,5.3,5.0075,14470
2023-02-28,5.2,5.15,5.4,5.1,29472
2023-03-01,5.15,4.901,5.4,4.901,31829
2023-03-02,4.9,4.94,5.0,4.75,19733
2023-03-03,4.85,5.05,5.1,4.85,24872
2023-03-06,5.1,4.5505,5.15,4.5,109650
2023-03-07,4.5505,4.2,4.6,4.15,51443
2023-03-08,4.5,4.352005,4.6,4.201,40110
2023-03-09,4.4495,4.5375,4.5375,4.25,21271
2023-03-10,4.6,4.25,4.6,4.25,19927
2023-03-13,4.35,3.955,4.35,3.8085,50335
2023-03-14,4.0,4.115,4.2495,3.9735,17120
2023-03-15,4.095,4.0865,4.24,3.8505,14059
2023-03-16,4.074,4.224,4.224,3.9005,9309
2023-03-17,4.2455,4.013,4.2455,4.013,23717
2023-03-20,4.25,4.0995,4.25,3.95,6732
2023-03-21,4.0995,4.2725,4.3355,3.950505,21226
2023-03-22,4.375,4.486,4.9,4.283,91147
2023-03-23,4.55,4.1155,4.55,4.05,31871
2023-03-24,4.042,4.25,4.349,4.042,13146
2023-03-27,4.2,4.35,4.45,4.15,9206
2023-03-28,4.200505,4.1,4.3495,4.0,14898
2023-03-29,4.2,4.095,4.242995,4.08,12864
2023-03-30,4.2175,4.25,4.3,4.02,10385
2023-03-31,4.31,4.4,4.499495,4.1665,19770
2023-04-03,4.1245,3.95,4.2,3.85,29545
2023-04-04,3.85,4.02425,4.189,3.85,7398
2023-04-05,4.048,4.0,4.15,3.895,5474
2023-04-06,3.95,4.0,4.18,3.95,10102
2023-04-10,3.9495,3.975,4.0,3.805,10718
2023-04-11,3.8325,4.1,4.1,3.8325,19122
2023-04-12,4.166,3.88,4.166,3.701,20811
2023-04-13,4.0,3.95,4.0,3.7625,10205
2023-04-14,3.9003,3.83188,3.9005,3.705,20692
2023-04-17,3.732,3.7615,3.874995,3.705005,8610
2023-04-18,3.675,3.662,3.865,3.5005,18363
2023-04-19,3.552,3.7,3.7995,3.425,39131
2023-04-20,3.7,3.651,3.7,3.6,4750
2023-04-21,3.7,3.6005,3.7,3.51,5346
2023-04-24,3.5,3.5855,3.6495,3.5,7878
2023-04-25,3.5,3.55,3.55,3.404,15753
2023-04-26,3.55,3.389,3.55,3.335,9555
2023-04-27,3.3,3.3,3.4,3.1505,19580
2023-04-28,3.15,3.0,3.25,3.0,16617
2023-05-01,2.95,2.8265,3.0245,2.801,24720
2023-05-02,2.7405,2.601,2.91,2.45,41542
2023-05-03,2.697,2.7,2.85,2.5215,22941
2023-05-04,2.65,2.301,2.75,2.015,45119
2023-05-05,2.2,2.2925,2.35,2.2,50743
2023-05-08,2.35,2.775,2.8495,2.3375,16327
2023-05-09,2.7425,2.816,2.828,2.5705,5780
2023-05-10,2.75,2.655,2.8915,2.516,31988
2023-05-11,2.5635,2.5,2.9,2.25,10484
2023-05-12,2.534,2.5,2.647495,2.5,2468
2023-05-15,2.55,2.435,2.5695,2.425,4058
2023-05-16,2.47,2.2205,2.47,2.205,13280
2023-05-17,2.35,2.225,2.439,2.2105,5373
2023-05-18,2.256,2.253,2.4395,2.2055,6603
2023-05-19,2.2495,2.181,2.2495,2.1405,10106
2023-05-22,2.205,2.375,2.387,2.1,236868
2023-05-23,2.9225,3.0,3.5,2.6605,1815501
2023-05-24,2.673,3.3,3.4,2.65,237007
2023-05-25,2.94,2.952,3.15,2.585,168250
2023-05-26,2.95,2.8,3.0515,2.7,36876
2023-05-30,2.241,1.8895,2.241,1.75,294579
2023-05-31,1.98,1.93,1.98,1.75,84923
2023-06-01,1.9,1.83,1.95,1.66,87360
2023-06-02,1.83,1.89,2.03,1.76,83748
2023-06-05,1.85,1.78,1.87,1.77,24364
2023-06-06,1.74,1.82,1.9,1.74,115142
2023-06-07,1.82,1.8878,1.94,1.8064,36036
2023-06-08,1.92,1.9,2.13,1.867,199937
2023-06-09,1.93,1.77,1.95,1.74,58694
2023-06-12,1.75,1.76,1.81,1.73,9831
2023-06-13,1.79,1.79,1.8316,1.76,26373
2023-06-14,1.84,2.01,2.19,1.8,10130564
2023-06-15,2.11,1.9,2.28,1.86,7168130
2023-06-16,1.08,1.07,1.11,1.025,4448393
2023-06-20,1.07,0.99,1.1,0.95,705443
2023-06-21,1.01,1.0,1.04,0.98,396511
2023-06-22,1.0,1.01,1.02,0.982,130172
2023-06-23,0.96,0.9451,0.99,0.925,168950
