2011-05-25,0.026,0.026,0.026,0.026,4501
2011-05-26,0.028,0.028,0.028,0.028,27000
2011-05-27,0.028,0.028,0.028,0.028,30000
2011-06-01,0.026,0.026,0.026,0.026,500
2011-06-06,0.026,0.026,0.026,0.026,7800
2011-06-07,0.026,0.03,0.0395,0.026,63580
2011-06-08,0.04,0.03,0.04,0.03,3530
2011-06-13,0.026,0.0263,0.0263,0.026,6426
2011-06-15,0.04,0.026,0.04,0.026,8947
2011-06-20,0.026,0.026,0.026,0.026,25000
2011-06-21,0.026,0.026,0.026,0.026,300
2011-06-22,0.026,0.026,0.026,0.026,28724
2011-06-27,0.0253,0.0253,0.0253,0.0253,1000
2011-06-28,0.03,0.03,0.03,0.03,14951
2011-06-29,0.03,0.03,0.03,0.03,35049
2011-07-07,0.0253,0.03,0.03,0.0253,3750
2011-07-11,0.0253,0.0253,0.0253,0.0253,250
2011-07-15,0.0253,0.0253,0.0253,0.0253,5000
2011-07-18,0.0223,0.023,0.023,0.02,68000
2011-07-19,0.0171,0.025,0.025,0.0171,59637
2011-07-21,0.025,0.025,0.025,0.025,403
2011-07-22,0.018,0.018,0.018,0.018,250
2011-07-25,0.028,0.028,0.028,0.028,16803
2011-08-03,0.028,0.028,0.028,0.028,20000
2011-08-08,0.0181,0.0181,0.0181,0.0181,1249
2011-08-09,0.0181,0.0181,0.0181,0.0181,100
2011-08-10,0.0181,0.0181,0.0181,0.0181,250
2011-08-15,0.0181,0.0171,0.0181,0.0171,15986
2011-08-23,0.013,0.013,0.013,0.013,200
2011-08-24,0.013,0.013,0.013,0.013,250
2011-08-25,0.013,0.013,0.013,0.013,3500
2011-08-29,0.013,0.013,0.013,0.013,1500
2011-08-31,0.034,0.034,0.034,0.034,200
2011-09-13,0.025,0.025,0.025,0.025,9951
2011-09-22,0.013,0.025,0.025,0.013,30100
2011-09-26,0.015,0.03,0.03,0.015,91120
2011-09-27,0.025,0.025,0.025,0.025,20500
2011-10-04,0.02,0.02,0.02,0.02,1000
2011-10-10,0.02,0.02,0.02,0.02,45839
2011-10-12,0.015,0.02,0.02,0.015,366
2011-10-13,0.02,0.02,0.02,0.02,18000
2011-10-14,0.0132,0.015,0.015,0.0082,237521
2011-10-20,0.0081,0.0081,0.0081,0.0081,25500
2011-10-21,0.0165,0.0165,0.0165,0.0165,10000
2011-11-01,0.0081,0.0081,0.0081,0.0081,100
2011-11-02,0.0081,0.0081,0.0081,0.0081,10000
2011-11-03,0.0081,0.0081,0.0081,0.0081,16750
2011-11-10,0.0081,0.0081,0.0081,0.0081,1000
2011-11-15,0.0081,0.0081,0.0081,0.0081,400
2011-11-18,0.01,0.012,0.012,0.0051,185000
2011-11-22,0.007,0.007,0.007,0.007,100
2011-11-23,0.007,0.012,0.012,0.007,20500
2011-11-29,0.012,0.015,0.015,0.012,20250
2011-12-01,0.015,0.015,0.015,0.015,1350
2011-12-02,0.015,0.015,0.015,0.015,1908
2011-12-06,0.017,0.017,0.017,0.017,9750
2011-12-07,0.01,0.01,0.01,0.01,11450
2011-12-08,0.008,0.008,0.008,0.008,1250
2011-12-09,0.007,0.014,0.014,0.007,33000
2011-12-12,0.014,0.01,0.014,0.01,12750
2011-12-13,0.01,0.012,0.012,0.01,21250
2011-12-15,0.01,0.01,0.01,0.01,1038
2011-12-20,0.01,0.01,0.01,0.01,500
2011-12-21,0.01,0.01,0.01,0.01,118
2011-12-22,0.01,0.01,0.01,0.01,6000
2011-12-23,0.0071,0.0071,0.0071,0.0071,100
2011-12-27,0.007,0.007,0.007,0.007,146
2011-12-28,0.007,0.006,0.007,0.006,57450
2011-12-29,0.006,0.006,0.006,0.006,500
2011-12-30,0.006,0.006,0.006,0.006,21975
2012-01-05,0.006,0.006,0.006,0.006,33000
2012-01-17,0.006,0.006,0.006,0.006,500
2012-01-20,0.006,0.006,0.006,0.006,500
2012-01-26,0.006,0.006,0.006,0.006,5000
2012-01-31,0.0051,0.0051,0.0051,0.0051,170
2012-02-02,0.0051,0.0051,0.0051,0.0051,2000
2012-02-06,0.0075,0.01,0.015,0.0075,155000
2012-02-07,0.012,0.012,0.012,0.012,105000
2012-02-08,0.01,0.01,0.01,0.01,6000
2012-02-09,0.01,0.01,0.01,0.01,12000
2012-02-10,0.01,0.01,0.01,0.01,8000
2012-02-13,0.01,0.008,0.01,0.008,10200
2012-02-21,0.0065,0.01,0.01,0.0065,11414
2012-02-24,0.008,0.008,0.008,0.008,25000
2012-02-27,0.008,0.013,0.013,0.008,373887
2012-02-28,0.008,0.008,0.008,0.008,1237
2012-02-29,0.008,0.008,0.008,0.008,1500
2012-03-01,0.008,0.008,0.008,0.008,500
2012-03-05,0.008,0.008,0.008,0.008,750
2012-03-06,0.01,0.007,0.01,0.0055,1322511
2012-03-08,0.0075,0.0075,0.0075,0.0075,40000
2012-03-09,0.006,0.008,0.008,0.006,16086
2012-03-13,0.0075,0.0075,0.0075,0.0075,163
2012-03-14,0.0075,0.008,0.008,0.0075,100500
2012-03-15,0.008,0.008,0.008,0.008,250
2012-03-16,0.0078,0.0078,0.0078,0.0078,15000
2012-03-19,0.007,0.0085,0.0085,0.007,5100
2012-03-20,0.0085,0.0085,0.0085,0.0085,2000
2012-03-22,0.009,0.0075,0.01,0.0075,110913
2012-03-23,0.0095,0.0085,0.0095,0.0085,23000
2012-03-27,0.0095,0.0095,0.0095,0.0095,5000
2012-03-28,0.0082,0.0082,0.0082,0.0082,500
2012-03-30,0.0095,0.006,0.0095,0.006,35750
2012-04-03,0.008,0.008,0.008,0.008,125
2012-04-09,0.008,0.008,0.008,0.008,3100
2012-04-10,0.008,0.008,0.008,0.008,500
2012-04-12,0.008,0.008,0.008,0.008,65000
2012-04-13,0.006,0.006,0.006,0.006,1000
2012-04-17,0.006,0.006,0.006,0.006,100
2012-04-20,0.006,0.007,0.008,0.006,43286
2012-04-25,0.006,0.006,0.006,0.006,200
2012-04-26,0.006,0.006,0.006,0.006,500
2012-04-27,0.006,0.008,0.008,0.006,10100
2012-04-30,0.006,0.006,0.006,0.006,673
2012-05-01,0.007,0.007,0.007,0.007,47500
2012-05-02,0.006,0.006,0.006,0.006,395
2012-05-03,0.007,0.007,0.008,0.007,150283
2012-05-21,0.007,0.007,0.007,0.007,1000
2012-05-29,0.0075,0.0075,0.0075,0.0075,75000
2012-05-31,0.007,0.007,0.007,0.007,1050
2012-06-04,0.007,0.007,0.007,0.007,350
2012-06-08,0.007,0.007,0.007,0.007,150
2012-06-11,0.007,0.007,0.007,0.007,205
2012-06-20,0.006,0.005,0.006,0.005,146540
2012-06-21,0.005,0.001,0.005,0.001,33800
2012-06-27,0.0026,0.0026,0.0026,0.0026,300
2012-07-11,0.0026,0.0026,0.0026,0.0026,345
2012-07-17,0.0026,0.0026,0.0026,0.0026,19235
2012-07-26,0.003,0.003,0.003,0.003,1750
2012-08-07,0.003,0.003,0.003,0.003,100
2012-08-13,0.003,0.003,0.003,0.003,100
2012-08-15,0.003,0.003,0.003,0.003,3450
2012-08-16,0.003,0.003,0.003,0.003,200
2012-08-20,0.003,0.003,0.003,0.003,150
2012-08-23,0.003,0.003,0.003,0.003,2000
2012-08-24,0.003,0.0026,0.003,0.0026,68000
2012-08-27,0.0026,0.0026,0.0026,0.0026,250
2012-09-06,0.0026,0.001,0.0026,0.001,357500
2012-09-20,0.0012,0.0012,0.0012,0.0012,15000
2012-09-21,0.0012,0.0012,0.0012,0.0012,8750
2012-10-01,0.0012,0.0012,0.0012,0.0012,1800
2012-10-03,0.0013,0.0013,0.0013,0.0013,251
2012-10-15,0.0013,0.0013,0.0013,0.0013,2125
2012-10-17,0.0013,0.0013,0.0013,0.0013,12920
2012-10-31,0.0013,0.0013,0.0013,0.0013,100
2012-11-02,0.0013,0.0013,0.0013,0.0013,206600
2012-11-05,0.0013,0.0013,0.0013,0.0013,1600
2012-11-07,0.0013,0.0013,0.0013,0.0013,1247
2012-11-08,0.0013,0.0013,0.0013,0.0013,12000
2012-11-13,0.0013,0.0013,0.0013,0.0013,251
2012-11-14,0.0013,0.0013,0.0013,0.0013,500
2012-11-16,0.0013,0.0013,0.0013,0.0013,4250
2012-11-19,0.0013,0.0013,0.0013,0.0013,563
2012-11-21,0.0013,0.0013,0.0013,0.0013,5000
2012-11-26,0.0013,0.0013,0.0013,0.0013,394
2012-11-27,0.0013,0.0013,0.0013,0.0013,750
2012-11-29,0.0013,0.0013,0.0013,0.0013,1000
2012-11-30,0.0013,0.0013,0.0013,0.0013,63100
2012-12-03,0.0013,0.0013,0.0013,0.0013,60000
2012-12-06,0.0013,0.0013,0.0013,0.0013,2600
2012-12-11,0.0013,0.0013,0.0013,0.0013,6000
2012-12-13,0.0013,0.0013,0.0013,0.0013,5250
2012-12-14,0.0014,0.0014,0.0014,0.0014,5000
2012-12-17,0.0014,0.0013,0.0014,0.0013,89450
2012-12-18,0.0013,0.0013,0.0013,0.0013,19250
2012-12-24,0.0013,0.0013,0.0013,0.0013,1865
2012-12-26,0.0013,0.0013,0.0013,0.0013,2750
2012-12-27,0.0013,0.0013,0.0013,0.0013,29557
2012-12-28,0.0013,0.0013,0.0013,0.0013,500
2012-12-31,0.0013,0.0013,0.0013,0.0013,2200
2013-01-04,0.0013,0.0013,0.0013,0.0013,500
2013-01-08,0.0013,0.0013,0.0013,0.0013,300
2013-01-10,0.0013,0.0013,0.0013,0.0013,500
2013-01-14,0.0013,0.0013,0.0013,0.0013,500
2013-01-16,0.0013,0.0013,0.0013,0.0013,450
2013-01-18,0.0013,0.0013,0.0013,0.0013,650
2013-01-24,0.0013,0.0013,0.0013,0.0013,34222
2013-01-25,0.0013,0.0013,0.0013,0.0013,2500
2013-01-28,0.0013,0.0013,0.0013,0.0013,1350
2013-01-30,0.0013,0.0013,0.0013,0.0013,500
2013-02-05,0.0013,0.0013,0.0013,0.0013,600
2013-02-13,0.0013,0.0013,0.0013,0.0013,500
2013-02-19,0.0013,0.0013,0.0013,0.0013,20755
2013-02-26,4.0E-4,4.0E-4,4.0E-4,4.0E-4,100
2013-02-27,6.0E-4,6.0E-4,6.0E-4,6.0E-4,58864
2013-03-01,7.0E-4,7.0E-4,7.0E-4,7.0E-4,167750
2013-03-04,8.0E-4,8.0E-4,8.0E-4,8.0E-4,250
2013-03-14,0.001,0.001,0.001,0.001,1300
2013-03-22,0.001,0.001,0.001,0.001,1850
2013-03-26,0.001,0.001,0.001,0.001,500
2013-04-01,0.001,0.001,0.001,0.001,933
2013-04-09,0.001,0.001,0.001,0.001,200
2013-04-10,0.001,0.001,0.001,0.001,167
2013-04-29,0.001,0.001,0.001,0.001,100
2013-05-02,0.001,0.001,0.001,0.001,1000
2013-05-03,0.001,0.001,0.001,0.001,2000
2013-05-06,0.001,0.001,0.001,0.001,180
2013-05-08,0.001,0.001,0.001,0.001,110500
2013-05-14,0.0011,0.0011,0.0011,0.0011,923
2013-05-23,0.0011,0.0011,0.0011,0.0011,12895
2013-05-30,0.0011,0.0011,0.0011,0.0011,1250
2013-06-03,0.0011,0.0011,0.0011,0.0011,5250
2013-06-17,0.0011,0.0011,0.0011,0.0011,4050
2013-06-18,0.0011,0.0011,0.0011,0.0011,200
2013-07-10,0.005,0.005,0.005,0.005,253000
2013-07-15,0.0012,0.0012,0.0012,0.0012,325
2013-07-16,0.0015,0.0015,0.0015,0.0015,600
2013-07-19,0.0017,0.0017,0.0017,0.0017,8500
2013-07-22,0.0017,0.0017,0.0017,0.0017,25000
2013-08-05,0.0017,0.0017,0.0017,0.0017,450
2013-08-07,0.0018,0.0018,0.0018,0.0018,100
2013-08-12,0.0018,0.0018,0.0018,0.0018,20325
2013-08-20,0.0017,0.0017,0.0017,0.0017,7500
2013-08-21,0.0017,0.0017,0.0017,0.0017,100
2013-08-22,0.0017,0.0017,0.0017,0.0017,128
2013-08-27,0.0017,0.0017,0.0017,0.0017,4000
2013-09-10,0.0017,0.0014,0.0017,0.0014,50000
2013-11-20,1.0E-4,1.0E-4,1.0E-4,1.0E-4,8764
2023-11-09,49.42,48.8353,49.42,48.8353,101
2023-11-10,48.969,49.4662,49.4662,48.969,146
2023-11-13,49.4555,49.4403,49.4555,49.4403,101
2023-11-14,51.0728,51.0728,51.0728,51.0728,2
2023-11-15,51.3189,51.3189,51.3189,51.3189,12
2023-11-16,50.8642,50.8642,50.8642,50.8642,2
2023-11-17,51.23,51.308,51.308,51.2299,1775
2023-11-20,51.4859,51.4859,51.4859,51.4859,176
2023-11-21,51.335,51.3062,51.4,51.3062,54152
2023-11-22,51.58,51.5682,51.58,51.52,301
2023-11-24,51.82,51.7888,51.82,51.7888,325
2023-11-27,51.71,51.7396,51.76,51.71,210
2023-11-28,51.85,51.5389,51.85,51.5389,400
2023-11-29,52.13,51.8197,52.13,51.8197,454
2023-11-30,51.93,52.2058,52.2058,51.93,1745
2023-12-01,53.25,53.2458,53.25,53.135,1601
2023-12-04,53.28,53.37,53.37,53.28,2230
2023-12-05,52.792,52.7242,52.792,52.7242,1702
2023-12-06,53.06,52.6542,53.06,52.6542,6480
2023-12-07,52.96,52.9456,52.96,52.9456,260
2023-12-08,53.28,53.2447,53.28,53.2447,2575
2023-12-11,53.4814,53.5427,53.62,53.4814,4352
2023-12-12,53.5223,53.5223,53.5223,53.5223,48
2023-12-13,53.4799,54.6811,54.6811,53.4699,2945
2023-12-14,55.83,55.9656,56.079,55.8099,4022
2023-12-15,55.45,55.4447,55.5822,55.45,232
2023-12-18,55.5341,55.5887,55.65,55.5341,10437
2023-12-19,56.1,56.19,56.19,56.0022,11063
2023-12-20,56.29,55.31,56.3,55.3,7076
2023-12-21,55.85,55.9188,55.9188,55.6401,17351
2023-12-22,56.18,56.1315,56.18,56.1315,376
2023-12-26,56.61,56.531,56.65,56.531,1319
2023-12-27,56.5915,56.5641,56.5915,56.5641,3971
2023-12-28,56.6599,56.5897,56.68,56.52,18958
2023-12-29,56.189,56.2095,56.35,56.189,5975
2024-01-02,56.0179,55.8954,56.0179,55.8954,556
2024-01-03,55.31,54.8947,55.31,54.89,1080
2024-01-04,55.07,54.7982,55.08,54.7982,44660
2024-01-05,54.99,55.0298,55.26,54.95,5451
2024-01-08,55.14,55.6691,55.6691,55.14,6225
2024-01-09,55.33,55.317,55.33,55.29,590
2024-01-10,55.16,55.3413,55.36,55.11,2309
2024-01-11,55.1,55.2409,55.2409,55.055,3596
2024-01-12,55.13,55.079,55.13,55.079,3241
2024-01-16,54.71,54.6762,54.71,54.55,1969
2024-01-17,54.3,54.265,54.34,54.19,1889
2024-01-18,54.1,54.5912,54.63,54.1,1386
2024-01-19,55.1,55.1,55.1,55.1,193
2024-01-22,55.5306,55.6553,55.69,55.5306,725
2024-01-23,56.21,55.5542,56.21,55.5542,650
2024-01-24,55.57,55.2793,55.57,55.2793,304
2024-01-25,55.58,55.7424,55.7424,55.58,691
2024-01-26,55.9,55.8787,55.9,55.8787,170
2024-01-29,56.344,56.3673,56.3673,56.344,440
2024-01-30,56.4927,56.4617,56.4927,56.4617,448
2024-01-31,56.2,55.4767,56.27,55.4767,1039
2024-02-01,55.27,55.9267,55.99,55.27,21084
2024-02-02,55.402,56.0781,56.1,55.402,5713
2024-02-05,55.19,55.5656,55.5656,55.18,3875
2024-02-06,55.555,55.8068,55.8068,55.555,634
2024-02-07,55.99,56.0987,56.23,55.99,2398
2024-02-08,56.26,56.4637,56.4637,56.19,942
2024-02-09,56.67,56.6903,56.6903,56.67,645
2024-02-12,57.29,57.2451,57.29,57.2451,676
2024-02-13,56.065,56.0492,56.27,56.0492,585
2024-02-14,56.5699,56.9,56.9,56.5365,3447
2024-02-15,57.48,57.758,57.88,57.4316,5578
2024-02-16,57.805,57.4144,57.85,57.4144,2274
2024-02-20,57.14,57.0495,57.14,57.0495,799
2024-02-21,57.06,57.171,57.171,57.06,207
2024-02-22,57.67,57.9859,58.03,57.67,638
2024-02-23,58.14,58.1306,58.16,58.13,1401
2024-02-26,58.09,58.1252,58.17,58.09,381
2024-02-27,58.41,58.457,58.457,58.36,4074
2024-02-28,58.4788,58.4788,58.4788,58.4788,192
2024-02-29,59.0,59.0443,59.0443,58.7171,3817
2024-03-01,59.3547,59.375,59.43,59.3547,906
2024-03-04,59.82,59.7149,59.95,59.7149,1316
2024-03-05,59.69,59.4303,59.69,59.4303,762
2024-03-06,59.88,59.8881,59.89,59.8799,2994
2024-03-07,60.3399,60.4051,60.4051,60.3399,379
2024-03-08,60.779,60.2644,60.779,60.2644,603
2024-03-11,59.9576,60.1366,60.2042,59.9576,925
2024-03-12,60.2,60.4663,60.4663,60.2,728
2024-03-13,60.79,60.6208,60.86,60.6208,2767
2024-03-14,60.15,59.8962,60.15,59.8962,3895
2024-03-15,59.97,59.8769,60.06,59.8769,4059
2024-03-18,59.98,59.9481,60.14,59.9481,2075
2024-03-19,59.8661,60.2544,60.26,59.84,21239
2024-03-20,60.37,60.8363,60.99,60.3265,3403
2024-03-21,61.45,61.542,61.61,61.4499,2166
2024-03-22,61.4206,61.1233,61.4206,61.1233,568
2024-03-25,61.2334,61.1568,61.32,61.1568,1497
2024-03-26,61.8,61.0486,61.8,61.0486,3127
2024-03-27,61.53,61.9265,61.9265,61.4835,6214
2024-03-28,62.09,62.1924,62.24,62.09,1443
2024-04-01,61.9549,61.7725,61.9549,61.7199,3278
2024-04-02,61.07,61.0426,61.07,60.89,2228
2024-04-03,61.2698,61.288,61.4,61.22,5855
2024-04-04,61.6964,60.6032,61.6964,60.5944,2142
2024-04-05,61.12,61.0522,61.12,61.0138,450
2024-04-08,61.1511,61.2283,61.2283,61.1511,647
2024-04-09,61.12,61.1899,61.3,60.9381,5325
2024-04-10,60.61,60.2894,60.61,60.2894,1009
2024-04-11,59.9,60.2783,60.2783,59.9,1630
2024-04-12,59.19,59.2137,59.2137,59.19,606
2024-04-15,59.4335,58.5934,59.4499,58.51,3135
2024-04-16,58.02,58.2669,58.37,58.0161,9325
2024-04-17,58.3471,57.9708,58.3471,57.9708,1104
2024-04-18,58.2227,57.8028,58.2227,57.8028,133
2024-04-19,58.1799,57.7848,58.1799,57.7,687
2024-04-22,58.6,58.3343,58.63,58.3343,1217
2024-04-23,59.17,59.0778,59.17,59.0778,1379
2024-04-24,58.83,59.1817,59.1817,58.83,749
2024-04-25,59.0032,59.0032,59.0032,59.0032,121
2024-04-26,59.2,59.2526,59.35,59.2,2086
2024-04-29,59.68,59.6134,59.69,59.6134,1383
2024-04-30,59.35,58.5494,59.35,58.5494,1125
2024-05-01,58.13,58.3976,58.74,58.13,8323
2024-05-02,58.528,58.9022,58.91,58.5122,3223
2024-05-03,59.39,59.4324,59.51,59.39,12678
2024-05-06,60.05,60.16,60.16,60.04,654619
2024-05-07,60.45,60.2592,60.53,60.2592,2991
2024-05-08,60.2199,60.1887,60.2199,60.04,2330
2024-05-09,60.5872,60.7292,60.7292,60.53,2108
2024-05-10,60.66,60.6613,60.6613,60.5823,1197
2024-05-13,60.8161,60.5663,60.8161,60.5663,409
2024-05-14,60.94,60.9593,60.9593,60.7,125876
2024-05-15,61.23,61.4734,61.4734,61.23,2325
2024-05-16,61.3,61.0812,61.35,61.0812,2205
2024-05-17,61.09,61.1506,61.1506,61.04,746
2024-05-20,61.19,61.3226,61.44,61.19,2001
2024-05-21,61.19,61.2355,61.26,61.155,1488
2024-05-22,60.962,60.9,60.98,60.9,5444
2024-05-23,60.6,60.1167,60.74,60.09,7202
2024-05-24,60.62,60.802,60.8335,60.62,1740
2024-05-28,60.7,60.4123,60.7,60.3154,1044
2024-05-29,59.95,59.658,59.95,59.658,1238
2024-05-30,59.8753,60.0079,60.17,59.8753,17746
2024-05-31,59.85,60.5331,60.54,59.7566,10931
2024-06-03,60.09,60.0209,60.09,59.96,3479
2024-06-04,59.8,59.4818,59.8,59.3,5602
2024-06-05,59.54,60.0754,60.11,59.54,3549
2024-06-06,60.06,59.7507,60.06,59.7507,9253
2024-06-07,59.78,59.5375,59.78,59.5375,881
2024-06-10,59.51,59.7439,59.7439,59.51,3294
2024-06-11,59.345,59.4761,59.54,59.345,1911
2024-06-12,60.62,60.1571,60.62,60.14,1413
2024-06-13,59.56,59.796,59.796,59.56,1813
2024-06-14,58.75,58.9461,58.97,58.75,975
2024-06-17,58.8811,59.5256,59.54,58.8811,6776
2024-06-18,59.62,59.7299,59.75,59.62,2876
2024-06-20,59.79,59.6502,59.89,59.6137,8452
2024-06-21,59.47,59.4909,59.6495,59.435,2721
2024-06-24,59.64,59.9078,60.13,59.619,2687
2024-06-25,59.77,59.445,59.77,59.36,4800
2024-06-26,59.14,59.1459,59.19,58.98,85576
2024-06-27,59.14,59.2055,59.21,59.08,3167
2024-06-28,59.71,59.3004,59.71,59.16,9012
2024-07-01,59.5,58.8637,59.5,58.8281,3464
2024-07-02,58.886,58.9918,59.02,58.78,6807
2024-07-03,59.28,59.1883,59.39,59.105,4985
2024-07-05,58.68,58.8143,58.8143,58.605,9377
2024-07-08,59.319,59.0204,59.319,58.98,8004
2024-07-09,58.9,58.83,59.15,58.83,2536
2024-07-10,59.39,59.45,59.47,58.95,6674
2024-07-11,60.27,60.4722,60.5,59.88,6413
2024-07-12,61.0,61.01,61.31,61.0,4691
2024-07-15,61.3452,61.3135,61.68,61.3135,2546
2024-07-16,61.76,62.7479,62.7479,61.76,3624
2024-07-17,62.58,61.992,62.59,61.992,1547
2024-07-18,62.52,61.4281,62.53,61.3,3463
2024-07-19,61.125,60.9955,61.2,60.98,1185
2024-07-22,61.305,61.6807,61.6807,60.93,3406
2024-07-23,61.5867,61.6057,61.84,61.5867,2302
2024-07-24,61.15,60.4823,61.38,60.4823,6227
2024-07-25,60.495,60.897,61.64,60.495,1905
2024-07-26,61.83,61.7397,61.9942,61.56,3446
2024-07-29,61.73,61.8091,61.945,61.7136,1406
2024-07-30,62.16,62.0285,62.16,61.7534,7247
2024-07-31,62.5839,62.3864,62.8845,62.198,9443
2024-08-01,62.5921,60.9878,62.5921,60.65,14724
2024-08-02,60.0,59.3229,60.0,58.8383,9747
2024-08-05,57.178,57.8102,58.6,57.178,18044
2024-08-06,58.11,58.4716,59.2189,58.11,14566
2024-08-07,59.09,57.9167,59.2145,57.9167,155649
2024-08-08,58.99,59.1973,59.28,58.76,3656
2024-08-09,59.03,59.3371,59.42,59.03,6987
2024-08-12,59.29,58.9832,59.4229,58.9832,8560
