2022-05-31,2489.0,1029.8,2489.0,820.8,126
2022-06-01,1284.4,999.4,1330.0,997.5,89
2022-06-02,931.0,906.281,1003.2,769.12,187
2022-06-03,951.9,988.0,988.0,940.5,6
2022-06-06,948.1,934.8,961.4,910.1,69
2022-06-07,1071.6,931.0,1090.6,841.7,1743
2022-06-08,906.3,863.55,929.1,824.6,214
2022-06-09,862.6,864.5,900.6,807.5,70
2022-06-10,828.4,853.1,912.0,779.0,55
2022-06-13,912.0,978.5,1016.5,853.1,57
2022-06-14,908.2,902.5,995.6,896.8,46
2022-06-15,950.0,904.4,950.0,891.1,19
2022-06-16,883.5,930.525,931.0,860.7,35
2022-06-17,931.0,931.0,931.0,931.0,7
2022-06-21,931.0,931.0,931.0,874.0,10
2022-06-22,856.9,902.5,923.571,780.9,38
2022-06-23,864.937,902.5,902.5,858.8,19
2022-06-24,862.6,893.0,906.3,862.6,13
2022-06-27,893.0,866.4,931.0,866.4,11
2022-06-28,855.0,921.5,921.5,851.2,5
2022-06-30,837.9,836.0,902.5,826.5,18
2022-07-01,889.2,916.009,931.0,862.6,17
2022-07-05,912.0,893.0,912.0,879.7,4
2022-07-06,893.0,893.0,915.8,893.0,3
2022-07-07,917.7,910.1,917.7,822.7,35
2022-07-08,900.6,879.7,906.3,877.8,3
2022-07-11,950.0,929.1,950.0,912.0,14
2022-07-12,912.0,925.3,925.3,912.0,1
2022-07-13,912.0,925.3,925.3,902.5,5
2022-07-14,915.8,912.0,925.3,866.761,20
2022-07-15,912.0,912.0,925.3,902.5,4
2022-07-18,921.5,917.054,921.5,896.8,4
2022-07-19,921.5,931.0,931.0,912.0,9
2022-07-20,938.6,932.9,940.5,885.4,15
2022-07-21,940.5,937.65,950.0,893.0,21
2022-07-22,921.5,932.9,932.9,874.0,8
2022-07-25,936.7,912.0,936.7,900.6,6
2022-07-26,921.5,912.0,929.1,851.2,6
2022-07-27,893.0,910.1,910.1,874.0,2
2022-07-28,897.959,912.0,912.0,866.4,17
2022-07-29,856.919,875.9,912.0,856.919,10
2022-08-01,902.5,906.3,912.0,885.4,3
2022-08-02,906.3,912.0,912.0,883.5,1
2022-08-03,912.0,912.0,912.0,883.5,1
2022-08-04,883.5,912.0,912.0,883.5,1
2022-08-05,912.0,912.0,912.0,912.0,0
2022-08-08,906.3,903.165,906.3,855.0,2
2022-08-10,891.803,902.5,902.5,891.803,1
2022-08-11,856.9,892.905,892.962,855.285,6
2022-08-12,893.0,893.0,893.0,893.0,1
2022-08-15,889.2,889.2,889.2,889.2,1
2022-08-16,881.6,905.616,905.616,881.6,1
2022-08-17,902.5,906.832,906.832,891.1,3
2022-08-18,898.7,866.4,898.7,855.0,10
2022-08-19,893.0,893.0,893.0,887.3,3
2022-08-22,872.651,879.7,893.0,855.0,16
2022-08-23,879.7,868.3,883.5,858.8,12
2022-08-24,859.275,868.585,881.6,803.719,14
2022-08-25,883.5,877.8,883.5,826.5,37
2022-08-26,839.8,849.3,874.0,784.7,16
2022-08-29,840.465,843.258,849.3,824.353,6
2022-08-30,792.3,841.7,841.7,792.3,6
2022-08-31,792.3,860.7,860.7,767.6,10
2022-09-01,834.651,834.651,834.651,834.651,2
2022-09-02,850.858,841.7,855.0,841.7,4
2022-09-06,841.7,841.7,841.7,792.3,3
2022-09-07,845.5,855.0,855.0,790.4,11
2022-09-09,874.0,874.0,874.0,874.0,3
2022-09-12,839.8,866.4,866.4,839.8,2
2022-09-16,779.0,792.3,845.88,779.0,5
2022-09-19,2848.1,1045.0,3112.2,1026.0,66980
2022-09-20,1225.5,1132.4,1635.9,1056.4,81189
2022-09-21,1008.9,837.9,1037.4,809.4,6195
2022-09-22,775.2,748.6,950.0,600.4,13903
2022-09-23,748.6,720.1,761.064,646.0,1555
2022-09-26,665.0,668.8,718.2,621.3,1249
2022-09-27,665.0,621.3,693.5,570.0,1387
2022-09-28,571.9,570.0,619.02,541.5,755
2022-09-29,558.6,558.6,562.381,516.8,497
2022-09-30,549.1,545.3,564.281,528.2,314
2022-10-03,566.2,507.3,566.2,505.4,382
2022-10-04,513.0,461.7,522.481,456.0,541
2022-10-05,459.8,418.0,459.8,410.419,281
2022-10-06,433.2,516.8,545.3,418.0,1325
2022-10-07,535.8,505.4,535.8,437.0,379
2022-10-10,507.3,516.8,516.8,439.09,140
2022-10-11,545.3,507.3,549.1,438.9,126
2022-10-12,485.165,501.6,509.2,445.949,279
2022-10-13,493.259,469.3,494.228,454.1,1040
2022-10-14,480.928,481.479,490.2,446.5,494
2022-10-17,456.0,457.9,480.7,442.7,491
2022-10-18,459.8,450.3,467.4,443.973,338
2022-10-19,456.0,456.0,467.4,446.5,119
2022-10-20,456.0,456.38,473.1,446.5,94
2022-10-21,440.8,456.0,461.7,437.0,75
2022-10-24,484.5,549.955,625.081,457.9,3733
2022-10-25,537.7,549.1,565.003,484.5,469
2022-10-26,522.5,585.181,598.481,517.389,503
2022-10-27,596.6,569.981,646.0,521.588,1620
2022-10-28,547.2,556.7,592.8,531.05,361
2022-10-31,568.1,551.0,568.1,522.519,160
2022-11-01,577.6,560.5,587.1,524.4,462
2022-11-02,568.1,541.5,568.1,533.368,96
2022-11-03,537.7,533.9,568.1,522.5,485
2022-11-04,551.0,494.0,551.0,456.0,319
2022-11-07,478.8,476.9,507.3,457.9,131
2022-11-08,444.6,448.4,486.4,436.05,140
2022-11-09,465.5,406.6,465.5,402.8,251
2022-11-10,421.8,438.9,497.8,421.8,134
2022-11-11,423.7,427.5,471.2,421.819,60
2022-11-14,450.3,469.3,475.0,431.3,176
2022-11-15,465.5,570.0,579.5,432.326,683
2022-11-16,571.9,682.1,737.2,497.819,1259
2022-11-17,663.1,663.1,680.2,598.5,181
2022-11-18,663.1,703.0,735.794,663.1,261
2022-11-21,699.2,623.2,701.1,600.4,301
2022-11-22,647.9,636.5,653.6,608.0,112
2022-11-23,630.8,649.8,661.2,611.8,84
2022-11-25,661.2,630.8,702.981,604.219,155
2022-11-28,617.5,668.8,668.8,608.019,152
2022-11-29,634.6,697.3,712.5,611.8,262
2022-11-30,665.0,955.7,955.7,640.3,713
2022-12-01,828.4,839.8,872.1,750.861,177
2022-12-02,817.0,873.05,891.1,817.0,146
2022-12-05,866.4,822.7,866.4,820.724,62
2022-12-06,811.3,807.5,832.2,742.9,104
2022-12-07,779.0,817.0,875.14,773.3,131
2022-12-08,813.2,794.2,839.8,769.5,61
2022-12-09,790.381,746.7,790.381,729.6,45
2022-12-12,735.3,750.5,813.2,731.519,114
2022-12-13,752.4,720.1,826.5,696.768,265
2022-12-14,706.8,794.181,794.181,665.0,135
2022-12-15,771.4,735.3,771.4,693.5,84
2022-12-16,687.116,693.5,708.7,684.0,12
2022-12-19,697.3,733.381,733.381,674.5,27
2022-12-20,682.1,685.9,693.823,672.657,72
2022-12-21,665.0,721.981,721.981,665.0,13
2022-12-22,713.811,697.3,721.981,666.9,25
2022-12-23,706.8,722.0,722.0,703.0,31
2022-12-27,779.0,739.1,779.0,684.019,109
2022-12-28,708.7,737.542,741.0,686.736,40
2022-12-29,702.107,684.0,735.3,684.0,23
2022-12-30,703.0,736.839,741.0,687.8,27
2023-01-03,720.1,739.1,742.9,684.0,50
2023-01-04,735.3,727.7,739.1,695.4,21
2023-01-05,715.35,718.2,735.281,708.7,39
2023-01-06,691.6,723.9,741.0,691.6,171
2023-01-09,758.1,725.781,760.0,684.0,262
2023-01-10,697.3,666.9,701.1,666.9,13
2023-01-11,668.8,659.3,723.881,630.8,24
2023-01-12,638.4,640.3,640.319,627.0,16
2023-01-13,615.6,606.1,661.998,606.1,20
2023-01-17,653.809,649.8,653.809,602.3,16
2023-01-18,628.9,642.181,655.5,608.019,20
2023-01-19,613.377,665.0,665.0,608.0,78
2023-01-20,625.1,655.5,664.05,613.7,26
2023-01-23,637.45,632.7,655.5,613.719,20
2023-01-24,696.35,627.0,697.281,627.0,32
2023-01-25,672.6,636.5,672.6,630.8,30
2023-01-26,627.0,638.4,669.256,627.0,28
2023-01-27,634.6,638.4,672.6,632.7,32
2023-01-30,665.0,638.4,665.0,632.7,29
2023-01-31,630.8,630.781,682.1,611.8,50
2023-02-01,611.8,609.9,646.0,608.0,24
2023-02-02,617.5,577.6,617.5,547.2,139
2023-02-03,560.5,532.0,617.481,532.0,32
2023-02-06,541.519,560.5,606.081,541.5,25
2023-02-07,562.4,570.0,587.081,533.919,35
2023-02-08,549.1,563.654,575.681,533.919,15
2023-02-09,537.7,537.681,543.685,492.1,32
2023-02-10,495.9,520.6,585.2,490.219,27
2023-02-13,562.4,577.429,598.5,535.8,55
2023-02-14,575.7,600.4,600.4,553.85,51
2023-02-15,535.8,685.9,710.6,535.8,457
2023-02-16,685.9,685.919,697.3,685.9,73
2023-02-17,674.5,701.1,701.1,674.5,13
2023-02-21,701.1,699.2,701.1,687.8,9
2023-02-22,701.1,706.8,712.5,634.695,35
2023-02-23,712.5,674.5,712.5,668.8,18
2023-02-24,695.4,676.4,703.0,571.9,98
2023-02-27,682.1,647.9,712.481,634.6,72
2023-02-28,646.0,471.2,665.0,456.0,545
2023-03-01,494.0,429.4,511.081,427.5,152
2023-03-02,433.2,453.15,473.1,423.7,31
2023-03-03,468.35,457.9,478.61,457.9,56
2023-03-06,528.2,562.4,608.0,490.2,1050
2023-03-07,665.0,632.7,665.0,589.0,883
2023-03-08,628.9,691.6,763.8,628.9,3698
2023-03-09,834.1,784.7,862.6,706.819,13796
2023-03-10,680.2,509.2,695.4,476.9,3395
2023-03-13,488.3,486.4,495.9,437.019,902
2023-03-14,486.4,447.45,486.4,433.2,484
2023-03-15,444.6,433.2,465.481,427.5,372
2023-03-16,437.0,469.3,469.3,427.5,267
2023-03-17,469.3,427.5,469.3,425.6,308
2023-03-20,433.2,437.0,452.808,427.5,225
2023-03-21,434.15,452.2,454.1,427.5,312
2023-03-22,438.9,435.1,450.3,433.2,165
2023-03-23,444.6,418.0,446.5,414.219,273
2023-03-24,431.3,433.2,435.784,418.0,104
2023-03-27,429.4,431.3,433.2,422.028,59
2023-03-28,421.8,425.6,433.2,421.8,88
2023-03-29,433.181,425.6,433.181,408.5,142
2023-03-30,427.5,425.581,427.5,408.5,76
2023-03-31,429.381,423.7,446.5,408.5,127
2023-04-03,424.65,427.5,429.4,418.0,60
2023-04-04,437.0,412.3,445.189,412.3,71
2023-04-05,427.5,420.318,427.5,408.5,76
2023-04-06,423.7,433.2,437.0,408.5,127
2023-04-10,427.975,427.5,431.3,410.552,29
2023-04-11,437.0,423.7,437.0,416.233,35
2023-04-12,422.75,433.2,433.808,380.0,82
2023-04-13,429.837,427.5,433.2,412.3,66
2023-04-14,427.5,419.9,427.5,408.5,122
2023-04-17,418.0,427.5,427.5,405.65,138
2023-04-18,408.5,421.8,431.3,408.5,68
2023-04-19,425.6,431.3,431.3,423.7,113
2023-04-20,427.5,444.6,456.0,387.6,901
2023-04-21,457.9,471.2,473.1,440.61,365
2023-04-24,495.9,581.4,604.181,488.452,1472
2023-04-25,589.0,608.0,628.9,562.4,627
2023-04-26,617.5,539.6,731.5,494.0,6214
2023-04-27,589.0,551.0,590.9,524.4,730
2023-04-28,513.0,463.6,529.15,456.0,541
2023-05-01,459.8,446.5,461.7,440.838,124
2023-05-02,425.6,427.5,446.5,419.9,263
2023-05-03,435.1,408.5,446.481,408.5,148
2023-05-04,418.0,431.3,440.8,416.1,120
2023-05-05,427.5,494.0,505.4,414.2,578
2023-05-08,513.0,480.7,537.624,459.8,971
2023-05-09,471.2,480.7,480.7,440.8,200
2023-05-10,465.5,463.6,480.7,418.0,242
2023-05-11,465.5,499.7,509.181,463.619,204
2023-05-12,476.9,475.0,495.9,465.5,131
2023-05-15,459.8,482.6,485.45,441.389,94
2023-05-16,459.8,492.1,494.95,450.3,76
2023-05-17,478.8,520.6,528.2,467.4,367
2023-05-18,503.5,524.4,528.2,465.5,356
2023-05-19,513.0,530.1,532.0,474.43,239
2023-05-22,541.5,522.5,541.5,494.0,77
2023-05-23,511.1,522.5,528.827,499.719,227
2023-05-24,520.6,530.1,532.0,505.4,211
2023-05-25,523.45,520.6,533.9,513.0,81
2023-05-26,516.8,539.6,539.6,495.9,88
2023-05-30,530.1,513.0,537.7,513.0,106
2023-05-31,528.2,628.9,628.9,490.2,745
2023-06-01,581.4,590.9,630.8,579.5,153
2023-06-02,604.2,598.538,604.2,576.118,47
2023-06-05,570.0,608.0,623.2,564.3,121
2023-06-06,613.7,626.05,627.0,604.2,164
2023-06-07,609.9,657.4,665.0,602.3,145
2023-06-08,657.4,672.6,684.0,627.0,216
2023-06-09,672.6,674.5,674.5,628.767,77
2023-06-12,661.124,649.781,670.7,621.3,150
2023-06-13,653.6,646.0,661.2,598.5,142
2023-06-14,655.5,663.1,663.1,627.0,117
2023-06-15,638.4,655.5,655.5,621.3,84
2023-06-16,647.9,663.1,668.8,625.1,91
2023-06-20,640.3,665.0,666.9,640.3,133
2023-06-21,625.1,666.9,666.9,625.1,27
2023-06-22,669.066,674.5,682.366,666.9,115
2023-06-23,674.5,684.0,684.0,634.6,92
2023-06-26,687.8,684.0,687.8,646.0,68
2023-06-27,684.0,679.212,684.0,659.3,53
2023-06-28,678.3,667.85,678.3,657.4,9
2023-06-29,668.8,634.6,674.481,621.3,41
2023-06-30,657.4,627.0,665.0,608.95,105
2023-07-03,661.2,609.9,672.6,609.9,120
2023-07-05,661.2,632.7,661.2,587.1,208
2023-07-06,609.9,646.0,659.433,600.4,31
2023-07-07,644.1,628.9,644.1,619.4,20
2023-07-10,619.4,616.55,644.1,598.519,64
2023-07-11,600.4,614.65,636.481,600.4,31
2023-07-12,602.3,604.2,615.6,589.95,36
2023-07-13,592.8,594.7,605.549,532.0,80
2023-07-14,570.0,592.002,615.581,560.5,224
2023-07-17,267.9,254.6,283.1,248.9,13460
2023-07-18,256.5,256.5,256.5,209.0,4055
2023-07-19,256.5,237.5,256.5,237.5,2001
2023-07-20,243.2,239.4,243.2,228.0,1050
2023-07-21,231.8,239.4,241.3,231.8,635
2023-07-24,256.5,250.8,260.281,241.3,3476
2023-07-25,245.1,245.1,245.1,237.5,832
2023-07-26,241.3,243.2,243.2,228.0,700
2023-07-27,247.0,242.25,247.0,233.7,498
2023-07-28,248.9,245.081,248.9,231.8,1646
2023-07-31,248.9,247.0,256.5,235.6,2924
2023-08-01,245.1,248.9,258.4,239.4,1063
2023-08-02,247.0,250.8,258.4,239.4,1429
2023-08-03,254.6,254.6,254.6,245.1,689
2023-08-04,256.5,273.6,285.0,254.6,4353
2023-08-07,283.1,285.0,292.6,224.2,29094
2023-08-08,243.2,237.5,252.7,237.5,1731
2023-08-09,228.0,245.1,252.7,220.419,2263
2023-08-10,233.7,241.3,245.1,233.7,691
2023-08-11,237.5,226.1,237.5,220.4,497
2023-08-14,222.3,229.9,235.6,220.4,530
2023-08-15,226.1,224.2,228.0,215.08,326
2023-08-16,222.3,233.7,237.5,216.619,1045
2023-08-17,231.8,237.5,237.5,224.2,338
2023-08-18,237.5,235.6,237.5,226.1,372
2023-08-21,226.1,222.3,233.662,220.4,434
2023-08-22,224.2,210.881,228.323,197.6,451
2023-08-23,205.2,205.2,209.0,201.4,342
2023-08-24,201.4,201.4,208.981,200.887,137
2023-08-25,205.2,203.3,205.2,193.8,298
2023-08-28,199.5,197.6,205.2,195.7,94
2023-08-29,199.5,199.5,205.2,193.8,254
2023-08-30,201.4,201.4,203.3,161.519,241
2023-08-31,199.5,199.5,207.1,195.719,346
2023-09-01,197.6,218.747,233.7,197.6,249
2023-09-05,207.1,207.1,216.6,205.2,128
2023-09-06,205.2,201.4,213.313,199.5,99
2023-09-07,216.695,210.292,216.695,197.6,372
2023-09-08,214.7,218.5,218.5,209.019,130
2023-09-11,245.879,245.879,245.879,245.879,2
2023-09-12,228.0,226.1,245.1,220.4,273
2023-09-13,233.7,226.1,235.6,222.3,136
2023-09-14,220.4,222.3,226.1,214.7,94
2023-09-15,220.4,214.7,228.0,212.8,126
2023-09-18,210.9,216.6,220.4,210.9,71
2023-09-19,210.9,191.9,218.5,171.0,575
2023-09-20,190.0,190.0,214.7,188.1,348
2023-09-21,197.6,166.953,199.5,142.5,925
2023-09-22,161.937,123.5,180.5,123.5,629
2023-09-25,121.695,169.556,228.0,121.6,6053
2023-09-26,180.595,190.0,207.1,180.5,1542
2023-09-27,184.3,191.881,191.881,169.29,358
2023-09-28,190.0,187.074,191.9,174.80019,1099
2023-09-29,178.6,191.9,195.7,178.6,310
2023-10-02,193.8,188.04281,197.41,178.6,176
2023-10-03,176.7,180.5,180.5,165.015,180
2023-10-04,178.6,182.4,182.4,167.2,92
2023-10-05,174.819,181.2011,184.28081,168.207,163
2023-10-06,174.8,171.019,180.481,169.119,45
2023-10-09,180.5,189.981,197.6,180.5,513
2023-10-10,205.2,201.4,218.5,186.2,1756
2023-10-11,209.0,186.485,209.0,182.039,1035
2023-10-12,182.4,172.045,190.0,169.1,391
2023-10-13,174.325,167.2,175.94,161.519,222
2023-10-16,162.545,163.381,167.2,146.3,335
2023-10-17,158.479,170.88581,170.88581,153.615,91
2023-10-18,157.7,162.43081,162.43081,152.019,71
2023-10-19,166.269,158.631,170.791,152.019,46
2023-10-20,154.09,157.68081,157.7,152.285,106
2023-10-23,156.617,148.181,156.617,146.3,110
2023-10-24,144.4,144.38081,146.3,133.0,122
2023-10-25,144.21,146.281,146.281,138.7,96
2023-10-26,135.242,142.5,155.80019,135.242,94
2023-10-27,142.5,153.691,153.691,140.6,15
2023-10-30,152.0,151.81,153.919,142.5,41
2023-10-31,144.4,153.691,161.48081,140.6,48
2023-11-01,138.7,143.735,151.126,138.7,109
2023-11-02,139.251,140.125,157.6981,133.0,132
2023-11-03,133.19,145.616,148.10481,126.483,132
2023-11-06,142.044,152.133,152.133,134.919,73
2023-11-07,138.89,140.6,148.2,133.019,164
2023-11-08,140.6,149.15,157.358,140.6,177
2023-11-09,155.458,155.8,155.8,144.4,90
2023-11-10,160.93,149.644,160.93,144.4,39
2023-11-13,142.5,149.397,149.625,129.2,83
2023-11-14,148.01,174.8,182.4,140.619,446
2023-11-15,182.4,229.9,266.0,168.055,5354
2023-11-16,252.7,190.0,256.5,181.488,3724
2023-11-17,188.1,190.0,191.9,174.819,500
2023-11-20,190.0,195.7,197.6,185.079,363
2023-11-21,197.6,191.9,197.6,180.063,240
2023-11-22,199.5,188.1,199.5,179.835,110
2023-11-24,195.7,191.9,195.7,155.8,339
2023-11-27,184.3,176.985,186.181,171.57,96
2023-11-28,172.71,177.631,184.3,167.2,85
2023-11-29,160.778,172.976,182.381,160.778,54
2023-11-30,167.2,170.62,173.75519,167.2,73
2023-12-01,166.73469,170.98081,176.7,163.4,37
2023-12-04,157.7,157.814,171.0,155.876,85
2023-12-05,153.9,169.1,170.962,152.0,98
2023-12-06,161.424,142.4525,161.5,138.7,330
2023-12-07,133.0,138.966,144.4,133.0,105
2023-12-08,133.0,142.5,142.5,133.0,71
2023-12-11,133.19,123.69,133.665,123.5,492
2023-12-12,125.4,131.1,142.5,121.695,82
2023-12-13,133.0,125.59,134.995,123.6045,45
2023-12-14,125.4,125.59,136.42,125.4,118
2023-12-15,131.86,133.0,216.6,112.1,17284
2023-12-18,137.655,131.1,142.5,123.5,1600
2023-12-19,104.5,69.54,104.5,57.019,10230
2023-12-20,79.401,72.2,79.9805,70.3,1493
2023-12-21,70.3,64.6,73.815,60.8,1871
2023-12-22,70.319,68.59,75.069,65.512,778
2023-12-26,69.54,73.131,75.411,69.54,312
2023-12-27,72.2,68.419,73.435,67.051,341
2023-12-28,68.419,63.517,73.416,63.517,717
2023-12-29,64.6,64.6,69.15981,63.688,885
2024-01-02,68.4,65.74,68.419,65.55,123
2024-01-03,69.73,66.158,69.749,65.55,144
2024-01-04,68.4,65.36,68.4,65.189,287
2024-01-05,65.341,65.17,66.405,63.935,146
2024-01-08,67.45,64.79,69.179,63.65,353
2024-01-09,66.1675,61.75,67.735,60.99,517
2024-01-10,61.18,60.40081,64.6,57.532,425
2024-01-11,57.0,58.14,58.9,53.371,326
2024-01-12,56.696,60.61,60.8,54.321,90
2024-01-16,60.629,57.0,61.27481,54.587,345
2024-01-17,57.0,57.0,61.028,54.568,68
2024-01-18,59.641,52.725,60.8,51.794,563
2024-01-19,55.366,49.419,57.0,45.6,537
2024-01-22,48.374,49.438,52.269,48.355,103
2024-01-23,49.4,47.5,53.2,43.757,780
2024-01-24,49.4,49.552,55.1,46.55,811
2024-01-25,53.2,48.45,56.98081,45.6,512
2024-01-26,49.4,48.469,49.4,46.76831,170
2024-01-29,51.87,46.075,61.75,40.109,7029
2024-01-30,45.6,41.439,48.013,41.42,3378
2024-01-31,40.204,38.988,41.88531,38.247,1939
2024-02-01,38.95,38.0,38.95,35.948,372
2024-02-02,43.7,36.157,43.7,34.257,675
2024-02-05,36.271,36.138,37.981,35.15,372
2024-02-06,38.0,36.1,41.876,32.3,3158
2024-02-07,35.017,33.44,40.85,32.699,12169
2024-02-08,33.554,33.25,36.081,31.825,4519
2024-02-09,34.2,33.383,35.32081,30.78,1819
2024-02-12,34.2,36.005,36.67,32.319,1688
2024-02-13,34.922,32.528,36.005,32.11,1903
2024-02-14,33.44,34.219,35.625,32.528,214
2024-02-15,32.281,33.877,35.15,31.996,1326
2024-02-16,34.58,33.858,34.58,32.338,326
2024-02-20,34.181,44.061,51.281,33.383,32373
2024-02-21,45.505,47.5,53.599,40.185,20404
2024-02-22,47.5,38.57,50.35,36.1,15258
2024-02-23,36.822,34.96,37.81,33.326,3839
2024-02-26,34.77,35.03581,36.11881,31.445,2993
2024-02-27,33.991,39.9,40.85,32.3,3168
2024-02-28,39.71,39.254,39.9,32.718,31143
2024-02-29,30.305,31.084,34.2,29.317,12891
2024-03-01,30.4,30.058,30.59,27.55,3813
2024-03-04,29.222,27.911,29.222,26.98,2836
2024-03-05,28.348,27.892,28.348,26.6,744
2024-03-06,27.075,26.581,27.55,25.65,1475
2024-03-07,26.581,26.676,26.79,24.7,1605
2024-03-08,26.6,27.36,27.55,26.505,868
2024-03-11,25.099,19.0,26.524,18.905,10961
2024-03-12,4.883,5.605,5.871,4.655,698627
2024-03-13,5.339,4.9495,5.339,4.484,371738
2024-03-14,4.56,4.37,4.883,4.199,240037
2024-03-15,4.161,4.218,4.427,3.857,340931
2024-03-18,4.351,4.484,4.902,4.066,370227
2024-03-19,4.009,3.8,4.066,3.42,328291
2024-03-20,4.465,3.895,5.282,3.629,985486
2024-03-21,4.028,3.648,4.066,3.458,466971
2024-03-22,2.5,2.51,2.69,2.06,2878313
2024-03-25,2.31,1.96,2.43,1.85,3601287
2024-03-26,1.75,1.56,1.75,1.45,2748193
2024-03-27,1.31,1.43,1.55,1.2,4520195
2024-03-28,1.41,1.4,1.63,1.31,4385511
2024-04-01,1.46,1.43,1.52,1.4,1987247
2024-04-02,1.41,1.26,1.4199,1.26,1574552
2024-04-03,0.93,1.01,1.12,0.8811,3062438
2024-04-04,1.04,1.06,1.1,1.0,1072675
2024-04-05,1.06,1.03,1.06,1.0,2838807
2024-04-08,1.15,1.1,1.34,1.05,10891324
2024-04-09,1.04,1.06,1.07,0.92,2212729
2024-04-10,0.9714,0.9351,0.9888,0.93,1237360
2024-04-11,0.91,0.9,0.9299,0.8701,1235193
2024-04-12,0.8828,0.7499,0.8828,0.725,2318599
2024-04-15,0.7369,0.77,0.839,0.6505,3984566
2024-04-16,0.844,0.8769,0.8888,0.7451,3419902
2024-04-17,0.84,1.13,1.215,0.8302,8557812
2024-04-18,0.9934,1.02,1.07,0.96,2544451
2024-04-19,1.02,0.88,1.04,0.86,1881153
2024-04-22,0.821,0.9099,0.94,0.8202,1080789
2024-04-23,0.93,0.97,1.03,0.89,2266293
2024-04-24,0.9439,0.9484,0.9579,0.8905,954669
2024-04-25,0.9,0.9391,0.9391,0.8796,849194
2024-04-26,0.905,0.9203,0.99,0.8812,1145737
2024-04-29,0.9,0.9,0.936,0.84,679624
2024-04-30,0.87,0.97,1.03,0.8601,3448569
2024-05-01,0.9522,0.8914,0.963,0.871,1277094
2024-05-02,0.8958,0.9241,0.9569,0.8827,762323
2024-05-03,0.92,0.92,0.9749,0.897999,779543
2024-05-06,0.92,0.891,0.9297,0.87,581312
2024-05-07,0.88,0.92,0.949,0.871,685331
2024-05-08,0.9051,0.9365,1.03,0.8802,1842785
2024-05-09,0.93,0.9511,1.02,0.9213,1453231
2024-05-10,0.9817,0.87,0.99,0.8481,746254
2024-05-13,0.9025,0.9487,0.96,0.865,1050747
2024-05-14,0.98,1.09,1.13,0.955,5676698
2024-05-15,1.3,0.9795,1.32,0.9795,7655638
2024-05-16,1.08,1.45,1.52,1.03,11314370
2024-05-17,1.31,1.1107,1.44,1.01,8135800
2024-05-20,1.12,1.19,1.5,1.11,7476675
2024-05-21,1.25,1.25,1.47,1.13,5478404
2024-05-22,1.33,1.16,1.39,1.15,3535839
2024-05-23,1.12,1.01,1.13,0.9723,2242831
2024-05-24,1.0,0.8853,1.02,0.87,1913770
2024-05-28,0.93,0.9101,0.9798,0.8978,953256
2024-05-29,0.86,0.804,0.87,0.77,1735998
2024-05-30,0.79,0.8032,0.85,0.775,628338
2024-05-31,0.79,0.7746,0.7999,0.719,647057
2024-06-03,0.76,0.7201,0.79,0.72,1065472
2024-06-04,0.7301,0.71,0.741,0.6728,756181
2024-06-05,0.71,0.76,0.7688,0.69,685321
2024-06-06,0.7739,0.7393,0.815,0.7393,935382
2024-06-07,0.75,0.7158,0.76,0.692,692060
2024-06-10,0.72,0.7141,0.72,0.6703,295382
2024-06-11,0.7,0.7115,0.72,0.671,497285
2024-06-12,0.6968,0.7003,0.76,0.6733,393812
2024-06-13,0.6955,0.6989,0.711,0.681,129351
2024-06-14,0.695,0.7068,0.7507,0.69,610158
2024-06-17,0.724,0.6965,0.729,0.68,360291
2024-06-18,0.7156,0.7019,0.7156,0.682,224924
2024-06-20,0.684,0.696,0.7499,0.682,376593
2024-06-21,0.6955,0.68324,0.70099,0.6725,128669
2024-06-24,0.6812,0.6858,0.7077,0.676116,103971
2024-06-25,0.71,0.6529,0.71,0.6407,439137
2024-06-26,0.6367,0.642,0.6596,0.6199,334864
2024-06-27,0.642,0.6449,0.65,0.616,206450
2024-06-28,0.6443,0.6224,0.6551,0.615,348748
2024-07-01,0.6392,0.6299,0.6392,0.605,162700
2024-07-02,0.62,0.6035,0.6255,0.6008,129792
2024-07-03,0.629,0.6222,0.6383,0.6051,122976
2024-07-05,0.64,0.617,0.644,0.61,250396
2024-07-08,0.628,0.617831,0.6399,0.6109,152254
2024-07-09,0.61,0.5926,0.6186,0.5804,222049
2024-07-10,0.5815,0.6125,0.6289,0.5815,274707
2024-07-11,0.613,0.636,0.6375,0.58,218683
2024-07-12,0.63,0.617923,0.6398,0.6078,206976
2024-07-15,0.6176,0.6268,0.6299,0.602,161361
2024-07-16,0.61,0.6482,0.66,0.61,202545
2024-07-17,0.65,0.653,0.6795,0.6201,323351
2024-07-18,0.6532,0.599,0.6532,0.5831,225559
2024-07-19,0.59,0.5778,0.612,0.57,185617
2024-07-22,0.58,0.5777,0.5909,0.5428,54771
2024-07-23,0.5556,0.61,0.6199,0.5556,213446
2024-07-24,0.609,0.6172,0.62,0.6,85996
2024-07-25,0.59,0.5837,0.6173,0.5741,67188
2024-07-26,0.6,0.6199,0.64,0.590101,129941
2024-07-29,0.6035,0.60815,0.62,0.591,59693
2024-07-30,0.631,0.6052,0.631,0.5714,71077
2024-07-31,0.5915,0.6147,0.6399,0.575,561036
2024-08-01,0.6088,0.5665,0.6345,0.561,211294
2024-08-02,0.576,0.5603,0.59,0.56,155282
2024-08-05,0.52,0.4792,0.53959,0.47,437017
2024-08-06,0.471,0.5002,0.505,0.47,66966
2024-08-07,0.52,0.495,0.5435,0.495,86414
2024-08-08,0.51,0.4891,0.5116,0.4801,88751
2024-08-09,0.5,0.4999,0.535399,0.4802,171401
2024-08-12,0.4949,0.5436,0.5436,0.4727,275076
