2022-02-04,9.88,9.92,9.92,9.88,202
2022-02-08,9.8499,9.8499,9.8499,9.8499,515
2022-02-09,9.93,9.86,9.93,9.7538,3122
2022-02-10,9.8599,9.8,9.89,9.7998,115572
2022-02-11,9.81,9.8247,9.87,9.81,18318
2022-02-14,9.87,9.84,9.87,9.8,1560
2022-02-15,9.84,9.84,9.84,9.84,625
2022-02-16,9.84,9.83,9.84,9.82,68138
2022-02-17,9.8301,9.88,9.89,9.82,30101
2022-02-18,9.89,9.86,9.89,9.8,10764
2022-02-22,9.86,9.86,9.86,9.86,114
2022-02-23,9.85,9.815,9.85,9.81,1699
2022-02-24,9.76,9.83,9.83,9.76,12474
2022-02-25,9.85,9.81,9.85,9.81,5818
2022-02-28,9.84,9.84,9.84,9.84,275
2022-03-01,9.86,9.85,9.86,9.85,2839
2022-03-02,9.84,9.85,9.86,9.84,107047
2022-03-03,9.85,9.87,9.88,9.85,93207
2022-03-04,9.89,9.89,9.89,9.89,230
2022-03-07,9.89,9.88,9.89,9.88,2899
2022-03-08,9.89,9.88,9.89,9.85,4202
2022-03-09,9.89,9.8899,9.89,9.8899,5619
2022-03-10,9.89,9.89,9.89,9.88,5268
2022-03-11,9.89,9.89,9.89,9.87,175524
2022-03-14,9.93,9.91,9.93,9.88,300365
2022-03-15,9.865,9.9,9.91,9.865,2738
2022-03-16,9.9,9.89,9.9,9.845,35007
2022-03-17,9.92,9.895,9.92,9.895,1266
2022-03-18,9.9,9.9,9.9,9.9,1089
2022-03-21,9.92,9.91,9.92,9.89,9992
2022-03-22,9.8,9.9,9.91,9.8,5616
2022-03-23,10.0,9.9,10.0,9.9,10220
2022-03-24,10.01,9.915,10.01,9.91,713993
2022-03-25,9.87,9.915,9.92,9.87,25247
2022-03-28,10.01,9.92,10.01,9.9,25957
2022-03-29,10.01,9.89,10.01,9.89,25903
2022-03-30,9.91,9.91,9.91,9.88,118143
2022-03-31,9.93,9.905,9.93,9.88,22773
2022-04-01,9.91,9.91,9.91,9.91,155
2022-04-04,9.91,9.91,9.91,9.91,161
2022-04-05,9.93,9.91,9.93,9.91,6203
2022-04-06,9.92,9.91,9.92,9.9,5564
2022-04-07,9.88,9.92,9.92,9.88,1415
2022-04-08,9.94,9.91,9.94,9.91,60419
2022-04-11,9.94,9.93,9.94,9.93,17774
2022-04-12,9.93,9.9399,9.94,9.909,11931
2022-04-13,9.93,9.93,9.94,9.929,51310
2022-04-14,9.93,9.95,9.95,9.926,17428
2022-04-18,9.96,9.96,9.96,9.92,15711
2022-04-19,9.97,9.95,9.97,9.93,68783
2022-04-21,9.95,9.95,9.95,9.92,2673
2022-04-22,9.95,9.94,9.95,9.94,5231
2022-04-25,9.94,9.94,9.94,9.94,200014
2022-04-26,9.98,9.92,9.98,9.92,2091
2022-04-27,9.92,9.93,9.93,9.915,4380
2022-04-28,9.98,9.94,9.98,9.94,2322
2022-04-29,9.92,9.91,10.175,9.91,6073
2022-05-02,9.93,9.94,9.94,9.92,257260
2022-05-03,9.97,9.95,9.97,9.95,302329
2022-05-04,9.94,9.94,9.94,9.94,727
2022-05-05,9.98,9.95,9.98,9.9385,6606
2022-05-06,9.99,9.93,9.99,9.93,109462
2022-05-09,9.92,9.93,9.94,9.92,3508
2022-05-10,9.96,9.9,9.96,9.9,30481
2022-05-11,9.91,9.89,9.91,9.89,16448
2022-05-12,9.88,9.89,9.89,9.88,370685
2022-05-13,9.96,9.89,9.96,9.89,42841
2022-05-16,9.87,9.87,9.8899,9.87,69005
2022-05-17,9.87,9.87,9.87,9.87,656
2022-05-19,9.89,9.89,9.9137,9.89,3466
2022-05-20,9.95,9.89,9.95,9.89,102612
2022-05-23,9.95,9.89,9.95,9.88,3862
2022-05-24,9.95,9.87,9.95,9.87,3539
2022-05-25,9.87,9.89,9.9082,9.87,111942
2022-05-26,9.895,9.89,9.895,9.89,1010032
2022-05-27,9.94,9.9,9.94,9.9,119627
2022-05-31,9.87,9.89,9.89,9.87,5798
2022-06-01,9.89,9.9,9.94,9.89,223101
2022-06-06,9.95,9.92,9.95,9.9,1286183
2022-06-07,9.92,9.9245,9.9245,9.9,87072
2022-06-08,9.92,9.92,9.945,9.92,3705
2022-06-09,9.93,9.9345,9.95,9.93,21104
2022-06-10,9.9327,9.92,9.9327,9.92,11115
2022-06-13,9.93,9.92,9.93,9.92,12285
2022-06-14,9.92,9.93,9.93,9.92,220
2022-06-15,9.97,9.97,9.97,9.97,124
2022-06-16,9.92,9.92,9.93,9.92,3354
2022-06-21,9.96,9.92,9.96,9.91,910
2022-06-22,9.9,9.91,9.91,9.9,8339
2022-06-23,9.91,9.92,9.92,9.9,18677
2022-06-27,10.155,9.91,10.41,9.9,2615
2022-06-28,9.91,9.91,10.0413,9.91,2706
2022-06-29,9.9101,9.91,10.1327,9.91,2727
2022-06-30,9.925,9.94,9.94,9.91,25688
2022-07-01,9.91,9.91,9.91,9.91,211
2022-07-06,9.91,9.93,9.94,9.91,244204
2022-07-07,9.91,9.93,9.94,9.91,3579
2022-07-08,9.94,9.94,9.94,9.94,723
2022-07-11,9.95,9.93,9.95,9.93,1708
2022-07-12,9.9301,9.93,10.175,9.93,5345
2022-07-13,9.93,9.93,9.93,9.93,125
2022-07-14,9.93,9.93,9.93,9.92,35364
2022-07-15,9.93,9.93,9.93,9.925,1406
2022-07-18,9.96,9.93,9.96,9.93,553
2022-07-19,9.93,9.93,9.9364,9.93,465
2022-07-20,9.93,9.935,9.935,9.92,6400
2022-07-21,9.935,9.935,9.935,9.935,201
2022-07-22,9.935,9.95,9.95,9.935,5223
2022-07-25,10.01,9.985,10.01,9.97,975
2022-07-26,9.95,9.965,9.97,9.95,250335
2022-07-27,9.93,9.95,9.95,9.93,375
2022-07-28,9.97,9.93,9.97,9.93,1216
2022-07-29,9.95,9.93,9.97,9.93,353800
2022-08-01,9.94,9.96,9.96,9.94,2497
2022-08-02,9.97,9.96,9.98,9.95,11716
2022-08-03,9.97,9.97,9.97,9.97,5414
2022-08-04,9.95,9.95,9.95,9.95,345001
2022-08-05,9.94,9.99,9.99,9.94,10648
2022-08-08,9.96,9.96,9.96,9.96,196
2022-08-09,9.96,9.96,9.98,9.96,29912
2022-08-10,10.0,9.98,10.0,9.975,37704
2022-08-11,10.0,9.98,10.0,9.975,3547
2022-08-12,9.94,9.94,9.94,9.94,103
2022-08-15,9.94,9.98,9.9921,9.94,18602
2022-08-16,9.98,9.98,9.98,9.98,130
2022-08-17,9.95,9.98,10.0,9.95,350325
2022-08-18,10.01,10.01,10.01,10.01,106
2022-08-19,10.01,10.01,10.01,9.98,414512
2022-08-22,10.0,10.0,10.0,10.0,847
2022-08-23,9.98,9.98,9.98,9.98,363
2022-08-24,9.94,9.99,9.99,9.94,624
2022-08-25,9.98,9.99,9.99,9.98,1945
2022-08-26,9.99,9.99,9.99,9.99,1784
2022-08-29,10.03,9.99,10.03,9.99,497
2022-08-30,9.99,10.0,10.0,9.99,56135
2022-08-31,10.0,10.01,10.01,9.98,22936
2022-09-01,10.02,10.01,10.02,10.01,5142
2022-09-02,10.02,10.02,10.02,10.01,42721
2022-09-06,10.01,10.02,10.02,10.01,17460
2022-09-07,10.03,10.04,10.04,10.03,148054
2022-09-08,10.03,10.04,10.05,10.03,212133
2022-09-09,10.06,10.06,10.06,10.06,211
2022-09-12,10.06,10.03,10.06,10.01,3542
2022-09-13,10.02,10.035,10.04,10.02,197866
2022-09-14,10.05,10.045,10.05,10.04,15083
2022-09-15,10.05,10.05,10.05,10.04,73376
2022-09-16,10.04,10.05,10.05,10.04,22765
2022-09-19,10.02,10.04,10.05,10.02,1265339
2022-09-20,10.03,10.06,10.06,10.03,12916
2022-09-21,10.07,10.045,10.07,10.045,1038
2022-09-22,10.02,10.06,10.06,10.02,138412
2022-09-23,10.0736,10.05,10.0736,10.05,150513
2022-09-26,10.08,10.05,10.08,10.05,521
2022-09-27,10.05,10.05,10.0501,10.05,2134
2022-09-28,10.09,10.07,10.09,10.05,112898
2022-09-29,10.09,10.06,10.1,10.06,457427
2022-09-30,10.07,10.0887,10.0887,10.07,628
2022-10-03,10.09,10.09,10.09,10.09,2662
2022-10-04,10.09,10.07,10.09,10.07,212
2022-10-05,10.0,10.0,10.055,10.0,333
2022-10-06,10.08,10.08,10.08,10.08,25053
2022-10-10,10.08,10.08,10.08,10.08,13677
2022-10-11,10.06,10.09,10.09,10.06,12891
2022-10-12,10.11,10.105,10.11,10.06,190469
2022-10-13,10.02,10.11,10.11,10.02,53496
2022-10-14,10.1,10.1,10.1,10.1,638
2022-10-17,10.07,10.1,10.1,10.07,707491
2022-10-18,10.1,10.1,10.1,10.1,1182
2022-10-19,10.07,10.07,10.07,10.07,200
2022-10-20,10.07,10.1023,10.1023,10.07,417842
2022-10-21,10.11,10.08,10.11,10.08,14559
2022-10-24,10.11,10.11,10.11,10.11,125
2022-10-25,10.11,10.11,10.11,10.11,122
2022-10-26,10.11,10.08,10.11,10.08,9374
2022-10-27,10.11,10.08,10.11,10.08,308
2022-10-28,10.109,10.1,10.109,10.1,10057
2022-10-31,10.15,10.1,10.15,10.1,24226
2022-11-01,10.1,10.115,10.115,10.1,27697
2022-11-02,10.11,10.12,10.12,10.11,565
2022-11-03,10.11,10.12,10.1201,10.11,20962
2022-11-04,10.12,10.12,10.12,10.12,3109
2022-11-07,10.12,10.12,10.1201,10.12,101258
2022-11-08,10.12,10.12,10.13,10.12,123165
2022-11-09,10.13,10.14,10.14,10.13,232147
2022-11-10,10.135,10.13,10.135,10.13,26509
2022-11-11,10.13,10.13,10.13,10.13,110
2022-11-14,10.14,10.14,10.15,10.14,44333
2022-11-15,10.1402,10.1499,10.1499,10.1402,844
2022-11-16,10.16,10.15,10.16,10.14,9155
2022-11-17,10.15,10.15,10.15,10.15,297
2022-11-18,10.16,10.16,10.16,10.16,196
2022-11-21,10.17,10.16,10.17,10.16,464
2022-11-22,10.165,10.165,10.165,10.165,218
2022-11-23,10.16,10.17,10.17,10.16,23556
2022-11-25,10.18,10.18,10.18,10.18,807
2022-11-29,10.17,10.18,10.18,10.17,204
2022-11-30,10.19,10.19,10.19,10.19,159
2022-12-01,10.17,10.17,10.18,10.17,2819
2022-12-02,10.18,10.19,10.19,10.18,14171
2022-12-05,10.22,10.19,10.22,10.19,1210
2022-12-06,10.23,10.19,10.23,10.19,1220463
2022-12-07,10.23,10.23,10.23,10.23,115
2022-12-08,10.2,10.21,10.21,10.2,6074
2022-12-09,10.2,10.2,10.2,10.2,137
2022-12-12,10.2,10.21,10.21,10.2,50506
2022-12-13,10.2,10.2136,10.23,10.2,6245
2022-12-14,10.21,10.22,10.22,10.21,753
2022-12-16,10.21,10.22,10.22,10.21,564
2022-12-19,10.21,10.22,10.22,10.21,577
2022-12-20,10.22,10.22,10.23,10.22,11015
2022-12-21,10.25,10.24,10.27,10.24,102038
2022-12-22,10.22,10.28,10.2825,10.22,8262
2022-12-29,10.28,10.28,10.28,10.28,17644
2022-12-30,10.28,10.27,10.2801,10.27,55171
2023-01-03,10.255,10.26,10.265,10.255,20374
2023-01-04,10.26,10.26,10.26,10.26,5228
2023-01-05,10.29,10.29,10.29,10.29,1174543
2023-01-06,10.34,10.275,10.34,10.275,7066
2023-01-09,10.3,10.29,10.3,10.29,314
2023-01-10,10.29,10.29,10.29,10.29,408
2023-01-11,10.32,10.29,10.32,10.29,1358
2023-01-12,10.32,10.27,10.32,10.27,20978
2023-01-13,10.29,10.29,10.29,10.29,29827
2023-01-17,10.36,10.31,10.36,10.31,5053
2023-01-18,10.29,10.31,10.31,10.29,322
2023-01-19,10.31,10.31,10.31,10.31,740
2023-01-20,10.32,10.31,10.32,10.3,3354
2023-01-23,10.3,10.31,10.31,10.3,26560
2023-01-24,10.31,10.31,10.31,10.31,709
2023-01-25,10.3,10.31,10.31,10.3,7826
2023-01-26,10.31,10.31,10.32,10.31,116357
2023-01-27,10.31,10.32,10.32,10.31,876
2023-01-30,10.3,10.325,10.33,10.3,129432
2023-01-31,10.31,10.3284,10.3284,10.31,448
2023-02-01,10.32,10.34,10.34,10.32,226574
2023-02-02,10.33,10.3372,10.34,10.33,14227
2023-02-03,10.33,10.33,10.33,10.33,121
2023-02-06,10.36,10.33,10.36,10.33,510187
2023-02-07,10.35,10.345,10.36,10.345,1751
2023-02-08,10.35,10.34,10.35,10.34,450
2023-02-09,10.35,10.34,10.35,10.33,534
2023-02-10,10.34,10.3413,10.345,10.34,651
2023-02-13,10.34,10.36,10.365,10.34,469591
2023-02-14,10.37,10.34,10.37,10.34,2080
2023-02-15,10.37,10.36,10.37,10.35,5905
2023-02-16,10.37,10.36,10.37,10.36,1896
2023-02-17,10.37,10.36,10.37,10.36,7370
2023-02-21,10.38,10.37,10.38,10.365,1600
2023-02-22,10.38,10.38,10.38,10.36,968401
2023-02-23,10.38,10.38,10.38,10.38,27228
2023-02-24,10.38,10.39,10.39,10.38,5297
2023-02-27,10.38,10.385,10.385,10.38,6280
2023-02-28,10.38,10.385,10.405,10.38,654041
2023-03-01,10.38,10.35,10.4,10.35,32008
2023-03-02,10.4,10.385,10.4,10.385,15228
2023-03-03,10.42,10.4,10.42,10.39,896
2023-03-06,10.4,10.39,10.4,10.39,55006
2023-03-07,10.41,10.4,10.42,10.395,21328
2023-03-08,10.9,10.43,10.9,10.4,1658683
2023-03-09,10.45,10.42,10.45,10.42,229196
2023-03-10,10.45,10.42,10.45,10.42,6697
2023-03-13,10.6,10.41,10.6,10.41,9651
2023-03-14,10.43,10.4202,10.43,10.4202,75533
2023-03-15,10.45,10.42,10.46,10.42,79346
2023-03-16,10.42,10.43,10.43,10.42,656792
2023-03-17,10.42,10.46,10.46,10.42,37959
2023-03-20,10.53,10.46,10.53,10.422,3991
2023-03-21,10.51,10.5,10.51,10.46,517717
2023-03-22,10.52,10.51,10.52,10.47,790
2023-03-23,10.43,10.48,10.48,10.43,392
2023-03-24,10.45,10.45,10.455,10.45,309626
2023-03-27,10.55,10.45,10.55,10.45,310346
2023-03-28,10.45,10.45,10.45,10.45,4571
2023-03-30,10.44,10.44,10.44,10.44,869193
2023-03-31,10.44,10.44,10.44,10.44,196
2023-04-03,10.44,10.44,10.44,10.44,182410
2023-04-04,10.45,10.44,10.45,10.44,5114
2023-04-05,10.44,10.44,10.44,10.44,25279
2023-04-06,10.44,10.48,10.5,10.44,19392
2023-04-10,11.0,10.46,11.0,10.45,2831
2023-04-11,10.45,10.44,10.45,10.44,275
2023-04-12,10.44,10.44,10.44,10.44,3836
2023-04-13,10.46,10.46,10.46,10.46,7956
2023-04-14,10.45,10.46,10.46,10.45,25609
2023-04-17,10.47,10.5,10.5,10.46,697102
2023-04-18,10.475,10.47,10.4892,10.47,102930
2023-04-19,10.7,10.53,10.79,10.47,126008
2023-04-20,10.48,10.45,10.51,10.45,834330
2023-04-21,10.46,10.9,10.9,10.46,1992
2023-04-24,10.6,10.67,10.67,10.5,7713
2023-04-25,10.48,10.48,10.51,10.48,291839
2023-04-26,10.49,10.48,10.49,10.48,511304
2023-04-27,10.48,10.48,10.49,10.48,35604
2023-04-28,10.53,10.51,10.53,10.48,27695
2023-05-01,10.49,10.49,10.495,10.4899,183968
2023-05-02,10.49,10.495,10.5,10.49,39067
2023-05-03,10.49,10.49,10.49,10.49,849
2023-05-04,10.5,10.49,10.5,10.49,9579
2023-05-05,10.5,10.49,10.5,10.49,166184
2023-05-08,10.5,10.49,10.5,10.49,3780
2023-05-09,10.49,10.49,10.49,10.49,126
2023-05-10,10.5,10.52,10.52,10.495,9632
2023-05-11,10.55,10.5,10.55,10.5,206
2023-05-12,10.5,10.51,10.53,10.5,2848
2023-05-17,11.27,10.54,11.27,10.54,11627
2023-05-18,10.535,10.52,10.54,10.52,1500523
2023-05-19,10.52,10.52,10.52,10.52,488
2023-05-22,10.84,10.52,10.84,10.52,48375
2023-05-23,10.52,10.53,10.53,10.52,14878
2023-05-24,10.54,10.54,10.54,10.54,137
2023-05-25,10.54,10.53,10.54,10.53,1627
2023-05-26,10.53,10.545,10.55,10.53,100620
2023-05-30,11.2,10.55,11.2,10.53,2561528
2023-05-31,10.54,10.52,10.55,10.52,23516
2023-06-01,10.53,10.54,10.54,10.53,250686
2023-06-02,10.57,10.57,10.57,10.555,19871
2023-06-05,10.61,10.57,10.575,10.545,14888
2023-06-06,10.57,10.54,10.57,10.54,2671
2023-06-07,10.52,10.55,10.57,10.52,4040630
2023-06-08,10.55,10.56,10.575,10.55,257286
2023-06-09,10.58,10.56,10.58,10.55,5239
2023-06-12,10.58,10.55,10.58,10.55,2915
2023-06-13,10.55,10.57,10.57,10.55,136409
2023-06-14,10.58,10.57,10.58,10.56,28248
2023-06-15,10.57,10.56,10.58,10.56,54566
2023-06-16,10.58,10.57,10.59,10.57,278822
2023-06-20,10.59,10.57,10.59,10.57,23804
2023-06-21,10.59,10.58,10.59,10.57,173295
2023-06-22,10.57,10.57,10.57,10.57,37705
2023-06-23,10.58,10.6158,10.6158,10.58,1984
2023-06-26,10.59,10.58,10.59,10.58,3649
2023-06-27,10.58,10.59,10.6304,10.58,1825
2023-06-28,10.59,10.6,10.61,10.58,57738
2023-06-29,10.59,10.61,10.61,10.59,403
2023-06-30,10.61,10.6,10.61,10.6,1951
2023-07-03,10.6,10.61,10.6299,10.6,3407
2023-07-06,10.64,10.62,10.64,10.61,1342
2023-07-07,10.64,10.6214,10.64,10.621,2805
2023-07-10,10.65,10.62,10.65,10.62,2190
2023-07-11,10.62,10.62,10.62,10.62,25541
2023-07-12,10.63,10.63,10.63,10.63,366
2023-07-13,10.63,10.63,10.63,10.63,552
2023-07-14,10.62,10.64,10.64,10.62,4596
2023-07-17,10.65,10.65,10.78,10.64,44062
2023-07-18,10.66,10.65,10.66,10.65,391
2023-07-20,10.65,10.65,10.65,10.65,172
2023-07-21,10.65,10.64,10.69,10.64,2723
2023-07-24,10.65,10.65,10.65,10.65,90928
2023-07-25,10.66,10.66,10.69,10.65,2020
2023-07-26,10.65,10.66,10.66,10.65,10258
2023-07-27,10.65,10.66,10.69,10.65,43600
2023-07-28,10.66,10.71,10.71,10.66,12139
2023-07-31,10.74,10.71,10.74,10.7,4494
2023-08-01,10.74,10.72,10.74,10.72,215126
2023-08-02,10.69,10.71,10.72,10.69,12914
2023-08-03,10.7,10.7,10.7,10.7,3548
2023-08-07,10.71,10.685,10.71,10.685,1907
2023-08-08,10.67,10.7,10.72,10.67,757
2023-08-09,10.75,10.75,10.75,10.73,13994
2023-08-10,10.75,10.76,10.76,10.75,2756
2023-08-11,10.78,10.76,10.78,10.76,4366
2023-08-14,10.75,10.77,10.77,10.75,129848
2023-08-15,10.765,10.76,10.765,10.75,247121
2023-08-16,10.76,10.76,10.76,10.76,153
2023-08-17,10.76,10.7601,10.77,10.76,350
2023-08-18,10.76,10.77,10.77,10.76,1418
2023-08-21,10.77,10.77,10.77,10.77,3817
2023-08-22,10.77,10.78,10.78,10.77,105608
2023-08-23,10.78,10.785,10.79,10.78,223392
2023-08-24,10.8,10.79,10.8,10.79,31021
2023-08-25,10.8,10.79,10.8,10.79,586
2023-08-28,10.79,10.79,10.79,10.79,208
2023-08-29,10.79,10.79,10.79,10.79,153
2023-08-30,10.8,10.7985,10.8,10.7985,317
2023-08-31,10.8,10.8,10.8,10.8,31429
2023-09-01,10.8,10.8,10.8,10.8,205
2023-09-05,10.8,10.8,10.8,10.8,129
2023-09-06,10.82,10.8,10.82,10.8,25015
2023-09-08,10.8,10.8,10.8,10.8,845
2023-09-11,10.8,10.82,10.82,10.8,110207
2023-09-12,10.85,10.85,10.85,10.85,169
2023-09-13,10.85,10.85,10.85,10.85,218
2023-09-14,10.81,10.81,10.81,10.81,2703
2023-09-19,10.77,10.84,10.84,10.77,240227
2023-09-21,10.8639,10.8639,10.8639,10.8639,207
2023-09-22,10.88,10.88,10.88,10.88,119
2023-09-25,10.88,10.88,10.88,10.88,205
2023-09-26,10.82,10.82,10.82,10.82,159
2023-09-27,10.88,10.82,10.88,10.82,8378
2023-09-28,10.8629,10.845,10.8629,10.845,250494
2023-09-29,10.88,10.88,10.88,10.88,113
2023-10-03,10.9,10.8288,10.9,10.8288,3765
2023-10-05,10.77,10.83,10.83,10.77,329
2023-10-06,10.83,10.8373,10.8373,10.83,3188
2023-10-10,10.78,10.83,10.83,10.78,235
2023-10-11,10.8,10.77,10.8,10.77,2167
2023-10-12,10.83,10.83,10.83,10.83,1888
2023-10-16,10.76,10.8,10.82,10.76,1792579
2023-10-17,10.8,10.83,10.84,10.8,1238558
2023-10-18,10.83,10.83,10.83,10.83,531
2023-10-19,10.83,10.83,10.83,10.82,407830
2023-10-20,10.84,10.83,10.84,10.82,341
2023-10-23,10.84,10.83,10.84,10.825,8832
2023-10-24,10.83,10.83,10.86,10.83,3905031
2023-10-25,10.84,10.83,10.84,10.81,993592
2023-10-26,10.83,10.83,10.84,10.82,395991
2023-10-27,10.84,10.84,10.85,10.83,385678
2023-10-30,10.83,10.835,10.8499,10.83,57327
2023-10-31,10.85,10.84,10.85,10.834,182305
2023-11-01,10.84,10.84,10.84,10.84,125
2023-11-02,10.84,10.85,10.85,10.84,606815
2023-11-03,10.855,10.855,10.855,10.855,568066
2023-11-06,10.86,10.83,10.86,10.81,208152
2023-11-07,10.8,10.83,10.86,10.8,25293
2023-11-08,10.82,10.86,11.2101,10.82,22380
2023-11-09,11.13,10.95,11.13,9.86,1082
2023-11-10,10.85,10.82,11.005,9.6001,12075
2023-11-13,11.1,11.36,11.55,10.75,42665
2023-11-14,10.74,10.89,11.09,10.74,6174
2023-11-15,10.8,10.805,10.81,10.79,603887
2023-11-16,10.82,10.83,10.86,10.81,619035
2023-11-17,10.83,10.82,10.83,10.82,26538
2023-11-20,10.85,10.83,10.85,10.82,305378
2023-11-21,10.82,10.83,10.83,10.82,75596
2023-11-27,10.8167,10.83,10.83,10.8167,87031
2023-11-28,10.78,10.83,10.83,10.78,17077
2023-11-29,10.82,10.84,10.84,10.82,1646
2023-11-30,10.84,10.84,10.84,10.835,12475
2023-12-01,10.9,10.8109,10.9,10.8109,2118
2023-12-04,10.82,10.83,10.83,10.82,111511
2023-12-05,10.78,10.83,10.83,10.78,115506
2023-12-06,10.83,10.83,10.83,10.83,3117
2023-12-07,10.84,10.84,10.84,10.83,13628
2023-12-08,10.82,10.85,10.85,10.82,916
2023-12-11,10.85,10.85,10.85,10.84,6479
2023-12-12,10.86,10.85,10.86,10.84,16519
2023-12-13,10.84,10.84,10.85,10.83,9440
2023-12-14,10.85,10.85,10.85,10.83,840862
2023-12-15,10.84,10.94,10.94,10.8399,128196
2023-12-19,10.84,10.85,10.85,10.84,827
2023-12-20,10.85,10.89,10.94,10.85,412
2023-12-21,10.86,10.86,10.86,10.86,282
2023-12-22,10.94,10.94,10.94,10.94,263
2023-12-26,10.95,10.85,10.95,10.85,315
2023-12-28,10.85,10.85,10.85,10.85,189
2024-01-02,10.84,10.86,10.94,10.84,509
2024-01-03,10.84,10.84,10.84,10.84,367
2024-01-08,10.84,10.84,10.84,10.84,116
2024-01-09,10.95,10.95,10.95,10.95,104
2024-01-10,10.86,10.88,10.94,10.86,353
2024-01-11,10.86,10.9,10.9,10.86,397
2024-01-12,10.9,10.9,10.9,10.9,137
2024-01-16,10.88,10.88,10.94,10.88,76504
2024-01-17,10.88,10.88,10.88,10.88,193
2024-01-18,10.88,10.88,10.88,10.88,345
2024-01-19,10.8992,10.8992,10.8992,10.8992,1019
2024-01-23,10.94,10.93,10.94,10.93,389
2024-01-25,10.95,10.96,10.96,10.8999,644
2024-01-26,10.94,10.94,10.94,10.94,2535
2024-01-29,11.09,10.95,11.09,10.95,949
2024-01-30,11.05,10.89,11.05,10.88,14057
2024-01-31,10.89,10.96,10.96,10.89,2961
2024-02-01,10.88,10.9,10.9,10.88,263252
2024-02-02,11.05,11.05,11.05,11.05,125
2024-02-05,11.05,10.92,11.05,10.92,3405
2024-02-06,10.92,10.92,10.92,10.92,17569
2024-02-08,10.9224,10.9224,10.9224,10.9224,629
2024-02-12,11.05,10.9424,11.05,10.9424,1430
2024-02-13,10.92,10.92,10.92,10.92,166
2024-02-14,10.93,10.94,10.94,10.93,478
2024-02-15,11.05,11.05,11.05,11.05,102
2024-02-16,10.93,10.93,10.93,10.93,1060
2024-02-20,10.93,10.93,10.96,10.93,2588
2024-02-21,10.93,10.93,10.93,10.93,622
2024-02-22,10.95,10.92,10.95,10.92,554
2024-02-23,10.94,10.92,10.94,10.92,432
2024-02-26,10.92,10.92,10.92,10.92,147
2024-02-27,10.93,10.93,10.93,10.93,1956
2024-02-28,10.95,10.93,10.95,10.93,303
2024-02-29,10.95,10.9499,10.95,10.9499,1187
2024-03-01,10.98,10.98,10.98,10.98,148
2024-03-04,10.94,10.94,10.94,10.94,210
2024-03-05,10.9592,10.99,10.99,10.9592,101577
2024-03-07,10.98,10.98,10.98,10.98,50023
2024-03-12,10.95,10.99,10.99,10.95,631
2024-03-14,10.97,11.06,11.06,10.97,357
2024-03-15,10.99,10.99,10.99,10.99,1310
2024-03-18,10.99,10.99,10.99,10.99,305
2024-03-19,10.94,11.0,11.0,10.94,1245
2024-03-21,10.99,11.02,11.02,10.99,9887
2024-03-25,11.05,11.05,11.05,11.05,229
2024-03-26,11.0074,11.0074,11.0074,11.0074,278
2024-03-27,10.99,10.99,10.99,10.99,214
2024-03-28,11.04,11.0,11.04,11.0,582
2024-04-02,11.03,11.035,11.04,11.03,106789
2024-04-03,11.04,11.04,11.04,11.04,462
2024-04-05,11.1,11.1,11.1,11.1,251
2024-04-08,11.1,11.1,11.1,11.1,105
2024-04-10,11.1,11.1,11.1,11.1,128
2024-04-11,11.1,11.08,11.1,11.04,1989
2024-04-12,11.08,11.08,11.08,11.08,206287
2024-04-15,11.08,11.07,11.08,11.07,133729
2024-04-16,11.1,11.1,11.1,11.1,297
2024-04-18,11.07,11.09,11.09,11.07,2106
2024-04-22,11.07,11.0764,11.15,11.07,7434
2024-04-23,11.085,11.085,11.085,11.08,60910
2024-04-25,11.09,11.09,11.09,11.09,29552
2024-04-26,11.09,11.09,11.09,11.09,5301
2024-04-29,11.11,11.13,11.14,11.11,101651
2024-04-30,11.13,11.12,11.13,11.12,4552
2024-05-01,11.14,11.12,11.14,11.12,57068
2024-05-02,11.12,11.12,11.12,11.12,4207
2024-05-03,11.12,11.12,11.12,11.12,1080
2024-05-06,11.11,11.12,11.13,11.11,119624
2024-05-07,11.13,11.13,11.13,11.12,1053636
2024-05-08,11.14,11.14,11.15,11.13,528218
2024-05-09,11.13,11.13,11.14,11.13,604976
2024-05-10,11.14,11.14,11.14,11.14,119
2024-05-13,11.16,11.13,11.16,11.13,20628
2024-05-14,10.9501,11.06,11.145,10.9501,100729
2024-05-15,10.9999,11.06,11.1101,10.9999,4884
2024-05-16,11.13,11.01,11.14,11.01,5258
2024-05-17,11.04,11.01,11.04,10.99,150471
2024-05-21,11.15,11.15,11.15,11.15,65108
2024-05-22,10.96,11.04,11.05,10.96,659
2024-05-23,10.97,10.97,10.97,10.97,25910
2024-05-28,11.01,11.01,11.01,11.01,177
2024-05-29,11.55,11.55,11.55,11.55,127
2024-05-30,11.22,11.04,11.22,11.01,3303
2024-06-03,10.97,11.1,11.1,10.97,6488
2024-06-04,11.0,11.04,11.04,11.0,1744526
2024-06-05,11.08,11.02,11.08,11.02,12580
2024-06-06,11.02,11.02,11.03,11.02,135797
2024-06-07,11.03,11.03,11.03,11.03,1825
2024-06-10,11.03,11.025,11.03,11.025,314958
2024-06-11,10.96,11.03,11.03,10.96,59010
2024-06-12,11.04,11.03,11.04,11.03,100007
2024-06-13,11.025,11.025,11.025,11.025,4143
2024-06-18,10.97,10.97,10.97,10.97,217
2024-06-20,10.97,11.02,11.03,10.97,41115
2024-06-21,11.04,11.04,11.04,11.035,4111
2024-06-24,11.04,11.04,11.04,11.04,317
2024-06-25,11.04,11.0401,11.0401,11.035,25278
2024-06-26,11.1,11.1,11.1,11.1,126
2024-06-27,11.04,11.04,11.04,11.04,170
2024-07-03,11.01,11.04,11.04,11.01,417
2024-07-08,11.05,11.05,11.05,11.05,2590
2024-07-09,10.98,11.06,11.06,10.98,5475
2024-07-10,11.08,11.07,11.08,11.06,835
2024-07-11,11.08,11.08,11.08,11.08,25134
2024-07-12,11.08,11.08,11.08,11.08,419
2024-07-15,11.08,11.05,11.08,11.05,894
2024-07-16,11.08,11.08,11.08,11.08,218
2024-07-17,11.08,11.08,11.125,11.06,6776
2024-07-18,11.07,11.08,11.08,11.07,7515
2024-07-19,11.07,11.07,11.08,11.07,4542
2024-07-22,11.07,11.07,11.07,11.07,104
2024-07-23,11.07,11.07,11.07,11.07,109
2024-07-24,11.1,11.1,11.1,11.1,173
2024-07-25,11.07,11.07,11.07,11.07,164
2024-07-29,11.09,11.09,11.09,11.09,103
2024-07-30,11.07,11.09,11.09,11.07,434586
2024-07-31,11.11,11.11,11.11,11.11,6183
2024-08-05,11.1,11.1,11.1,11.1,90905
