2023-02-14,5.3,4.76,5.83,4.4,1912761
2023-02-15,4.69,5.0484,5.3,4.5,523004
2023-02-16,5.17,5.07,5.4999,4.94,367634
2023-02-17,5.11,4.76,5.3896,4.5,439015
2023-02-21,4.69,4.23,4.6999,4.2,220225
2023-02-22,4.2,3.91,4.3899,3.9,145636
2023-02-23,4.0,3.675,4.36,3.6029,137860
2023-02-24,3.54,3.24,3.54,3.2,88557
2023-02-27,3.04,2.73,3.39,2.56,199580
2023-02-28,3.5,2.95,3.5899,2.7801,403699
2023-03-01,2.95,2.74,3.09,2.6537,52569
2023-03-02,2.65,2.73,2.9832,2.57,295880
2023-03-03,3.53,3.54,4.04,3.13,5724160
2023-03-06,3.32,3.88,4.3006,3.31,1641980
2023-03-07,3.85,4.03,4.1899,3.65,365003
2023-03-08,4.13,4.35,4.52,3.9,321531
2023-03-09,4.21,3.81,4.44,3.6506,303624
2023-03-10,3.66,3.53,3.9099,3.3,127003
2023-03-13,3.6,3.36,3.76,3.36,122882
2023-03-14,3.37,2.97,3.569,2.86,145099
2023-03-15,2.95,2.89,3.1,2.75,79647
2023-03-16,2.85,2.8,2.99,2.75,43621
2023-03-17,2.75,2.72,2.925,2.5,79442
2023-03-20,2.7,2.54,2.81,2.51,23022
2023-03-21,2.5,2.78,2.95,2.47,195523
2023-03-22,2.8,2.63,2.8,2.6,85406
2023-03-23,2.56,2.69,2.86,2.51,126815
2023-03-24,2.63,2.68,2.7999,2.55,68138
2023-03-27,2.8,2.97,3.09,2.53,357490
2023-03-28,3.1,3.02,3.4,2.839,334182
2023-03-29,3.14,2.71,3.14,2.6002,153208
2023-03-30,2.73,2.99,3.0,2.73,176399
2023-03-31,2.97,3.39,3.64,2.81,958223
2023-04-03,3.45,4.69,4.69,3.25,1552931
2023-04-04,6.84,6.0,9.5,5.55,39683487
2023-04-05,5.32,4.08,5.6,3.8,2887477
2023-04-06,3.98,4.89,5.23,3.98,5068703
2023-04-10,4.93,4.66,5.6699,4.6,1733291
2023-04-11,4.65,4.31,4.91,4.12,1068045
2023-04-12,4.54,6.13,6.39,4.3,8264690
2023-04-13,5.953,5.6,7.06,5.02,6939179
2023-04-14,6.49,6.82,8.21,6.24,12865861
2023-04-17,7.18,6.8,7.69,6.1,3165337
2023-04-18,7.0,6.39,7.2,6.12,1078153
2023-04-19,6.3,6.61,6.85,6.15,1057044
2023-04-20,6.61,8.74,8.8,6.5,6716975
2023-04-21,8.47,6.62,8.59,6.44,3111842
2023-04-24,6.54,5.43,6.6431,5.28,1549602
2023-04-25,5.43,5.66,6.2,5.43,1917613
2023-04-26,5.99,5.25,6.2,5.15,993731
2023-04-27,5.32,4.92,5.3493,4.66,1067107
2023-04-28,4.9,4.47,4.9,4.35,881248
2023-05-01,4.49,5.06,5.4,4.461,1353970
2023-05-02,5.0,5.78,6.2986,4.68,2109994
2023-05-03,5.79,5.03,5.95,4.95,530567
2023-05-04,5.22,5.27,5.84,5.13,998686
2023-05-05,5.55,5.26,5.63,5.05,430843
2023-05-08,5.15,5.34,5.47,4.85,443466
2023-05-09,5.35,5.28,5.92,5.1301,688078
2023-05-10,5.33,5.17,5.59,4.9,591567
2023-05-11,5.04,4.74,5.3,4.74,501394
2023-05-12,4.9,4.74,4.95,4.55,206446
2023-05-15,4.77,5.06,5.2999,4.77,645297
2023-05-16,4.96,4.88,5.21,4.78,180657
2023-05-17,4.86,5.24,5.3,4.8,455083
2023-05-18,5.2,5.7,5.9,5.2,916578
2023-05-19,5.64,5.32,5.8499,5.2979,426012
2023-05-22,5.23,5.18,5.48,4.88,543876
2023-05-23,5.18,5.04,5.44,4.83,507386
2023-05-24,4.94,4.94,5.04,4.79,327938
2023-05-25,5.16,4.73,5.6399,4.41,857109
2023-05-26,4.62,4.6,4.96,4.54,543716
2023-05-30,4.77,5.45,5.4795,4.67,1269708
2023-05-31,5.0,4.85,5.43,4.7101,1938187
2023-06-01,4.86,4.87,5.17,4.76,648783
2023-06-02,4.94,4.71,5.01,4.56,360775
2023-06-05,4.79,4.75,4.98,4.62,555160
2023-06-06,4.7,4.7,4.8,4.6,352694
2023-06-07,4.7,4.32,4.7899,4.2,552047
2023-06-08,4.22,4.2,4.34,4.05,252892
2023-06-09,4.21,3.77,4.2799,3.73,363601
2023-06-12,3.89,3.96,4.04,3.75,246120
2023-06-13,3.93,4.03,4.21,3.8561,393498
2023-06-14,4.05,3.81,4.1499,3.8,152029
2023-06-15,3.9,4.14,4.33,3.71,624466
2023-06-16,4.15,4.07,4.33,4.04,163826
2023-06-20,4.1,4.17,4.3,3.91,322003
2023-06-21,4.18,3.73,4.18,3.62,421089
2023-06-22,3.79,3.8,4.0,3.73,227885
2023-06-23,3.76,3.61,3.7999,3.48,242108
2023-06-26,3.55,3.67,3.79,3.5101,189590
2023-06-27,3.63,3.65,3.76,3.595,119121
2023-06-28,3.58,3.64,3.73,3.57,141310
2023-06-29,3.64,3.7,3.85,3.6001,133248
2023-06-30,3.62,3.56,3.74,3.51,151337
2023-07-03,3.51,3.64,3.68,3.51,63016
2023-07-05,3.6,3.79,3.88,3.5631,207631
2023-07-06,3.78,3.64,3.78,3.5,114941
2023-07-07,3.61,3.77,3.9,3.6,157715
2023-07-10,3.74,4.05,4.09,3.74,239148
2023-07-11,4.08,3.88,4.09,3.81,135425
2023-07-12,4.09,3.93,4.34,3.87,316377
2023-07-13,3.96,3.94,4.0399,3.86,79919
2023-07-14,3.96,3.69,3.98,3.68,146141
2023-07-17,3.75,3.84,3.85,3.65,82234
2023-07-18,3.82,3.74,3.926,3.72,90168
2023-07-19,3.75,3.44,3.8725,3.33,249095
2023-07-20,3.56,3.41,3.605,3.3372,175673
2023-07-21,3.44,3.56,3.73,3.4,200925
2023-07-24,3.56,3.46,3.58,3.43,55567
2023-07-25,5.38,4.99,5.75,4.51,54961436
2023-07-26,4.83,5.01,5.14,4.51,2216159
2023-07-27,4.99,4.18,5.14,4.05,967950
2023-07-28,4.3,4.39,4.48,4.11,357742
2023-07-31,4.28,4.93,5.0,4.25,709331
2023-08-01,4.93,5.18,5.3,4.6,471049
2023-08-02,5.06,4.68,5.1118,4.6603,210504
2023-08-03,4.81,4.11,4.884,4.08,585108
2023-08-04,4.38,3.87,4.5,3.8412,366867
2023-08-07,3.88,3.87,4.1401,3.76,146306
2023-08-08,3.86,4.03,4.055,3.8,113699
2023-08-09,3.95,3.69,4.1,3.69,146900
2023-08-10,3.86,3.69,3.86,3.63,95135
2023-08-11,3.67,3.7,3.7599,3.63,106489
2023-08-14,3.66,3.82,3.88,3.64,281979
2023-08-15,3.7,3.56,3.78,3.43,147223
2023-08-16,3.49,3.19,3.62,3.11,207194
2023-08-17,3.22,3.12,3.26,3.12,106851
2023-08-18,3.13,3.0,3.2646,3.0,234391
2023-08-21,3.19,2.83,3.19,2.76,220615
2023-08-22,2.92,2.89,2.98,2.81,183998
2023-08-23,2.9,3.29,3.58,2.8951,1061624
2023-08-24,3.35,3.0,3.445,2.9501,167533
2023-08-25,3.0,3.11,3.1699,2.92,102328
2023-08-28,3.18,3.04,3.18,3.03,51079
2023-08-29,3.03,3.11,3.18,2.97,79093
2023-08-30,3.16,3.36,3.4,2.995,177290
2023-08-31,3.4,3.28,3.42,3.2,63810
2023-09-01,3.37,3.17,3.44,3.17,99817
2023-09-05,3.22,3.04,3.22,2.86,232039
2023-09-06,3.13,2.99,3.13,2.92,69540
2023-09-07,2.82,2.9,2.96,2.77,227738
2023-09-08,3.04,2.98,3.25,2.85,369355
2023-09-11,2.9,2.91,2.91,2.9,11042
2023-09-12,2.9,2.87,2.96,2.83,53304
2023-09-13,2.88,2.88,3.0,2.85,164896
2023-09-14,2.97,2.85,2.97,2.8079,89186
2023-09-15,2.85,2.91,2.91,2.8101,86133
2023-09-18,2.87,2.88,2.91,2.78,31737
2023-09-19,2.82,2.88,2.95,2.82,52126
2023-09-20,2.87,2.93,2.98,2.85,87179
2023-09-21,2.87,2.919,2.919,2.8316,44237
2023-09-22,2.87,2.89,2.9463,2.83,51918
2023-09-25,2.84,2.87,2.92,2.8142,32991
2023-09-26,3.12,3.55,4.28,3.05,30979333
2023-09-27,3.25,3.29,3.67,3.2381,932283
2023-09-28,3.25,3.41,3.45,3.15,206611
2023-09-29,3.37,3.26,3.5,3.16,117182
2023-10-02,3.17,3.35,3.45,3.17,166247
2023-10-03,3.24,3.19,3.3,3.0642,92135
2023-10-04,3.15,3.1,3.15,2.9501,108799
2023-10-05,3.11,3.08,3.1795,2.98,60424
2023-10-06,2.99,3.07,3.12,2.99,66821
2023-10-09,3.0,3.07,3.1,2.9101,55680
2023-10-10,3.09,3.21,3.2745,3.03,71865
2023-10-11,3.28,3.17,3.35,3.08,55219
2023-10-12,3.13,3.14,3.28,3.04,75101
2023-10-13,3.16,3.09,3.29,3.03,50898
2023-10-16,3.04,3.1,3.2,3.0,44967
2023-10-17,3.02,3.04,3.14,3.02,29702
2023-10-18,3.07,3.02,3.07,2.99,25019
2023-10-19,3.02,2.96,3.04,2.95,37406
2023-10-20,2.92,2.91,2.9699,2.86,43896
2023-10-23,2.87,2.81,2.9174,2.8,38464
2023-10-24,2.78,2.95,2.95,2.78,41776
2023-10-25,2.95,2.81,2.95,2.77,94859
2023-10-26,2.88,2.79,2.9,2.7791,27836
2023-10-27,2.85,2.81,2.9,2.7732,32973
2023-10-30,2.86,2.82,2.87,2.795,15109
2023-10-31,2.81,2.8,2.8499,2.7109,31331
2023-11-01,2.7,2.6902,2.76,2.63,29305
2023-11-02,2.75,2.83,2.9,2.75,94607
2023-11-03,2.845,2.88,3.13,2.8364,77934
2023-11-06,3.0,2.9,3.07,2.85,41056
2023-11-07,3.03,2.93,3.03,2.7768,58300
2023-11-08,2.88,2.82,2.94,2.82,35906
2023-11-09,2.87,2.8896,2.94,2.8,29286
2023-11-10,2.86,2.91,2.9807,2.7894,34844
2023-11-13,2.95,2.95,2.98,2.865,37579
2023-11-14,2.98,3.01,3.31,2.93,111905
2023-11-15,3.06,3.28,3.39,3.06,110607
2023-11-16,3.2,3.01,3.24,2.99,30573
2023-11-17,3.02,3.15,3.175,3.02,28583
2023-11-20,3.22,3.17,3.26,3.014,53854
2023-11-21,3.11,3.02,3.17,3.01,25824
2023-11-22,3.06,3.05,3.1717,3.0,20625
2023-11-24,3.0,3.0,3.04,2.99,13229
2023-11-27,3.03,2.99,3.03,2.9304,34466
2023-11-28,2.9613,2.87,2.99,2.87,33856
2023-11-29,2.83,2.79,3.04,2.79,59154
2023-11-30,2.79,2.86,2.8928,2.79,30489
2023-12-01,2.8419,2.8,2.93,2.77,72489
2023-12-04,2.8,2.65,2.8812,2.63,57824
2023-12-05,2.69,2.51,2.8135,2.51,87977
2023-12-06,2.75,2.59,2.75,2.51,86988
2023-12-07,2.51,2.54,2.63,2.3657,76243
2023-12-08,2.5,2.41,2.5399,2.38,58285
2023-12-11,2.53,2.48,2.53,2.36,31850
2023-12-12,2.45,2.44,2.45,2.38,27745
2023-12-13,2.5,2.57,2.665,2.41,54966
2023-12-14,2.74,2.64,2.74,2.55,62946
2023-12-15,2.75,2.77,2.83,2.6511,65515
2023-12-18,2.82,2.7,2.82,2.69,22562
2023-12-19,2.69,2.85,2.8899,2.69,38875
2023-12-20,2.87,2.885,2.935,2.78,42877
2023-12-21,2.85,2.78,2.8856,2.7,43643
2023-12-22,2.74,2.74,2.82,2.7049,15787
2023-12-26,2.74,2.76,2.8799,2.7041,42557
2023-12-27,2.82,2.79,2.8284,2.76,28911
2023-12-28,2.78,3.07,3.1998,2.78,125818
2023-12-29,3.15,3.26,3.32,3.0309,103218
2024-01-02,3.25,2.9999,3.29,2.9999,76198
2024-01-03,2.98,2.83,2.98,2.78,66190
2024-01-04,2.8,2.82,2.87,2.73,44643
2024-01-05,2.79,2.92,2.9599,2.79,32566
2024-01-08,2.97,2.89,2.99,2.78,65611
2024-01-09,2.84,2.8,2.9299,2.76,39477
2024-01-10,2.79,2.75,2.8556,2.71,58060
2024-01-11,2.79,2.57,2.79,2.51,56099
2024-01-12,2.63,2.56,2.6926,2.52,18905
2024-01-16,2.55,2.64,2.7,2.4201,107675
2024-01-17,3.22,3.19,4.18,3.18,62272516
2024-01-18,3.33,3.89,3.97,3.31,8221076
2024-01-19,4.16,4.89,5.27,4.15,38587688
2024-01-22,5.75,6.71,7.67,5.58,27903935
2024-01-23,5.83,6.84,7.56,5.6,4604491
2024-01-24,6.41,7.4,7.95,6.3001,3099261
2024-01-25,8.16,6.63,8.35,6.5,1678587
2024-01-26,6.7,7.04,7.34,6.54,753985
2024-01-29,6.13,5.92,6.2,5.31,1446976
2024-01-30,5.95,5.38,6.38,5.28,489677
2024-01-31,5.36,4.88,5.8938,4.75,953666
2024-02-01,3.83,4.18,4.33,3.66,2066832
2024-02-02,4.09,4.4,4.52,3.89,500100
2024-02-05,4.33,4.02,4.36,3.75,353336
2024-02-06,4.33,4.66,4.7,4.13,675613
2024-02-07,4.75,4.5,4.87,4.42,293435
2024-02-08,4.52,4.59,4.68,4.3,319861
2024-02-09,4.55,5.01,5.05,4.4,395090
2024-02-12,5.18,4.71,5.35,4.65,381154
2024-02-13,4.67,4.76,4.93,4.42,234174
2024-02-14,4.88,4.35,4.9486,4.28,245733
2024-02-15,4.5,4.69,4.82,4.3019,231122
2024-02-16,4.73,4.39,4.75,4.23,194402
2024-02-20,4.35,4.25,4.36,4.15,131669
2024-02-21,4.21,4.2,4.61,4.09,303412
2024-02-22,4.35,4.17,4.35,4.02,164977
2024-02-23,4.17,3.9,4.2449,3.81,232530
2024-02-26,3.9,4.59,4.72,3.89,700371
2024-02-27,4.57,5.14,5.52,4.57,1085304
2024-02-28,5.14,4.645,5.1995,4.46,803844
2024-02-29,4.85,4.92,5.1399,4.7,729917
2024-03-01,4.92,4.44,4.96,4.28,616589
2024-03-04,4.46,4.6,4.76,4.36,300708
2024-03-05,4.51,4.25,4.51,4.17,359031
2024-03-06,4.37,4.26,4.4099,4.17,231471
2024-03-07,4.35,4.24,4.35,4.04,228996
2024-03-08,4.2,3.88,4.5495,3.78,558411
2024-03-11,3.89,4.09,4.17,3.89,147398
2024-03-12,4.09,3.9,4.09,3.77,276453
2024-03-13,3.9,3.58,3.9599,3.51,488419
2024-03-14,3.66,3.63,3.82,3.5,307731
2024-03-15,3.63,3.71,3.86,3.56,408172
2024-03-18,3.75,3.74,3.86,3.64,121598
2024-03-19,3.73,3.68,3.745,3.6069,51509
2024-03-20,3.71,3.72,3.7664,3.56,86163
2024-03-21,3.77,3.82,3.88,3.69,84558
2024-03-22,3.79,3.53,3.79,3.52,213474
2024-03-25,3.5,3.31,3.5497,3.22,259098
2024-03-26,3.33,3.49,3.54,3.2531,129974
2024-03-27,3.54,3.46,3.57,3.33,130928
2024-03-28,3.44,3.21,3.44,3.2,116598
2024-04-01,3.22,3.02,3.2351,2.8101,392326
2024-04-02,2.99,2.97,3.01,2.8501,97739
2024-04-03,3.05,3.2,3.21,2.95,83619
2024-04-04,3.15,3.32,3.4249,3.07,141036
2024-04-05,3.26,3.29,3.3363,3.22,47204
2024-04-08,3.34,3.27,3.39,3.24,37447
2024-04-09,3.26,3.29,3.3881,3.24,42424
2024-04-10,3.25,3.2,3.2625,3.145,37904
2024-04-11,3.2,3.17,3.2,3.01,36312
2024-04-12,3.17,3.07,3.17,3.02,69599
2024-04-15,3.15,3.05,3.1899,3.01,77699
2024-04-16,3.04,2.92,3.075,2.88,64776
2024-04-17,2.98,2.92,3.0,2.9,40710
2024-04-18,2.897,3.02,3.0299,2.85,76244
2024-04-19,3.01,2.7,3.0117,2.69,127925
2024-04-22,2.77,2.77,2.84,2.71,40782
2024-04-23,2.82,2.91,2.95,2.805,48031
2024-04-24,2.88,2.87,2.92,2.78,26748
2024-04-25,2.8,2.86,2.89,2.67,44460
2024-04-26,2.9,2.91,2.96,2.81,28876
2024-04-29,3.11,3.11,3.11,2.92,84948
2024-04-30,3.1,3.14,3.1769,3.01,34075
2024-05-01,3.2,3.14,3.2,3.03,26247
2024-05-02,3.17,3.11,3.17,3.0501,19916
2024-05-03,3.08,3.12,3.1699,3.04,24961
2024-05-06,3.14,3.02,3.2399,3.0,59587
2024-05-07,3.05,2.87,3.05,2.86,49356
2024-05-08,2.85,2.94,2.98,2.8,57943
2024-05-09,2.93,2.98,3.15,2.8993,83163
2024-05-10,3.14,2.89,3.14,2.85,78056
2024-05-13,2.89,2.987,3.083,2.8,93965
2024-05-14,2.95,2.94,3.0299,2.88,64327
2024-05-15,3.02,3.05,3.05,2.85,93937
2024-05-16,3.01,2.9,3.01,2.88,237115
2024-05-17,2.86,2.85,2.97,2.82,46336
2024-05-20,2.88,2.89,2.94,2.8501,34460
2024-05-21,2.89,3.07,3.15,2.88,135218
2024-05-22,3.02,3.05,3.12,3.02,99824
2024-05-23,3.1,2.93,3.1,2.9001,47366
2024-05-24,2.99,2.98,3.03,2.9,35211
2024-05-28,3.04,2.84,3.05,2.71,140459
2024-05-29,2.91,2.65,2.91,2.62,126245
2024-05-30,2.67,2.78,2.8119,2.67,63768
2024-05-31,2.74,2.89,2.89,2.74,61915
2024-06-03,2.94,2.95,2.95,2.8301,36802
2024-06-04,2.91,2.9,2.91,2.8401,15619
2024-06-05,2.92,2.84,2.92,2.84,29178
2024-06-06,2.75,2.71,2.81,2.59,105800
2024-06-07,2.8,2.63,2.8,2.58,84624
2024-06-10,2.64,2.7,2.72,2.6,39941
2024-06-11,2.73,2.77,2.84,2.69,57227
2024-06-12,2.81,2.68,2.84,2.62,49358
2024-06-13,2.64,2.6999,2.8094,2.6305,32865
2024-06-14,2.65,2.5,2.65,2.35,106789
2024-06-17,2.46,2.39,2.5,2.38,91316
2024-06-18,2.44,1.98,2.45,1.87,379649
2024-06-20,1.98,1.98,2.06,1.95,97711
2024-06-21,1.98,1.815,1.9997,1.74,155496
2024-06-24,1.88,1.77,1.9199,1.7401,61693
2024-06-25,1.75,1.72,1.79,1.72,41821
2024-06-26,1.71,1.73,1.78,1.71,74325
2024-06-27,1.73,1.75,1.82,1.725,88232
2024-06-28,1.71,1.73,1.77,1.7,32732
2024-07-01,1.87,1.69,1.88,1.65,137550
2024-07-02,1.69,1.67,1.7299,1.65,45750
2024-07-03,1.69,1.65,1.69,1.64,32850
2024-07-05,1.64,1.59,1.6787,1.53,77050
2024-07-08,1.56,1.49,1.56,1.4304,109309
2024-07-09,1.44,1.74,1.78,1.44,192897
2024-07-10,1.67,1.61,1.73,1.6,60483
2024-07-11,1.65,2.2,2.43,1.64,3582409
2024-07-12,2.25,2.64,2.84,1.98,1432122
2024-07-15,2.56,2.7,3.05,2.46,539788
2024-07-16,2.7,3.02,3.12,2.6501,339111
2024-07-17,3.0,2.68,3.11,2.6,187854
2024-07-18,2.72,2.43,2.8892,2.318,160224
2024-07-19,2.39,2.47,2.72,2.37,111750
2024-07-22,2.47,2.64,2.6787,2.4314,71064
2024-07-23,2.61,3.16,3.2258,2.6,476930
2024-07-24,3.27,2.79,3.29,2.61,278094
2024-07-25,2.9,3.22,3.78,2.87,868921
2024-07-26,3.47,3.0,3.47,2.8,569752
2024-07-29,3.09,3.01,3.12,2.85,122382
2024-07-30,3.05,2.93,3.0881,2.8501,119496
2024-07-31,2.96,2.95,3.0,2.8657,85363
2024-08-01,2.89,2.89,2.99,2.821,83822
2024-08-02,2.73,3.05,3.1499,2.7,155819
2024-08-05,2.79,2.37,2.79,2.3601,247955
2024-08-06,2.58,2.64,2.6789,2.51,76291
2024-08-07,2.67,2.355,2.67,2.3299,111125
2024-08-08,2.2,2.48,2.49,2.1903,77305
2024-08-09,2.46,2.58,2.58,2.42,43443
2024-08-12,2.58,2.53,2.58,2.4201,54476
