2021-06-24,63.0,72.0,105.3,62.9,538152
2021-06-25,71.4,75.0,84.9,69.2,146030
2021-06-28,69.8,68.9,71.7,63.1,58975
2021-06-29,67.6,79.0,83.899,65.5,52697
2021-06-30,77.5,68.5,89.298,67.1,102731
2021-07-01,68.5,74.6,75.0,68.5,15826
2021-07-02,73.9,80.5,81.5,72.2,19973
2021-07-06,86.6,101.8,120.0,85.1,120904
2021-07-07,102.9,113.0,176.0,102.9,398513
2021-07-08,99.963,113.6,117.5,93.4,64810
2021-07-09,113.8,94.2,120.8,93.501,32260
2021-07-12,96.6,92.0,102.974,90.1,22679
2021-07-13,91.9,89.0,96.2,89.0,13203
2021-07-14,90.1,118.9,144.9,80.16,405575
2021-07-15,118.1,128.7,134.199,115.0,53518
2021-07-16,131.1,153.1,159.799,131.1,145798
2021-07-19,148.4,148.9,162.0,146.1,42720
2021-07-20,149.4,122.0,153.5,110.801,39654
2021-07-21,120.5,122.0,134.654,113.18,5225
2021-07-22,120.7,123.0,123.599,120.3,2676
2021-07-23,120.0,116.2,122.2,110.5,10169
2021-07-26,114.6,111.5,114.6,104.701,5755
2021-07-27,113.5,116.3,120.9,113.5,2406
2021-07-28,120.6,123.0,123.5,113.201,8014
2021-07-29,141.2,143.9,151.0,134.5,18406
2021-07-30,141.2,142.0,145.41,137.735,2952
2021-08-02,140.2,130.7,140.2,125.6,2948
2021-08-03,130.6,132.1,141.2,125.7,10727
2021-08-04,134.4,130.0,138.8,126.1,15765
2021-08-05,129.0,132.0,139.299,123.284,5174
2021-08-06,125.324,128.0,132.95,124.1,6853
2021-08-09,127.5,133.1,136.0,125.0,17958
2021-08-10,132.5,127.5,138.619,127.306,10701
2021-08-11,129.0,123.4,129.5,122.004,14377
2021-08-12,125.25,122.9,127.799,120.3,1650
2021-08-13,124.711,119.5,124.79,116.633,3692
2021-08-16,117.65,102.1,125.2,101.8,10368
2021-08-17,131.1,116.8,135.0,105.0,526511
2021-08-18,113.5,109.1,115.988,109.0,21930
2021-08-19,111.1,108.2,114.6,106.459,5983
2021-08-20,106.1,109.8,112.5,106.1,7313
2021-08-23,109.2,112.5,114.135,108.9,7128
2021-08-24,112.5,103.6,113.3,101.3,11380
2021-08-25,102.4,98.9,103.0,94.7,27482
2021-08-26,96.6,98.2,101.1,94.3,7896
2021-08-27,100.3,107.3,109.1,99.4,10495
2021-08-30,104.5,108.8,110.0,101.8,7354
2021-08-31,108.7,108.304,109.6,103.0,9714
2021-09-01,109.1,105.95,112.0,104.607,6776
2021-09-02,105.8,97.5,105.8,97.5,6549
2021-09-03,97.2,105.2,108.2,96.1,6728
2021-09-07,103.9,106.6,108.9,100.1,8714
2021-09-08,107.5,109.0,109.3,102.5,7544
2021-09-09,108.6,119.0,125.7,102.5,13147
2021-09-10,120.2,114.0,125.3,111.1,5595
2021-09-13,115.8,114.0,118.0,111.9,4225
2021-09-14,112.0,116.3,117.999,110.742,4381
2021-09-15,117.9,108.8,117.9,107.0,6310
2021-09-16,109.6,106.0,114.0,106.0,6623
2021-09-17,107.0,99.1,109.5,97.1,5413
2021-09-20,98.4,101.0,102.8,95.964,4139
2021-09-21,105.0,100.6,111.4,98.8,6424
2021-09-22,102.8,97.8,109.7,96.2,5841
2021-09-23,98.8,95.372,100.0,91.4,4362
2021-09-24,92.8,89.0,94.0,85.4,4763
2021-09-27,87.8,85.9,97.2,85.3,4539
2021-09-28,83.6,81.0,86.25,80.0,1829
2021-09-29,79.4,78.0,85.382,74.5,3862
2021-09-30,76.3,84.7,84.7,72.3,4777
2021-10-01,82.0,77.9,82.0,73.054,1502
2021-10-04,78.1,77.5,79.0,74.001,455
2021-10-05,76.7,73.1,82.7,73.1,1716
2021-10-06,77.5,68.1,77.5,68.1,2119
2021-10-07,70.0,66.8,71.0,61.2,5504
2021-10-08,67.1,65.9,67.1,59.74,2611
2021-10-11,63.7,66.0,69.0,63.7,586
2021-10-12,64.7,62.0,64.7,62.0,1601
2021-10-13,62.9,57.1,63.7,57.1,2050
2021-10-14,57.5,56.2,59.9,55.1,1931
2021-10-15,57.9,60.5,60.7,56.6,1169
2021-10-18,60.9,59.3,60.9,58.1,400
2021-10-19,61.2,68.6,77.3,61.1,26101
2021-10-20,76.304,73.4,97.7,67.5,194706
2021-10-21,71.8,79.8,81.399,70.477,33544
2021-10-22,79.8,78.9,79.8,71.75,10317
2021-10-25,73.9,70.1,78.717,68.0,5815
2021-10-26,74.3,68.2,74.3,68.1,2576
2021-10-27,67.7,61.8,68.1,58.1,11735
2021-10-28,60.001,59.4,60.9,58.05,4984
2021-10-29,59.575,60.0,62.5,59.001,1554
2021-11-01,60.5,66.4,71.0,60.4,19976
2021-11-02,67.0,61.7,69.5,61.7,7988
2021-11-03,63.1,61.8,65.7,61.3,5045
2021-11-04,63.4,64.55,66.8,63.4,1055
2021-11-05,64.1,66.3,68.9,64.1,2033
2021-11-08,66.0,66.0,70.0,66.0,1264
2021-11-09,66.5,62.6,68.6,62.1,2531
2021-11-10,63.8,61.8,64.0,61.8,1036
2021-11-11,64.078,60.0,64.2,57.0,2743
2021-11-12,59.5,60.4,63.699,59.348,1202
2021-11-15,61.0,63.9,67.1,60.6,1445
2021-11-16,62.4,60.5,62.6,59.8,1063
2021-11-17,60.4,58.1,61.5,58.0,1762
2021-11-18,58.6,56.0,58.6,55.302,1505
2021-11-19,56.9,57.5,57.9,50.0,2813
2021-11-22,57.1,52.5,58.058,52.3,2325
2021-11-23,51.6,52.1,52.4,47.1,3240
2021-11-24,52.1,53.1,53.7,51.501,1061
2021-11-26,51.8,51.2,55.0,50.109,1032
2021-11-29,50.4,53.3,53.499,49.59,1438
2021-11-30,51.6,52.5,55.0,49.376,2053
2021-12-01,52.5,50.591,52.5,48.8,1552
2021-12-02,50.0,49.5,50.5,48.101,1381
2021-12-03,50.378,49.85,50.9,45.55,1419
2021-12-06,49.2,49.5,50.8,47.1,1452
2021-12-07,44.98,49.4,51.95,44.98,5248
2021-12-08,49.6,48.6,52.9,48.6,473
2021-12-09,50.3,48.9,50.3,48.05,636
2021-12-10,49.2,47.758,49.2,46.8,1021
2021-12-13,46.5,48.3,48.8,44.6,3899
2021-12-14,48.3,48.518,49.15,48.3,525
2021-12-15,48.207,48.0,48.3,45.101,683
2021-12-16,47.0,47.9,47.9,45.2,840
2021-12-17,47.5,48.0,50.0,47.0,490
2021-12-20,47.2,48.2,49.0,46.6,1369
2021-12-21,48.4,46.442,48.4,44.0,2112
2021-12-22,47.3,45.1,47.9,45.1,609
2021-12-23,47.9,47.2,49.0,46.3,1160
2021-12-27,45.5,46.9,47.45,44.95,1316
2021-12-28,46.3,46.9,46.9,46.0,420
2021-12-29,46.001,45.6,46.5,45.2,585
2021-12-30,46.2,45.4,46.2,44.6,898
2021-12-31,45.433,44.5,46.2,40.1,1393
2022-01-03,44.6,44.5,47.5,41.501,3188
2022-01-04,41.52,43.8,44.25,34.7,2230
2022-01-05,42.4,41.6,43.8,38.4,2928
2022-01-06,37.3,40.0,40.95,37.3,1630
2022-01-07,41.7,40.3,42.0,38.472,1805
2022-01-10,39.3,36.6,39.3,32.6,3743
2022-01-11,37.043,35.1,38.3,32.8,4292
2022-01-12,34.9,36.399,37.699,34.42,2092
2022-01-13,35.3,34.0,35.3,33.3,1984
2022-01-14,34.82,32.468,34.82,30.2,2472
2022-01-18,31.9,31.9,32.0,30.7,413
2022-01-19,30.7,32.5,32.6,30.7,1637
2022-01-20,31.592,32.3,32.8,30.9,631
2022-01-21,32.2,35.2,45.1,32.2,1304251
2022-01-24,27.4,34.7,35.8,26.2,62945
2022-01-25,32.4,34.8,35.0,30.1,11785
2022-01-26,34.6,35.7,37.5,31.5,19712
2022-01-27,37.0,34.2,37.199,33.001,12713
2022-01-28,34.4,32.3,34.8,32.1,3427
2022-01-31,32.3,33.2,35.0,31.0,5496
2022-02-01,33.9,33.1,34.0,32.9,1703
2022-02-02,32.3,33.65,33.8,32.0,44024
2022-02-03,40.2,40.7,43.299,38.1,1160743
2022-02-04,39.6,40.9,43.5,39.5,69074
2022-02-07,41.0,41.2,43.0,40.5,16052
2022-02-08,41.3,39.1,42.2,37.6,27197
2022-02-09,38.8,38.9,40.9,37.2,8316
2022-02-10,38.8,39.4,40.1,38.2,5363
2022-02-11,38.9,39.3,39.9,38.0,4571
2022-02-14,40.2,38.8,40.3,37.5,7692
2022-02-15,39.8,39.1,39.9,38.392,1352
2022-02-16,38.7,38.6,39.1,36.9,4882
2022-02-17,39.2,39.1,40.7,38.4,8142
2022-02-18,39.2,38.6,39.2,37.1,1932
2022-02-22,36.935,38.9,38.9,36.935,720
2022-02-23,38.9,37.9,39.7,37.7,1715
2022-02-24,37.9,37.6,39.2,37.6,1889
2022-02-25,37.6,39.2,39.2,37.5,3299
2022-02-28,39.5,39.1,42.1,38.8,2494
2022-03-01,39.1,40.2,41.7,39.1,1502
2022-03-02,38.803,39.85,40.8,37.601,3278
2022-03-03,38.6,40.0,41.299,35.2,11510
2022-03-04,40.8,47.6,47.6,40.8,22887
2022-03-07,47.3,43.4,48.083,40.98,7687
2022-03-08,42.2,39.4,42.5,37.6,7250
2022-03-09,38.4,38.0,42.0,37.5,2004
2022-03-10,39.575,38.9,45.75,38.2,31767
2022-03-11,41.8,38.3,41.8,37.6,6674
2022-03-14,38.3,35.9,40.0,35.6,10250
2022-03-15,36.155,29.5,36.155,29.0,8903
2022-03-16,31.8,33.0,34.8,31.4,3615
2022-03-17,32.3,35.2,35.7,32.3,2195
2022-03-18,37.3,38.0,40.0,34.8,7695
2022-03-21,38.1,36.0,39.1,35.482,2908
2022-03-22,36.2,36.2,36.2,33.7,3404
2022-03-23,34.95,34.6,35.46,34.6,202
2022-03-24,35.4,37.3,37.994,34.55,2039
2022-03-25,35.031,33.6,35.9,33.102,3392
2022-03-28,38.0,34.0,38.0,33.0,3855
2022-03-29,33.0,35.7,37.0,32.4,2012
2022-03-30,36.2,37.7,38.0,35.1,2522
2022-03-31,36.1,36.1,37.6,36.1,1082
2022-04-01,37.7,33.1,37.7,32.8,5865
2022-04-04,35.1,33.5,36.6,32.701,1139
2022-04-05,34.0,32.2,35.5,32.1,1764
2022-04-06,30.8,31.7,33.216,30.6,991
2022-04-07,32.2,32.4,32.4,31.5,933
2022-04-08,32.0,32.5,32.7,30.9,3829
2022-04-11,31.9,31.7,31.9,31.4,1099
2022-04-12,32.5,30.3,32.5,29.3,7724
2022-04-13,32.0,31.2,32.1,30.6,4253
2022-04-14,31.4,34.75,35.0,30.5,5538
2022-04-18,36.1,31.0,36.1,31.0,360
2022-04-19,31.535,35.3,35.3,31.535,860
2022-04-20,32.95,35.0,35.5,31.8,2398
2022-04-21,37.7,36.75,39.2,35.8,5628
2022-04-22,37.0,36.0,37.8,34.9,4144
2022-04-25,36.0,38.4,38.5,36.0,1878
2022-04-26,40.4,38.9,40.4,36.9,2504
2022-04-27,38.8,45.4,47.0,38.5,4912
2022-04-28,47.9,45.3,51.6,44.2,12208
2022-04-29,44.3,51.6,51.6,44.3,6709
2022-05-02,52.8,56.2,57.762,52.201,6924
2022-05-03,59.6,56.4,59.6,55.208,3332
2022-05-04,54.7,49.4,55.4,43.9,4931
2022-05-05,63.2,52.0,64.69,47.85,156622
2022-05-06,49.1,51.0,52.467,42.3,18202
2022-05-09,50.8,53.4,55.05,47.4,5870
2022-05-10,53.5,50.3,53.5,46.188,2532
2022-05-11,49.4,50.9,54.0,45.9,7107
2022-05-12,49.4,52.9,53.5,48.5,3870
2022-05-13,52.2,50.7,58.4,46.0,11376
2022-05-16,49.6,51.1,52.999,47.011,4929
2022-05-17,50.5,51.1,51.8,48.3,4472
2022-05-18,50.1,49.9,51.114,49.0,1074
2022-05-19,50.0,49.1,51.0,45.799,7528
2022-05-20,52.0,46.2,52.0,45.418,3792
2022-05-23,46.2,45.9,50.2,44.0,7182
2022-05-24,46.1,45.55,48.7,43.3,9684
2022-05-25,44.2,43.3,46.5,43.0,4103
2022-05-26,44.4,47.6,48.3,44.4,2329
2022-05-27,47.5,37.7,47.5,36.1,12032
2022-05-31,37.9,43.2,44.2,37.9,5370
2022-06-01,42.3,40.2,42.843,37.901,6097
2022-06-02,43.1,50.4,53.9,42.0,14948
2022-06-03,50.4,50.8,53.389,48.8,8049
2022-06-06,50.6,45.9,50.6,45.0,13734
2022-06-07,43.0,43.7,47.7,43.0,8455
2022-06-08,40.3,46.7,48.101,40.3,8227
2022-06-09,46.419,43.0,47.996,40.5,16099
2022-06-10,41.0,42.5,43.6,41.0,5399
2022-06-13,41.5,40.2,42.5,39.5,1859
2022-06-14,39.2,40.0,42.5,39.0,6763
2022-06-15,37.7,34.3,39.944,33.3,8220
2022-06-16,38.5,37.0,39.829,36.9,7501
2022-06-17,37.7,28.5,38.0,27.0,31675
2022-06-21,29.7,30.6,31.49,28.5,10159
2022-06-22,29.7,30.0,31.2,29.0,338
2022-06-23,30.0,29.7,31.8,29.7,5182
2022-06-24,30.7,30.6,31.25,29.7,6444
2022-06-27,31.6,31.2,31.9,30.9,132
2022-06-28,30.1,31.2,31.2,28.5,543
2022-06-29,30.0,29.9,31.1,29.3,241
2022-06-30,29.833,27.4,29.833,27.4,822
2022-07-01,25.8,25.3,26.4,22.011,2595
2022-07-05,25.0,23.5,26.9,22.501,2273
2022-07-06,23.6,20.6,26.0,20.55,4252
2022-07-07,22.28,19.7,22.28,19.0,5219
2022-07-08,19.7,19.7,20.3,18.9,3873
2022-07-11,19.1,18.5,20.0,18.5,1682
2022-07-12,20.0,18.6,20.0,17.001,3451
2022-07-13,19.2,17.7,19.4,17.5,3319
2022-07-14,19.2,16.3,19.2,16.1,2207
2022-07-15,16.5,15.7,17.3,15.6,5161
2022-07-18,17.7,15.7,17.7,15.1,4375
2022-07-19,16.2,16.2,17.0,15.8,1481
2022-07-20,16.446,16.5,17.0,16.3,2307
2022-07-21,16.8,16.5,17.0,16.2,1137
2022-07-22,16.2,16.6,17.1,15.7,2144
2022-07-25,16.499,16.3,16.5,16.2,1035
2022-07-26,16.0,15.7,16.333,15.1,3702
2022-07-27,15.575,16.2,16.2,15.5,1274
2022-07-28,16.4,16.9,16.9,15.75,2156
2022-07-29,16.9,17.2,17.8,16.0,3232
2022-08-01,18.5,17.76,18.5,15.873,10425
2022-08-02,17.9,17.7,18.6,16.7,7802
2022-08-03,18.15,19.9,22.1,18.0,9417
2022-08-04,20.5,20.4,20.8,19.1,2650
2022-08-05,20.736,20.6,21.8,20.1,2205
2022-08-08,20.0,21.7,23.174,20.0,7240
2022-08-09,22.0,21.7,22.371,21.058,2194
2022-08-10,22.0,21.2,22.0,21.1,1189
2022-08-11,20.8,21.3,21.9,20.8,980
2022-08-12,20.95,20.0,21.1,20.0,1662
2022-08-15,19.6,20.1,21.741,17.71,1050
2022-08-16,19.625,18.7,20.1,18.6,1190
2022-08-17,19.8,19.4,20.3,18.79,1321
2022-08-18,19.501,20.7,21.1,19.5,5156
2022-08-19,20.8,20.45,22.804,19.8,5410
2022-08-22,21.0,27.7,43.0,20.956,600867
2022-08-23,24.1,26.0,31.9,22.6,145531
2022-08-24,25.1,24.9,25.756,23.4,8927
2022-08-25,25.711,24.7,26.5,24.401,10704
2022-08-26,24.0,20.0,25.0,18.701,17494
2022-08-29,20.899,20.8,23.5,19.513,10554
2022-08-30,22.1,20.5,22.1,20.076,2718
2022-08-31,21.1,21.3,22.7,20.4,11435
2022-09-01,21.2,20.7,24.4,19.6,39176
2022-09-02,19.6,19.5,20.9,19.0,11844
2022-09-06,18.5,18.1,20.0,17.9,10600
2022-09-07,18.1,18.6,19.3,17.75,10396
2022-09-08,18.0,18.25,19.4,17.0,11305
2022-09-09,18.2,19.0,19.4,16.5,10424
2022-09-12,20.6,19.5,20.6,18.2,9082
2022-09-13,19.2,19.0,19.844,17.9,8313
2022-09-14,19.6,21.5,21.947,19.6,9320
2022-09-15,20.8,21.3,21.8,20.8,8781
2022-09-16,20.5,20.7,22.582,19.046,5482
2022-09-19,21.501,21.3,22.0,20.5,5068
2022-09-20,20.7,20.9,22.1,19.0,4707
2022-09-21,21.609,20.2,21.609,19.7,3090
2022-09-22,19.7,18.9,20.1,18.3,5504
2022-09-23,19.0,20.6,21.8,18.9,5999
2022-09-26,23.1,21.3,23.1,20.0,2573
2022-09-27,21.681,21.6,22.0,21.2,2412
2022-09-28,21.9,22.0,22.4,20.5,2510
2022-09-29,21.601,21.5,22.11,21.0,2461
2022-09-30,20.901,21.625,22.443,20.901,3114
2022-10-03,22.399,22.6,23.2,22.0,5058
2022-10-04,23.0,22.9,23.005,22.601,1969
2022-10-05,22.4,22.2,22.65,21.6,1676
2022-10-06,21.3,21.3,22.1,21.1,2009
2022-10-07,20.6,19.7,21.5,19.5,5752
2022-10-10,19.4,18.2,19.4,18.0,6412
2022-10-11,18.4,19.5,21.0,18.2,4182
2022-10-12,19.4,18.4,19.4,18.1,1652
2022-10-13,18.3,18.1,20.0,17.8,2104
2022-10-14,19.269,18.5,20.15,18.5,4382
2022-10-17,20.837,17.4,20.837,16.6,1146
2022-10-18,18.0,17.8,18.7,17.8,1026
2022-10-19,19.315,17.2,19.315,15.5,2865
2022-10-20,17.0,17.0,17.1,16.9,407
2022-10-21,16.6,16.8,17.191,16.6,854
2022-10-24,16.5,15.5,16.5,15.15,1847
2022-10-25,15.2,15.9,16.4,15.0,2526
2022-10-26,15.3,14.7,16.5,14.7,3231
2022-10-27,15.5,14.7,15.701,14.4,2195
2022-10-28,14.7,14.6,15.141,14.6,1931
2022-10-31,15.6,14.0,16.068,12.35,2699
2022-11-01,15.5,13.4,15.5,13.245,1043
2022-11-02,13.501,12.9,13.9,12.55,3341
2022-11-03,12.1,13.7,14.0,12.1,528
2022-11-04,13.3,13.301,14.8,12.7,3938
2022-11-07,13.8,12.5,16.2,12.0,8616
2022-11-08,12.8,12.2,13.9,11.35,5284
2022-11-09,12.4,12.65,13.25,12.4,3608
2022-11-10,13.299,12.1,13.4,11.5,3468
2022-11-11,12.0,12.1,13.0,11.7,6114
2022-11-14,12.3,11.738,12.8,11.6,3819
2022-11-15,11.8,11.2,12.4,11.1,3672
2022-11-16,12.05,10.6,12.4,10.5,4378
2022-11-17,11.9,10.9,12.0,10.001,5645
2022-11-18,10.7,9.703,10.9,9.31,9156
2022-11-21,10.4,9.5985,10.994,9.3,4993
2022-11-22,10.0,11.2,11.5,9.402,8826
2022-11-23,10.9,11.1,12.562,9.651,27044
2022-11-25,11.5,12.104,12.5,11.201,4232
2022-11-28,13.3,11.8,16.0,10.8,88157
2022-11-29,11.8,10.3,12.013,10.2,12663
2022-11-30,10.3,9.7,11.324,9.6,9955
2022-12-01,10.3,10.3,10.799,9.9,3169
2022-12-02,10.3,10.4,10.95,10.3,5288
2022-12-05,11.0,10.7,11.0,10.1,2269
2022-12-06,10.4,10.455,11.25,10.3,1473
2022-12-07,11.3,10.6,11.3,10.3,1832
2022-12-08,10.601,10.0,10.7,10.0,2877
2022-12-09,10.2,10.915,11.427,10.2,5101
2022-12-12,11.3,10.8,11.3,10.6,460
2022-12-13,10.826,10.9,11.373,10.826,3055
2022-12-14,11.082,10.5,11.1,10.5,792
2022-12-15,10.6,10.4,10.6,10.4,930
2022-12-16,10.6,11.0,11.399,10.5,2544
2022-12-19,11.033,10.6,11.4,10.6,2964
2022-12-20,10.3,10.4,10.627,10.1,2154
2022-12-21,10.101,10.0,10.8,10.0,1805
2022-12-22,10.7,10.0,10.7,9.5,3748
2022-12-23,10.1,10.14,10.7,9.9,733
2022-12-27,10.001,10.312,10.5,10.001,600
2022-12-28,10.0,9.6,10.099,9.5,1104
2022-12-29,9.85,9.852,10.005,9.6,1118
2022-12-30,10.0,10.573,10.6,9.801,1528
2023-01-03,11.2,11.2,11.46,10.736,870
2023-01-04,11.4,11.6,11.877,11.128,1548
2023-01-05,11.5,12.1,13.0,11.5,6214
2023-01-06,12.3,13.4,13.499,12.3,6417
2023-01-09,13.485,12.7,14.7,12.5,5049
2023-01-10,12.827,12.5,13.2,12.5,3382
2023-01-11,12.6,13.0,13.2,12.6,1258
2023-01-12,13.15,13.6,13.8,12.858,2426
2023-01-13,13.5,14.0,14.4,12.95,2241
2023-01-17,13.3,14.9,15.597,13.3,2987
2023-01-18,15.101,14.8,15.366,13.7,3086
2023-01-19,14.2,14.31,14.986,13.4,2726
2023-01-20,14.201,14.6,15.4,14.2,3237
2023-01-23,14.0,11.7,14.6,10.8,17750
2023-01-24,12.0,11.5,12.8,11.1,7627
2023-01-25,11.5,12.2,12.464,11.5,4398
2023-01-26,12.2,11.7,12.4,11.7,3869
2023-01-27,12.8,11.7,12.8,11.6,1620
2023-01-30,13.3,13.8,15.4,13.0,21998
2023-01-31,14.5,12.999,14.5,12.6,5843
2023-02-01,12.7,13.0,13.51,12.7,3754
2023-02-02,13.5,13.0,14.0,13.0,1492
2023-02-03,12.9,13.1,13.1,12.6,1667
2023-02-06,12.6,12.6,13.5,12.4,1030
2023-02-07,12.3,12.4,12.9,12.2,896
2023-02-08,12.3,12.87,13.6,12.1,679
2023-02-09,13.1,12.1,13.1,12.1,499
2023-02-10,14.1,12.6,15.4,11.1,16188
2023-02-13,12.756,13.1,13.1,12.6,1241
2023-02-14,13.7,12.4,13.7,12.0,2021
2023-02-15,12.3,12.55,13.0,12.3,447
2023-02-16,12.6,13.1,13.1,12.2,869
2023-02-17,13.7,15.514,15.6,12.213,15044
2023-02-21,15.4,18.7,18.7,15.2,15298
2023-02-22,18.0,22.5,23.399,17.5,29846
2023-02-23,22.1,22.0,24.0,19.9,10249
2023-02-24,21.2,20.7,24.45,19.5,8556
2023-02-27,19.9,22.0,23.6,18.4,10100
2023-02-28,22.4,24.5,24.7,21.75,10705
2023-03-01,25.0,25.2,25.7,23.613,6849
2023-03-02,24.7,25.5,25.6,23.0,8875
2023-03-03,23.1,24.3,25.8,23.1,3606
2023-03-06,24.3,21.8,24.3,20.0,13161
2023-03-07,20.9,20.3,23.3,17.802,43611
2023-03-08,19.7,20.0,20.9,18.2,2959
2023-03-09,19.9,14.1,20.6,13.501,45540
2023-03-10,14.5,15.6,16.4,13.9,4340
2023-03-13,15.6,16.1,16.6,15.3,2896
2023-03-14,16.1,17.3,17.6,15.4,3265
2023-03-15,17.8,16.6,17.8,15.3,5490
2023-03-16,16.25,16.8,16.9,15.862,1024
2023-03-17,16.101,15.1,17.2,14.001,19632
2023-03-20,16.2,14.6,16.632,14.3,10009
2023-03-21,15.2,14.2,15.779,14.0,5833
2023-03-22,13.8,12.8,14.4,12.6,9477
2023-03-23,12.3,12.1,13.0,11.8,10958
2023-03-24,12.0,12.5,12.6,11.734,9372
2023-03-27,12.5,13.7,15.8,12.3,16304
2023-03-28,13.3,14.8,14.95,13.3,2071
2023-03-29,15.18,14.8,15.2,13.6,3010
2023-03-30,14.8,15.4,15.9,14.0,2962
2023-03-31,15.8,14.2,16.4,13.312,5616
2023-04-03,14.5,14.495,14.6,13.95,1747
2023-04-04,14.096,13.5,14.1,13.1,4341
2023-04-05,13.8,14.5,14.6,13.6,2201
2023-04-06,13.1,13.3,14.4,11.3,17165
2023-04-10,12.5,13.4,14.6,12.5,2641
2023-04-11,13.9,14.2,14.3,13.7,1458
2023-04-12,14.0,14.1,14.296,13.9,985
2023-04-13,14.092,14.4,15.1,14.05,1933
2023-04-14,14.5,14.8,15.2,14.5,214
2023-04-17,15.6,13.4,15.6,9.9,91352
2023-04-18,12.8,12.752,13.88,10.34,19694
2023-04-19,13.3,11.8,13.3,11.0,22223
2023-04-20,11.8,11.9,12.1,11.6,1619
2023-04-21,12.5,11.7,12.5,11.146,4772
2023-04-24,11.5,12.1,12.449,11.45,31167
2023-04-25,11.6,11.5,11.821,11.5,1767
2023-04-26,11.6,11.439,11.7,10.8,15145
2023-04-27,11.1,10.1,11.3,10.0,18382
2023-04-28,10.1,9.6,10.3,9.508,32471
2023-05-01,9.8,8.6,11.0,7.903,71587
2023-05-02,8.75,8.05,9.499,7.014,63661
2023-05-03,7.78,7.902,8.399,7.4,34915
2023-05-04,7.805,6.95,7.805,6.8,85202
2023-05-05,6.8,6.0,6.8,5.522,113213
2023-05-08,5.5,5.79901,6.197,5.163,129242
2023-05-09,5.8,6.3,6.394,5.611,169785
2023-05-10,6.5,6.2,6.5,6.012,64466
2023-05-11,5.888,5.69699,6.1,5.555,60330
2023-05-12,5.7,5.7,5.896,5.56,26704
2023-05-15,5.722,6.303,6.688,5.722,79333
2023-05-16,6.686,6.499,6.7,6.10201,44234
2023-05-17,6.554,6.5,6.554,6.3,32959
2023-05-18,6.5,6.611,7.19999,6.5,55402
2023-05-19,7.0,6.993,7.292,6.7,42870
2023-05-22,6.9,6.85,7.077,6.61,19519
2023-05-23,6.62,6.424,6.74899,6.157,25012
2023-05-24,6.35201,6.501,6.9,6.2,22260
2023-05-25,6.8,6.58,7.3,6.502,63458
2023-05-26,6.6,6.98,8.0,6.3,64249
