2019-08-14,180.0,150.0,180.0,123.0,1455
2019-08-15,135.0,134.091,149.7,133.5,2459
2019-08-16,130.8,135.0,144.831,130.8,3221
2019-08-19,131.4,136.5,140.1,131.4,3741
2019-08-20,136.2,132.0,141.0,132.0,3863
2019-08-21,131.1,136.2,141.291,131.1,4340
2019-08-22,135.9,136.5,141.0,135.6,4020
2019-08-23,140.7,134.1,140.7,129.0,3963
2019-08-26,133.5,134.1,135.6,125.4,3927
2019-08-27,132.0,141.3,146.4,131.7,4061
2019-08-28,140.4,138.9,149.67,132.0,3002
2019-08-29,134.1,142.5,142.56,134.1,3990
2019-08-30,138.0,145.5,148.977,135.6,3477
2019-09-03,144.0,148.5,150.0,138.0,4522
2019-09-04,147.0,141.0,147.0,135.6,3446
2019-09-05,139.5,141.6,143.4,124.35,2837
2019-09-06,139.5,146.286,147.0,135.3,4109
2019-09-09,138.3,144.0,146.1,132.258,3468
2019-09-10,141.3,138.0,142.5,127.8,3483
2019-09-11,139.146,132.0,140.7,131.4,2702
2019-09-12,131.1,132.0,132.6,126.63,3106
2019-09-13,129.3,133.8,134.1,127.2,4094
2019-09-16,133.8,141.9,142.5,133.8,3838
2019-09-17,138.3,143.7,144.0,134.1,3117
2019-09-18,141.0,148.2,148.8,140.4,4411
2019-09-19,147.0,143.4,147.0,141.9,2513
2019-09-20,142.2,147.0,147.0,138.0,3066
2019-09-23,142.581,144.3,144.3,141.6,3061
2019-09-24,141.75,144.6,147.0,141.6,3221
2019-09-25,144.0,147.3,150.0,142.5,3574
2019-09-26,146.4,140.1,149.7,137.1,2941
2019-09-27,141.0,136.5,141.6,136.5,2297
2019-09-30,140.1,139.2,141.0,138.0,3272
2019-10-01,138.3,141.6,141.6,135.0,3801
2019-10-02,138.0,136.5,142.2,129.0,2697
2019-10-03,131.4,131.1,136.5,131.1,2777
2019-10-04,130.8,134.7,139.2,130.8,3250
2019-10-07,133.8,133.2,135.3,132.9,3190
2019-10-08,133.2,124.5,133.2,124.5,3438
2019-10-09,126.9,127.5,129.3,124.8,3223
2019-10-10,126.681,132.3,132.3,126.0,3048
2019-10-11,127.5,124.5,127.8,124.5,3636
2019-10-14,122.7,132.6,133.5,120.15,1334
2019-10-15,131.7,132.9,136.5,130.05,2811
2019-10-16,132.0,132.0,136.2,129.0,1913
2019-10-17,136.2,133.5,146.4,133.5,2381
2019-10-18,135.0,130.5,147.0,126.0,3656
2019-10-21,132.0,132.0,138.0,132.0,2299
2019-10-22,130.8,135.0,142.5,130.8,3916
2019-10-23,136.323,135.0,143.1,135.0,2487
2019-10-24,136.5,136.2,140.7,135.75,2265
2019-10-25,135.0,129.3,138.3,129.3,5178
2019-10-28,129.9,132.9,135.897,129.9,1798
2019-10-29,132.3,130.5,134.997,128.7,3784
2019-10-30,129.9,135.0,135.0,129.9,1380
2019-10-31,133.5,132.6,135.0,130.2,3462
2019-11-01,132.3,130.2,138.0,130.2,3402
2019-11-04,130.5,128.1,136.05,128.1,2095
2019-11-05,128.7,132.6,133.5,126.9,5601
2019-11-06,132.9,132.9,133.5,128.4,2472
2019-11-07,130.5,128.4,134.7,127.65,2266
2019-11-08,131.7,125.4,133.197,125.4,3821
2019-11-11,124.53,128.7,130.797,124.5,1437
2019-11-12,126.222,123.3,130.5,123.0,1812
2019-11-13,126.9,122.4,128.4,121.5,1822
2019-11-14,126.0,123.3,128.4,123.3,523
2019-11-15,124.5,125.097,126.0,121.23,510
2019-11-18,126.0,122.4,130.35,121.515,1131
2019-11-19,124.8,126.9,127.2,122.4,1293
2019-11-20,126.9,123.6,127.5,123.0,1230
2019-11-21,124.8,126.519,126.636,124.2,1240
2019-11-22,127.5,126.15,127.5,123.75,1109
2019-11-25,126.0,124.2,126.9,123.75,838
2019-11-26,125.1,122.4,126.6,120.3,539
2019-11-27,125.7,122.7,126.0,122.7,430
2019-11-29,124.5,123.0,126.6,121.47,591
2019-12-02,124.2,116.928,124.2,105.3,2363
2019-12-03,115.8,119.7,121.5,114.0,2064
2019-12-04,119.7,120.9,121.2,115.2,1680
2019-12-05,120.6,120.6,122.319,117.9,1314
2019-12-06,118.515,121.2,121.5,117.9,1218
2019-12-09,121.2,118.8,121.719,117.0,2031
2019-12-10,119.7,120.0,120.0,117.9,1922
2019-12-11,119.7,120.0,120.0,117.0,1757
2019-12-12,117.6,118.5,120.0,117.0,1710
2019-12-13,117.6,116.7,119.7,116.7,1833
2019-12-16,116.55,125.1,128.4,116.55,2509
2019-12-17,125.1,123.0,126.6,121.5,2145
2019-12-18,124.5,122.4,126.0,121.5,1772
2019-12-19,123.0,123.9,124.2,120.6,1709
2019-12-20,122.1,125.85,125.85,120.3,2841
2019-12-23,124.5,123.3,125.85,121.5,2002
2019-12-24,123.0,121.8,124.5,121.5,1904
2019-12-26,122.4,121.5,124.5,121.5,2303
2019-12-27,122.7,121.8,125.85,119.4,2781
2019-12-30,121.5,117.0,122.85,117.0,2160
2019-12-31,120.0,117.0,120.6,117.0,2161
2020-01-02,117.6,118.5,120.0,115.5,2184
2020-01-03,117.9,114.0,120.894,114.0,1952
2020-01-06,114.9,115.2,119.4,111.6,2393
2020-01-07,117.9,111.6,118.8,110.4,2161
2020-01-08,114.0,116.085,117.297,112.2,2114
2020-01-09,115.719,117.9,117.9,111.9,2309
2020-01-10,117.0,116.7,117.0,112.2,3279
2020-01-13,115.8,114.9,116.4,112.2,3331
2020-01-14,114.3,119.1,119.997,112.5,3324
2020-01-15,116.1,120.0,122.4,115.5,4632
2020-01-16,120.0,122.4,124.2,120.0,3871
2020-01-17,123.3,123.9,126.6,123.3,3362
2020-01-21,123.9,126.0,128.4,123.75,3841
2020-01-22,126.0,119.1,126.0,119.1,4120
2020-01-23,120.6,116.4,123.6,115.8,3494
2020-01-24,118.251,112.5,118.356,112.5,3840
2020-01-27,113.7,109.8,114.6,109.8,4082
2020-01-28,112.5,115.5,117.0,111.0,3111
2020-01-29,114.3,111.0,116.4,108.9,3747
2020-01-30,114.0,108.0,114.9,105.0,3342
2020-01-31,108.6,111.9,112.2,104.7,4892
2020-02-03,111.0,109.5,113.7,104.7,4339
2020-02-04,109.5,111.3,111.6,107.4,4726
2020-02-05,110.4,109.8,112.2,108.6,4144
2020-02-06,138.0,87.9,142.197,79.8,37950
2020-02-07,81.9,85.8,85.8,78.0,3542
2020-02-10,83.7,84.6,86.7,78.3,4052
2020-02-11,83.1,78.0,83.1,75.9,2522
2020-02-12,78.0,75.0,78.3,71.7,1790
2020-02-13,75.0,78.0,78.9,72.36,1275
2020-02-14,78.0,80.277,80.7,74.4,3189
2020-02-18,81.0,79.5,83.1,75.0,1008
2020-02-19,77.4,81.3,81.3,76.5,1753
2020-02-20,81.0,77.4,81.0,76.2,619
2020-02-21,79.5,92.1,94.8,78.9,9776
2020-02-24,91.8,106.2,106.8,83.1,15197
2020-02-25,106.5,84.0,111.3,84.0,3654
2020-02-26,83.7,87.45,91.5,83.4,5102
2020-02-27,90.6,77.1,93.273,74.4,4728
2020-02-28,77.1,65.7,80.097,65.1,3680
2020-03-02,67.5,75.9,77.7,63.903,2701
2020-03-03,69.0,75.0,76.8,66.0,2991
2020-03-04,76.5,69.9,76.5,69.462,2262
2020-03-05,69.36,69.9,73.2,64.8,2535
2020-03-06,69.3,71.7,74.7,69.0,1709
2020-03-09,69.0,69.9,72.9,65.7,1808
2020-03-10,66.9,68.7,75.0,65.7,4491
2020-03-11,62.7,70.5,72.0,62.7,1926
2020-03-12,67.5,45.0,67.5,39.0,4412
2020-03-13,43.707,43.8,51.6,41.4,2355
2020-03-16,42.0,45.792,48.3,39.9,3223
2020-03-17,50.1,42.3,53.628,42.0,4544
2020-03-18,46.2,46.8,62.4,42.0,19508
2020-03-19,43.5,45.0,47.034,39.603,3819
2020-03-20,46.5,39.3,46.5,36.6,2098
2020-03-23,33.3,41.4,41.4,33.3,1201
2020-03-24,41.4,42.603,43.5,39.0,1136
2020-03-25,43.2,52.5,60.0,37.02,13789
2020-03-26,57.9,64.8,118.8,57.15,48940
2020-03-27,83.4,54.0,83.4,54.3,5637
2020-03-30,51.0,48.6,51.402,44.7,4162
2020-03-31,53.4,55.8,61.2,51.0,5687
2020-04-01,61.5,57.3,62.4,56.4,3405
2020-04-02,55.8,55.2,59.1,51.75,1284
2020-04-03,66.0,53.1,75.9,48.0,56584
2020-04-06,51.6,49.5,52.5,45.0,4935
2020-04-07,48.0,51.0,51.0,45.3,2950
2020-04-08,51.0,49.8,54.6,49.2,5027
2020-04-09,51.6,53.4,54.0,50.103,2149
2020-04-13,54.0,53.1,54.0,49.8,1494
2020-04-14,53.7,54.9,54.9,51.297,2464
2020-04-15,55.2,55.2,57.6,52.5,6535
2020-04-16,54.0,54.6,55.2,52.8,2075
2020-04-17,55.8,55.5,57.3,53.4,3600
2020-04-20,55.2,55.5,55.89,52.5,1272
2020-04-21,54.9,54.3,55.8,53.1,1778
2020-04-22,60.0,57.45,64.2,54.6,11732
2020-04-23,57.3,55.8,57.3,54.0,2490
2020-04-24,54.3,55.5,56.625,52.5,2974
2020-04-27,55.5,51.6,55.797,51.6,3347
2020-04-28,52.8,53.7,54.9,52.5,683
2020-04-29,55.2,54.75,55.2,52.683,2764
2020-04-30,54.0,52.587,54.0,51.9,2024
2020-05-01,55.5,53.991,56.4,52.5,6468
2020-05-04,54.6,51.255,54.603,51.0,3577
2020-05-05,53.1,50.4,53.1,50.4,2792
2020-05-06,51.6,53.682,54.6,51.6,3133
2020-05-07,51.9,52.497,54.6,51.6,3852
2020-05-08,51.9,51.6,54.3,51.3,2892
2020-05-11,51.3,53.1,53.7,51.0,3873
2020-05-12,53.7,56.1,62.7,53.397,33667
2020-05-13,69.0,67.5,75.0,60.3,45718
2020-05-14,67.2,61.5,67.5,60.0,14141
2020-05-15,60.6,59.4,61.8,55.803,12400
2020-05-18,59.7,57.6,62.157,57.45,5530
2020-05-19,57.6,55.8,59.1,55.5,5725
2020-05-20,56.4,52.5,57.0,51.423,8760
2020-05-21,51.3,52.8,53.61,51.0,3508
2020-05-22,52.5,50.7,52.8,50.1,3868
2020-05-26,53.4,50.991,53.4,50.7,3584
2020-05-27,50.4,51.3,62.7,50.103,20216
2020-05-28,51.3,48.891,51.3,48.0,8594
2020-05-29,48.3,45.3,48.45,43.5,5174
2020-06-01,45.6,47.1,47.7,45.3,3227
2020-06-02,47.1,45.0,47.7,44.4,2659
2020-06-03,46.5,45.891,47.1,45.3,3530
2020-06-04,45.6,45.0,46.2,44.4,4869
2020-06-05,45.0,44.4,45.3,43.881,4513
2020-06-08,44.1,45.0,45.6,40.8,5724
2020-06-09,45.0,43.95,45.597,42.303,3351
2020-06-10,44.4,46.5,49.5,43.5,36776
2020-06-11,46.8,43.2,46.8,41.703,36369
2020-06-12,46.5,45.0,57.0,43.8,99118
2020-06-15,43.8,44.7,46.5,42.6,17097
2020-06-16,45.9,50.1,53.1,44.1,97090
2020-06-17,47.1,46.5,49.5,44.7,32479
2020-06-18,48.3,51.6,59.097,45.6,135595
2020-06-19,51.6,51.0,52.2,48.0,42300
2020-06-22,50.1,48.9,50.7,48.6,9583
2020-06-23,47.7,46.8,49.5,45.6,20501
2020-06-24,45.6,46.2,47.4,45.3,9950
2020-06-25,46.5,45.6,46.5,45.0,7159
2020-06-26,45.0,43.8,46.2,43.5,7242
2020-06-29,43.5,42.9,44.397,42.6,6737
2020-06-30,42.9,39.0,44.145,39.0,13015
2020-07-01,39.6,40.5,41.7,39.51,3411
2020-07-02,40.5,39.3,40.95,38.4,4520
2020-07-06,39.6,42.0,42.3,39.6,7815
2020-07-07,41.7,39.9,42.0,39.6,5385
2020-07-08,39.6,40.2,41.37,39.0,4833
2020-07-09,40.5,39.9,41.4,39.3,3071
2020-07-10,39.9,41.7,43.23,39.0,45943
2020-07-13,41.4,41.1,41.4,39.9,10029
2020-07-14,40.5,39.0,41.1,37.5,7239
2020-07-15,39.0,40.95,41.7,39.0,33727
2020-07-16,40.5,40.5,42.9,39.9,28994
2020-07-17,40.5,40.2,41.7,39.0,17973
2020-07-20,39.6,40.2,40.8,39.6,6443
2020-07-21,40.2,39.9,40.5,39.522,6471
2020-07-22,39.6,39.9,42.9,37.8,27259
2020-07-23,39.0,39.3,40.713,38.4,15358
2020-07-24,39.0,39.0,39.495,38.43,5056
2020-07-27,39.3,37.8,40.5,37.8,13241
2020-07-28,39.0,37.8,39.0,36.9,6014
2020-07-29,37.8,38.1,39.291,37.8,6823
2020-07-30,38.1,37.8,38.7,35.4,23058
2020-07-31,37.8,36.3,37.8,35.7,6504
2020-08-03,37.2,34.95,37.2,33.3,19152
2020-08-04,35.7,36.3,36.6,34.503,5906
2020-08-05,36.9,35.67,36.9,35.1,5884
2020-08-06,35.7,34.803,36.3,34.35,6644
2020-08-07,34.5,34.8,35.7,34.5,2251
2020-08-10,34.5,36.0,36.15,34.5,9383
2020-08-11,36.0,35.589,37.05,35.1,9359
2020-08-12,35.4,35.4,36.0,35.4,3385
2020-08-13,36.9,37.8,41.7,36.0,101000
2020-08-14,37.5,36.9,39.6,36.0,55181
2020-08-17,36.9,34.797,37.2,33.9,21534
2020-08-18,34.2,34.2,35.1,33.3,11168
2020-08-19,33.9,32.7,35.1,31.2,29038
2020-08-20,31.5,31.8,33.084,31.5,7331
2020-08-21,32.1,32.4,33.6,31.8,5119
2020-08-24,32.4,31.8,33.0,31.2,6677
2020-08-25,31.5,32.1,32.1,30.3,5667
2020-08-26,35.1,32.4,43.5,31.8,619276
2020-08-27,33.3,33.6,35.1,32.4,57610
2020-08-28,33.0,32.1,33.0,31.8,21273
2020-08-31,32.1,31.2,32.7,30.6,23057
2020-09-01,30.9,30.0,31.218,28.725,26278
2020-09-02,30.3,27.9,30.75,27.3,13181
2020-09-03,27.9,24.756,28.48935,24.37203,20208
2020-09-04,24.3,24.0,26.697,22.53,8317
2020-09-08,24.0,22.821,24.0,21.306,5796
2020-09-09,22.2,22.05,23.34,21.9,7252
2020-09-10,21.6,22.206,24.003,21.30303,10337
2020-09-11,22.698,22.644,23.619,21.90603,9671
2020-09-14,23.1,25.017,25.35,22.86,14525
2020-09-15,25.8,22.785,26.55,21.849,29517
2020-09-16,28.8,23.4,30.6,22.215,409143
2020-09-17,22.2,22.29,22.5,21.606,51040
2020-09-18,21.9,21.9,22.2,21.45303,25331
2020-09-21,21.6,21.216,21.9,20.5803,16948
2020-09-22,21.243,21.6,21.75,20.43,10459
2020-09-23,21.9,20.706,22.05,20.4,7598
2020-09-24,20.7,19.929,20.7,18.6,13145
2020-09-25,20.232,19.956,20.4,19.503,5732
2020-09-28,20.4,20.7,20.73,19.503,6376
2020-09-29,20.7,21.3,21.597,20.25,6924
2020-09-30,21.594,20.703,21.594,20.433,7090
2020-10-01,21.342,20.55,21.342,20.367,3430
2020-10-02,20.106,21.0,21.0,20.106,3790
2020-10-05,21.081,21.15,21.3,20.4,7592
2020-10-06,21.0,21.897,22.053,21.0,7721
2020-10-07,21.867,20.94,22.05,20.31,7439
2020-10-08,20.85,21.147,21.6,20.52,4473
2020-10-09,21.528,21.471,21.9,20.484,8830
2020-10-12,22.2,21.3,22.2,21.0,6455
2020-10-13,21.408,21.0,21.9,20.73,4651
2020-10-14,20.73,21.897,21.897,20.496,12044
2020-10-15,22.2,26.1,26.10585,21.12,119438
2020-10-16,24.15,22.8,25.689,22.2,39798
2020-10-19,22.2,24.0,25.329,22.2,35188
2020-10-20,25.08,25.8,27.6,23.475,104781
2020-10-21,38.4,34.8,45.0,30.6,3092513
2020-10-22,28.8,33.0,34.2,27.3,212701
2020-10-23,30.6,31.5,32.1,28.5,57809
2020-10-26,30.6,30.9,33.0,30.3,48242
2020-10-27,30.9,29.652,31.8,28.5033,44893
2020-10-28,28.503,26.1,29.4,25.932,39776
2020-10-29,26.4,26.913,28.5,24.3,50881
2020-10-30,26.217,27.3,27.3,25.5,18491
2020-11-02,26.925,25.8,27.846,25.2,19192
2020-11-03,25.848,26.04,27.33,25.503,14368
2020-11-04,25.974,25.497,26.715,24.9,10991
2020-11-05,25.89,23.622,26.346,22.5,53798
2020-11-06,24.24,23.7,24.285,23.4,13897
2020-11-09,24.0,24.669,25.49697,23.7,19727
2020-11-10,25.2,25.05,25.2,23.4,14441
2020-11-11,24.93,24.888,26.28,24.003,20664
2020-11-12,24.9,24.0,24.9,23.49,12650
2020-11-13,24.45,23.73,24.9,23.589,10949
2020-11-16,23.79,24.87,24.9,23.79,14891
2020-11-17,25.2,24.132,25.2,23.7,8901
2020-11-18,24.255,23.34,24.55482,22.806,17918
2020-11-19,22.8,21.966,23.091,21.906,23147
2020-11-20,22.587,22.5,22.587,21.636,11657
2020-11-23,22.971,22.236,22.971,21.636,11539
2020-11-24,22.5,26.4,27.297,22.356,41132
2020-11-25,25.8,24.9,27.114,24.39,28198
2020-11-27,24.9,25.101,26.1,24.61803,10414
2020-11-30,25.5,25.5,25.8,23.4,15698
2020-12-01,24.9,25.791,26.7,23.55,47654
2020-12-02,24.9,25.32,25.665,24.264,16756
2020-12-03,24.561,24.9,25.122,24.003,14207
2020-12-04,24.9,25.362,26.69097,24.3,24457
2020-12-07,24.879,24.66,25.434,24.3,11370
2020-12-08,24.6,24.15,24.711,24.03,8075
2020-12-09,24.0,22.863,24.57,22.53,13087
2020-12-10,23.481,26.301,27.0,23.481,57410
2020-12-11,25.5,25.35,31.2,24.75,201946
2020-12-14,24.966,24.3,25.47,23.82,24335
2020-12-15,24.0,24.177,24.3,23.43,7310
2020-12-16,24.0,25.461,26.1,23.592,94229
2020-12-17,26.637,25.2,28.5,24.9,113166
2020-12-18,24.756,28.914,32.7,24.60303,353761
2020-12-21,27.3,26.994,28.5,26.04,57279
2020-12-22,27.495,26.154,27.495,25.5,28497
2020-12-23,25.8,27.0,27.6,25.149,36727
2020-12-24,28.443,27.0,28.443,26.4,23276
2020-12-28,27.15,28.797,29.1,26.7,59236
2020-12-29,29.7,29.094,30.264,27.3,74256
2020-12-30,28.815,28.8,29.394,27.705,30195
2020-12-31,28.5,28.62,29.85,28.23,27611
2021-01-04,28.656,27.333,29.1,27.006,23882
2021-01-05,27.9,27.306,28.64997,26.1,67455
2021-01-06,27.6,26.679,27.88497,25.935,33902
2021-01-07,27.6,27.357,27.657,26.868,23278
2021-01-08,27.144,27.48,27.63,26.4,15819
2021-01-11,27.6,27.6,28.65,26.697,56645
2021-01-12,27.6,29.61,31.2,27.6,125842
2021-01-13,30.0,29.697,30.0,27.903,37075
2021-01-14,29.391,29.67,31.2,29.10603,50969
2021-01-15,29.1,30.3,30.6,28.503,55485
2021-01-19,31.2,31.8,32.4,30.3,69558
2021-01-20,31.2,31.5,32.4,30.6,42214
2021-01-21,31.8,32.7,33.6,30.0,52790
2021-01-22,31.8,31.5,32.4,30.9,27703
2021-01-25,32.1,31.2,32.4,30.0,56939
2021-01-26,30.9,31.2,31.2,30.3,31812
2021-01-27,29.964,28.632,30.3,27.603,64210
2021-01-28,28.425,28.494,29.667,27.9,39582
2021-01-29,28.8,27.567,29.322,27.096,31421
2021-02-01,27.69,28.182,28.803,26.523,26602
2021-02-02,27.984,28.65,29.028,27.618,29243
2021-02-03,28.653,28.479,28.947,28.053,21181
2021-02-04,28.5,30.3,30.6,28.20303,65707
2021-02-05,31.5,33.0,34.8,30.3,158275
2021-02-08,34.2,32.7,34.5,31.5,59310
2021-02-09,34.2,34.2,34.2,31.8,62204
2021-02-10,36.0,37.5,39.3,33.603,136410
2021-02-11,36.3,36.9,38.7,35.7,58814
2021-02-12,36.0,38.1,38.1,33.9,58781
2021-02-16,38.7,40.5,41.1,38.4,113467
2021-02-17,48.3,48.0,55.5,43.8,489885
2021-02-18,43.8,41.1,44.1,38.1,77228
2021-02-19,39.3,41.4,43.2,38.7,45539
2021-02-22,41.1,41.4,44.1,39.3,48469
2021-02-23,37.5,37.8,39.6,34.5,61154
2021-02-24,38.1,41.1,42.81,37.8,39271
2021-02-25,39.9,34.5,41.49,34.5,36517
2021-02-26,34.8,33.3,36.3,33.0,22246
2021-03-01,35.1,33.3,35.7,33.3,15830
2021-03-02,33.6,33.0,34.5,33.0,18608
2021-03-03,33.3,30.9,33.9,30.3,21184
2021-03-04,30.0,28.842,30.6,27.303,33175
2021-03-05,28.5,30.6,31.05,28.05,20490
2021-03-08,30.6,31.05,33.0,29.85,13079
2021-03-09,31.8,33.6,34.5,31.2,21571
2021-03-10,33.0,33.3,33.9,32.4,10104
2021-03-11,34.8,33.6,34.8,32.4,19297
2021-03-12,32.7,31.2,33.0,30.3,24234
2021-03-15,31.5,33.9,34.2,31.2,67126
2021-03-16,33.6,34.2,35.7,32.1,64735
2021-03-17,33.0,33.0,33.9,31.803,23231
2021-03-18,33.735,33.6,38.4,33.0,173094
2021-03-19,33.9,33.9,34.8,33.0,29591
2021-03-22,34.5,33.6,35.4,33.3,24749
2021-03-23,33.9,33.0,34.8,32.4,30412
2021-03-24,32.7,30.0,33.6,30.0,23297
2021-03-25,30.0,30.6,31.2,28.8,16097
2021-03-26,31.44,30.0,31.8,29.193,16733
2021-03-29,30.0,29.7,30.0,29.1,8431
2021-03-30,30.0,29.967,30.6,29.55,7242
2021-03-31,30.9,31.5,31.5,29.886,17977
2021-04-01,32.1,31.2,32.1,30.3,20117
2021-04-05,31.5,32.1,32.1,30.6,14569
2021-04-06,32.1,31.2,32.1,30.9,5694
2021-04-07,31.2,31.8,31.8,30.3,14410
2021-04-08,31.8,30.3,33.0,30.3,22798
2021-04-09,30.486,30.0,30.6,29.937,9251
2021-04-12,29.7,28.02,30.6,27.933,17115
2021-04-13,27.9,27.393,28.494,27.3,7716
2021-04-14,27.3,27.3,28.8,27.006,4902
2021-04-15,27.501,25.50003,27.858,25.5,11120
2021-04-16,25.5,24.9,26.06997,24.3,15422
2021-04-19,24.906,24.687,25.497,24.03,4394
2021-04-20,25.017,23.55,25.464,23.4,7519
2021-04-21,23.1,24.441,24.534,23.1,5893
2021-04-22,24.9,24.597,25.482,24.303,4842
2021-04-23,24.0,24.909,25.347,24.0,4466
2021-04-26,24.9,25.467,27.591,24.618,63409
2021-04-27,24.918,26.454,30.6,24.903,113996
2021-04-28,25.5,25.713,27.888,25.5,25463
2021-04-29,26.55,23.853,26.55,23.556,38917
2021-04-30,23.4,24.6,26.85,23.4,51861
2021-05-03,24.9,23.151,25.17,23.103,21832
2021-05-04,23.1,22.791,23.7,22.506,16997
2021-05-05,23.4,22.641,23.54997,22.5,11792
2021-05-06,22.503,22.281,22.62,22.206,8841
2021-05-07,22.2,22.263,23.19,22.2,8528
2021-05-10,22.5,22.5,23.39697,22.35,15364
2021-05-11,25.209,27.6,28.476,24.291,390446
2021-05-12,25.95,29.4,30.9,25.815,80708
2021-05-13,29.4,32.1,33.0,28.8,92569
2021-05-14,30.9,33.6,34.5,30.9,51877
2021-05-17,34.2,35.7,36.588,34.2,41989
2021-05-18,37.8,39.3,41.1,37.5,81650
2021-05-19,38.4,34.5,38.4,33.6,87522
2021-05-20,35.4,38.7,39.3,35.4,50714
2021-05-21,38.4,36.3,40.8,34.8,64140
2021-05-24,35.7,35.7,38.1,34.5,30988
2021-05-25,35.7,37.2,37.2,35.7,16963
2021-05-26,36.9,38.7,38.7,36.9,30464
2021-05-27,39.3,40.8,40.8,38.4,36075
2021-05-28,41.1,40.5,44.85,39.6,45543
2021-06-01,42.0,44.1,44.4,42.0,31333
2021-06-02,45.9,47.7,48.9,45.3,49999
2021-06-03,46.5,48.6,49.2,44.4,38208
2021-06-04,48.6,53.1,55.5,48.6,49099
2021-06-07,54.87,55.8,57.3,54.0,31937
2021-06-08,56.1,51.6,57.9,50.4,53749
2021-06-09,50.7,51.6,52.8,50.1,24113
2021-06-10,51.3,43.5,52.2,42.9,55562
2021-06-11,46.5,39.6,46.65,39.3,40813
2021-06-14,39.9,42.0,43.8,34.8,50051
2021-06-15,39.6,40.8,42.9,39.6,16959
2021-06-16,40.8,42.9,43.8,40.8,16059
2021-06-17,42.0,46.5,49.8,42.0,45298
2021-06-18,45.939,41.7,46.5,41.4,33328
2021-06-21,40.5,44.7,44.7,40.2,19274
2021-06-22,43.5,42.9,43.95,41.418,8470
2021-06-23,42.9,42.6,43.5,42.3,10256
2021-06-24,41.7,43.2,43.5,41.4,10846
2021-06-25,43.5,42.9,43.5,41.7,10882
2021-06-28,42.0,47.1,48.6,41.4,36436
2021-06-29,47.4,45.6,52.2,44.4,31230
2021-06-30,45.6,47.1,48.0,45.6,12506
2021-07-01,47.7,45.3,47.7,43.8,9508
2021-07-02,45.3,45.3,45.6,44.1,9702
2021-07-06,45.3,43.8,46.2,43.5,9634
2021-07-07,45.0,43.2,45.288,42.9,7095
2021-07-08,42.0,42.9,44.1,41.442,4172
2021-07-09,43.8,42.0,43.95,41.7,7885
2021-07-12,42.0,42.6,43.2,42.0,2007
2021-07-13,42.0,42.6,44.07,42.0,4119
2021-07-14,43.2,42.3,43.5,42.0,3090
2021-07-15,42.3,40.8,43.17,39.6,4964
2021-07-16,40.8,38.4,42.582,37.5,8593
2021-07-19,38.4,36.6,38.4,36.0,16698
2021-07-20,37.2,38.7,38.7,36.0,5718
2021-07-21,37.8,37.8,38.7,37.5,2241
2021-07-22,37.5,36.3,37.5,35.967,9128
2021-07-23,36.3,34.8,36.6,33.9,8244
2021-07-26,33.0,35.1,36.0,33.0,6662
2021-07-27,35.1,34.2,35.7,33.6,7131
2021-07-28,35.1,36.3,36.9,34.5,4248
2021-07-29,35.7,37.2,37.8,35.7,3602
2021-07-30,36.6,36.6,37.5,36.0,11448
2021-08-02,37.2,39.6,39.6,36.339,7534
2021-08-03,39.3,37.314,39.3,36.6,7651
2021-08-04,36.6,36.3,37.8,35.1,3046
2021-08-05,37.2,36.3,37.2,35.4,2479
2021-08-06,36.3,36.9,37.2,36.051,2482
2021-08-09,37.8,39.0,39.0,37.2,8240
2021-08-10,38.4,38.1,39.0,37.5,3387
2021-08-11,37.5,37.2,38.4,37.2,1792
2021-08-12,37.2,38.1,38.4,36.0,6183
2021-08-13,37.8,38.7,38.976,37.5,4270
2021-08-16,38.7,37.8,39.0,36.9,4980
2021-08-17,38.1,40.2,40.2,37.2,11183
2021-08-18,40.2,38.4,40.2,38.1,6127
2021-08-19,37.8,37.8,38.7,37.2,3780
2021-08-20,37.2,38.7,39.45,37.2,4047
2021-08-23,38.4,38.7,39.285,37.611,5159
2021-08-24,38.4,39.3,40.5,38.4,7975
2021-08-25,39.3,40.5,43.5,39.291,12731
2021-08-26,40.2,39.9,41.097,39.6,1838
2021-08-27,39.3,37.2,40.5,36.9,10003
2021-08-30,36.6,34.8,36.6,32.4,28697
2021-08-31,34.5,33.3,34.542,33.0,10116
2021-09-01,33.6,34.5,34.5,32.997,7722
2021-09-02,33.6,33.9,34.5,33.3,12367
2021-09-03,33.9,34.5,35.37,31.35,24692
2021-09-07,34.5,34.2,34.5,33.9,3104
2021-09-08,34.2,33.3,34.218,32.4,7105
2021-09-09,32.7,32.7,35.1,32.7,6814
2021-09-10,33.0,34.2,35.082,32.85,6097
2021-09-13,34.2,33.6,34.8,33.0,4714
2021-09-14,33.9,32.7,34.5,32.403,2660
2021-09-15,33.0,32.7,33.3,32.4,3222
2021-09-16,32.865,32.4,33.918,32.4,3023
2021-09-17,33.0,34.5,34.5,32.625,689
2021-09-20,34.5,32.1,34.5,31.803,3592
2021-09-21,31.8,32.1,32.1,31.5,1663
2021-09-22,31.8,32.67,33.384,31.8,1484
2021-09-23,33.3,33.0,33.3,32.109,3355
2021-09-24,32.4,32.7,33.0,31.599,876
2021-09-27,33.9,32.4,34.5,32.4,2511
2021-09-28,33.0,33.0,33.3,32.4,1891
2021-09-29,32.7,32.7,33.0,32.142,1199
2021-09-30,32.4,32.1,32.4,31.5,1829
2021-10-01,31.2,30.9,31.5,30.9,1824
2021-10-04,30.6,30.6,31.2,29.577,3957
2021-10-05,30.9,30.9,31.5,30.3,1104
2021-10-06,30.3,30.324,30.9,30.276,2106
2021-10-07,30.6,30.0,31.2,28.8,5952
2021-10-08,30.0,29.46,30.0,29.103,685
2021-10-11,29.46,30.6,30.9,29.1,1066
2021-10-12,30.6,30.0,31.5,29.457,839
2021-10-13,30.0,31.2,31.2,29.7,905
2021-10-14,30.9,30.6,32.1,30.0,1049
2021-10-15,31.2,31.5,31.8,30.057,770
2021-10-18,31.8,31.5,31.8,29.7,1208
2021-10-19,31.5,32.4,32.4,30.0,1523
2021-10-20,32.1,31.2,32.4,30.3,1319
2021-10-21,31.2,31.5,32.1,30.66,669
2021-10-22,31.8,29.7,32.1,29.07,7185
2021-10-25,29.4,29.103,31.5,28.5,9108
2021-10-26,28.65,30.6,31.5,28.5,9633
2021-10-27,32.1,30.9,32.1,29.625,8252
2021-10-28,30.3,29.7,30.9,29.7,1570
2021-10-29,29.7,29.856,29.997,29.7,1238
2021-11-01,30.0,30.3,30.9,29.403,4781
2021-11-02,30.6,29.403,30.6,29.4,2595
2021-11-03,29.415,29.7,29.847,29.4,33371
2021-11-04,31.5,32.4,33.0,29.4,35361
2021-11-05,32.97,34.5,35.7,31.8,20961
2021-11-08,34.2,37.5,39.6,34.2,25059
2021-11-09,39.0,44.4,44.7,38.4,44330
2021-11-10,45.0,41.7,47.7,39.9,29604
2021-11-11,41.1,44.4,46.5,40.803,18027
2021-11-12,43.8,43.5,45.0,43.2,8476
2021-11-15,44.7,46.2,46.5,44.4,12946
2021-11-16,45.9,44.4,45.9,43.554,9042
2021-11-17,44.4,43.5,44.4,42.9,7073
2021-11-18,42.9,41.1,43.2,40.5,6090
2021-11-19,39.9,41.1,42.3,39.3,5344
2021-11-22,41.7,43.8,49.8,36.3,109909
2021-11-23,45.0,48.6,48.6,43.8,35354
2021-11-24,49.2,56.7,59.46,49.2,92202
2021-11-26,55.5,56.7,58.47,54.0,39333
2021-11-29,57.9,61.5,64.2,56.709,31752
2021-11-30,65.7,60.3,66.0,57.3,38149
2021-12-01,61.5,66.0,66.0,61.2,29111
2021-12-02,62.4,63.0,65.7,62.4,17083
2021-12-03,65.4,63.9,67.497,60.9,35558
2021-12-06,62.7,73.5,75.0,60.9,42426
2021-12-07,72.6,76.8,77.4,72.6,13631
2021-12-08,77.1,86.7,88.2,77.1,41882
2021-12-09,86.7,80.1,89.4,79.8,24850
2021-12-10,81.3,90.3,90.3,81.3,21900
2021-12-13,92.4,84.0,93.597,83.4,21586
2021-12-14,89.4,75.6,90.0,66.96,45240
2021-12-15,75.6,54.3,77.1,51.6,62237
2021-12-16,54.3,51.3,58.05,50.694,31525
2021-12-17,51.66,53.1,55.2,49.8,15533
2021-12-20,52.35,48.6,54.0,47.7,17059
2021-12-21,49.5,49.2,50.7,48.6,6379
2021-12-22,49.2,47.4,49.401,46.8,11640
2021-12-23,48.3,42.0,48.3,41.814,19975
2021-12-27,41.1,41.7,42.6,40.5,7974
2021-12-28,41.1,42.3,43.764,41.1,13221
2021-12-29,42.3,41.85,43.797,41.85,8916
2021-12-30,42.0,42.6,43.2,40.8,10196
2021-12-31,42.6,41.1,42.6,40.5,11678
2022-01-03,41.7,41.1,42.3,40.8,5230
2022-01-04,41.1,41.7,42.3,40.8,6537
2022-01-05,42.0,42.9,44.4,42.0,10276
2022-01-06,46.329,38.1,46.5,38.1,30839
2022-01-07,38.1,33.9,38.751,33.6,24869
2022-01-10,35.1,35.1,35.4,34.2,8762
2022-01-11,35.1,35.4,36.0,34.5,5322
2022-01-12,35.1,35.4,37.5,35.1,12536
2022-01-13,36.0,34.2,37.2,33.6,6156
2022-01-14,33.6,33.9,34.8,33.3,3877
2022-01-18,33.6,34.5,35.1,33.6,5468
2022-01-19,34.5,34.2,35.397,34.2,4109
2022-01-20,35.1,33.9,36.57,33.6,12825
2022-01-21,33.9,31.2,34.35,30.9,8779
2022-01-24,30.6,32.1,32.1,30.0,3601
2022-01-25,31.5,31.5,33.075,30.6,5251
2022-01-26,31.8,31.5,32.85,31.5,1356
2022-01-27,30.9,32.4,32.538,30.9,1652
2022-01-28,32.4,31.5,32.7,30.9,3020
2022-01-31,29.427,35.4,36.6,29.4,11142
2022-02-01,34.8,36.0,36.597,34.2,21148
2022-02-02,35.1,35.4,36.9,34.8,15016
2022-02-03,34.8,34.2,36.297,33.6,8848
2022-02-04,35.4,36.0,36.9,33.6,9825
2022-02-07,37.2,36.9,37.8,35.4,10974
2022-02-08,35.1,34.2,36.0,33.9,9318
2022-02-09,33.9,33.9,35.25,33.45,7929
2022-02-10,33.6,33.0,34.2,33.0,8548
2022-02-11,33.6,33.6,34.2,32.7,9654
2022-02-14,34.8,34.5,36.0,33.0,9807
2022-02-15,37.2,34.5,37.2,33.6,8240
2022-02-16,34.5,33.6,34.8,33.3,6863
2022-02-17,33.3,32.988,33.9,32.43,9831
2022-02-18,33.0,31.5,33.3,31.5,12742
2022-02-22,31.2,31.8,31.8,30.6,9892
2022-02-23,31.539,30.9,31.539,30.0,11174
2022-02-24,29.7,30.6,30.6,29.7,12064
2022-02-25,30.0,30.288,30.6,29.85,11727
2022-02-28,30.3,30.6,30.6,29.742,10594
2022-03-01,30.9,30.6,30.9,30.0,10847
2022-03-02,31.2,30.0,31.2,29.997,13418
2022-03-03,30.3,30.3,31.8,29.865,13421
2022-03-04,30.0,30.9,31.2,29.19,12938
2022-03-07,30.0,30.3,30.9,29.397,20670
2022-03-08,29.7,29.832,30.0,28.803,13463
2022-03-09,29.82,28.5,29.82,27.0,15037
2022-03-10,28.8,30.9,31.2,28.494,14691
2022-03-11,31.8,30.3,31.8,29.1,11923
2022-03-14,29.676,29.958,30.6,29.1,12779
2022-03-15,29.7,29.82,31.2,29.4,14014
2022-03-16,30.9,32.544,33.0,30.3,12631
2022-03-17,30.939,33.9,33.9,30.9,10786
2022-03-18,34.2,34.5,35.4,34.2,12763
2022-03-21,33.9,34.5,35.04,30.9,11613
2022-03-22,34.5,34.5,35.4,34.194,10109
2022-03-23,34.5,34.95,35.1,34.2,10396
2022-03-24,34.5,34.5,35.1,34.5,9666
2022-03-25,33.6,33.882,34.5,33.6,9464
2022-03-28,35.1,35.1,35.4,33.9,11024
2022-03-29,35.1,34.8,36.0,33.003,9596
2022-03-30,34.5,35.1,35.1,33.303,9621
2022-03-31,36.0,33.0,36.0,32.7,12598
2022-04-01,34.2,35.1,35.4,32.703,12958
2022-04-04,35.1,35.4,36.0,33.3,15640
2022-04-05,36.3,34.5,36.3,33.6,11507
2022-04-06,33.6,34.2,34.5,33.0,9238
2022-04-07,33.0,33.9,34.2,31.5,6731
2022-04-08,32.7,33.6,33.6,31.8,10545
2022-04-11,32.7,32.4,32.7,32.1,10202
2022-04-12,32.4,31.65,32.7,28.8,18691
2022-04-13,31.5,31.8,32.1,28.2,18949
2022-04-14,31.2,30.6,31.2,27.9,19086
2022-04-18,30.0,30.0,30.6,28.77,11066
2022-04-19,29.523,31.5,31.8,29.523,10837
2022-04-20,31.5,31.2,32.1,30.0,10910
2022-04-21,30.9,30.0,31.2,30.0,10637
2022-04-22,30.6,30.15,31.5,30.0,10095
2022-04-25,30.6,32.4,32.997,30.3,11286
2022-04-26,32.4,31.5,33.3,31.2,9443
2022-04-27,32.1,33.9,34.2,31.05,16784
2022-04-28,34.2,33.0,34.2,32.4,9373
2022-04-29,33.3,31.5,33.3,30.9,9762
2022-05-02,30.9,29.79,30.9,29.69697,10742
2022-05-03,30.3,29.25,30.3,28.53,9772
2022-05-04,28.371,26.622,28.401,25.629,13713
2022-05-05,27.9,28.383,28.467,24.3,23562
2022-05-06,26.238,25.497,26.85,25.2,11320
2022-05-09,26.388,23.22,26.4,23.22,12966
2022-05-10,24.21,24.9,26.244,23.736,12614
2022-05-11,24.6,24.0,25.5,22.65,11576
2022-05-12,24.075,22.19697,24.075,22.19697,6544
2022-05-13,21.921,23.1,23.487,21.915,4744
2022-05-16,23.1,23.1,23.1,22.11,666
2022-05-17,22.59,23.58,24.0,22.11,6317
2022-05-18,22.242,21.45,23.352,21.45,11119
2022-05-19,22.488,22.83,23.1,21.453,11689
2022-05-20,22.2,25.437,26.7,22.2,19318
2022-05-23,25.2,25.5,26.7,24.3,13887
2022-05-24,25.5,24.3,26.1,22.8,11555
2022-05-25,24.6,22.653,24.6,22.6515,9437
2022-05-26,22.887,24.3,26.4,22.2,11623
2022-05-27,24.003,24.6,24.9,23.706,9604
2022-05-31,24.6,25.65,25.8,23.727,5656
2022-06-01,27.0,27.9,28.494,26.7,15950
2022-06-02,30.3,25.803,30.3,23.1,467433
2022-06-03,15.435,14.34,15.9,14.34,166968
2022-06-06,15.3,14.1,15.3,14.1,38881
2022-06-07,13.839,12.429,14.10297,12.3,31994
2022-06-08,12.72,13.092,13.8,12.72,30181
2022-06-09,13.2,13.44,14.961,13.2,30643
2022-06-10,13.5,13.53147,13.797,13.2,4739
2022-06-13,13.092,14.085,14.457,12.45,21934
2022-06-14,14.085,14.09697,14.25,13.56,9499
2022-06-15,13.8,14.094,14.097,12.75,11590
2022-06-16,13.5,13.65,13.8,13.206,16231
2022-06-17,13.5,14.112,14.817,13.5,17152
2022-06-21,13.848,13.191,14.04,12.3,65769
2022-06-22,12.9,13.347,13.5,12.75,4751
2022-06-23,12.963,13.2,14.106,12.885,9036
2022-06-24,12.819,12.9,13.5,12.81,4713
2022-06-27,12.9,12.753,13.611,12.75,3347
2022-06-28,13.2,12.753,13.8,12.75,4768
2022-06-29,12.9,12.621,13.494,12.3,8547
2022-06-30,13.164,13.047,13.2,12.6,3630
2022-07-01,13.26,13.17,13.26,12.618,3697
2022-07-05,13.08,13.446,14.07,12.63,7533
2022-07-06,12.609,12.327,13.26,12.303,7866
2022-07-07,12.6,12.594,12.9,12.489,8272
2022-07-08,12.444,12.6,13.2,12.33,8029
2022-07-11,12.582,12.147,12.582,11.877,2618
2022-07-12,12.1935,12.51,12.9,12.1935,4092
2022-07-13,12.6,12.0,12.6,11.73,4758
2022-07-14,11.4,12.297,12.9,11.145,6882
2022-07-15,11.928,12.213,12.29697,11.928,1198
2022-07-18,12.399,12.513,15.3,12.201,10349
2022-07-19,12.75,13.206,13.842,12.15,29616
2022-07-20,13.215,12.558,14.1,12.333,22914
2022-07-21,12.528,12.597,12.6,12.0,5599
2022-07-22,12.303,12.5985,12.87,12.03,7820
2022-07-25,12.24,12.24,12.6,12.177,3518
2022-07-26,12.6,12.12,12.69,11.55,5289
2022-07-27,12.0,12.609,12.9,11.988,2574
2022-07-28,13.695,11.445,13.695,11.433,12805
2022-07-29,11.445,11.61603,12.282,11.445,5861
2022-08-01,11.703,10.947,12.33,10.803,11746
2022-08-02,11.4,10.56,11.84409,10.53147,8691
2022-08-03,11.4,10.185,11.4,9.939,9426
2022-08-04,10.794,11.826,12.44697,10.35303,37218
2022-08-05,11.4,12.543,12.9,11.4,24183
2022-08-08,12.3,11.934,12.3,11.439,6308
2022-08-09,11.853,11.607,11.9823,10.91403,1419
2022-08-10,11.781,11.7,12.0,11.58003,3036
2022-08-11,12.0,11.68197,12.0,11.66811,2385
2022-08-12,11.967,11.64,12.15,11.4,3199
2022-08-15,11.406,11.667,11.997,11.13,5855
2022-08-16,11.61273,11.4,11.799,11.22,2997
2022-08-17,11.34,11.4,11.625,11.1,4486
2022-08-18,11.169,11.349,11.4,11.169,1565
2022-08-19,11.04,11.301,11.55,11.04,1458
2022-08-22,11.103,11.25,11.4,10.683,3350
2022-08-23,10.83,11.40603,11.7,10.65,1902
2022-08-24,11.526,12.0,12.0,10.803,3377
2022-08-25,11.397,12.0,12.087,11.34,2000
2022-08-26,11.919,10.8,14.97,10.2,39016
2022-08-29,11.397,11.16,11.397,10.953,1959
2022-08-30,11.4,10.9125,11.4,10.32,2198
2022-08-31,11.337,11.58,11.7,11.337,2386
2022-09-01,12.3,11.97,12.3,11.58,2376
2022-09-02,12.0,11.781,12.0,11.403,1783
2022-09-06,12.0,11.4,12.3,10.95,1562
2022-09-07,11.262,12.003,12.3,11.262,928
2022-09-08,12.3,11.409,12.6,11.409,1768
2022-09-09,10.965,11.508,12.0,10.965,11052
2022-09-12,11.163,11.703,12.3,11.163,1899
2022-09-13,11.592,12.0,12.276,11.454,2429
2022-09-14,12.147,12.0,12.147,11.55,1125
2022-09-15,11.55,11.985,12.0,11.55,1421
2022-09-16,11.835,13.197,13.197,11.697,2849
2022-09-19,12.336,12.318,12.75,11.7,4819
2022-09-20,11.949,11.643,11.982,11.559,543
2022-09-21,11.7,11.868,12.19797,11.1,3084
2022-09-22,12.153,11.7,12.897,11.415,2714
2022-09-23,11.415,11.04,11.979,11.01,2855
2022-09-26,11.04,11.85,11.964,10.98303,1202
2022-09-27,11.1,10.98,11.964,10.98,2752
2022-09-28,11.847,11.28,11.847,11.103,210
2022-09-29,10.971,11.022,11.397,10.56003,692
2022-09-30,11.28303,11.667,11.832,11.091,278
2022-10-03,11.343,11.22,11.967,10.56303,1445
2022-10-04,10.56,10.803,11.646,10.503,4569
2022-10-05,11.358,9.897,11.358,9.36,5980
2022-10-06,10.71,9.603,10.71,9.597,629
2022-10-07,9.363,9.351,9.885,9.303,3333
2022-10-10,9.39,9.309,9.831,8.1,841
2022-10-11,9.303,8.4,10.458,5.13,7233
2022-10-12,7.692,9.81,9.81,7.224,4325
2022-10-13,8.628,8.69397,9.0,8.4,1483
2022-10-14,9.048,8.4,9.048,8.4,204
2022-10-17,8.154,9.105,9.348,7.50303,789
2022-10-18,9.126,8.25,10.2,6.3,3448
2022-10-19,8.103,9.303,9.70308,8.1,998
2022-10-20,9.6,9.6,10.2,7.938,1342
2022-10-21,8.406,8.166,8.694,8.103,1615
2022-10-24,8.16,7.26,8.634,7.26,2556
2022-10-25,7.875,8.064,8.268,7.26,2445
2022-10-26,7.5,7.8,8.32203,7.5,230
2022-10-27,8.01,7.662,8.01,7.332,761
2022-10-28,7.5,7.77,7.875,7.5,1558
2022-10-31,8.157,7.818,8.4,7.812,356
2022-11-01,7.53303,7.80309,7.87497,7.533,709
2022-11-02,7.5,6.345,8.28,6.345,1724
2022-11-03,8.631,6.903,8.631,6.48,1219
2022-11-04,8.634,6.849,8.634,6.603,1067
2022-11-07,5.871,6.83697,6.849,5.871,915
2022-11-08,6.9,6.306,7.16697,6.03003,652
2022-11-09,7.791,6.534,7.791,6.09,754
2022-11-10,6.537,6.384,6.537,6.3,1076
2022-11-11,6.33654,6.3,6.51,6.0,631
2022-11-14,6.45,6.762,7.218,6.306,1482
2022-11-15,7.65,6.30603,7.65,6.00003,691
2022-11-16,7.2,6.393,7.2,6.33,2135
2022-11-17,6.711,6.201,7.149,6.15,622
2022-11-18,6.51,4.353,6.591,4.26,6337
2022-11-21,5.088,4.806,5.55,4.5,2975
2022-11-22,5.046,4.95,5.091,4.5,4936
2022-11-23,4.968,5.1,5.106,4.50303,4449
2022-11-25,5.106,5.247,5.25,5.103,720
2022-11-28,5.25,5.817,6.0,5.25,3986
2022-11-29,6.0,6.678,7.29,5.913,6420
2022-11-30,7.29,6.9,7.581,6.6,3288
2022-12-01,7.05,7.34997,7.44,6.627,4055
2022-12-02,7.206,7.632,7.79997,7.065,2972
2022-12-05,8.1,8.25,8.952,7.70703,2678
2022-12-06,8.931,8.06697,8.931,7.5,2923
2022-12-07,8.4,7.191,8.4,6.9,1634
2022-12-08,7.857,7.5,7.857,6.603,4192
2022-12-09,6.6,7.473,7.761,6.6,1257
2022-12-12,7.5,7.49997,7.575,6.888,343
2022-12-13,7.098,6.9,7.677,6.6,1356
2022-12-14,6.834,6.3,6.99,6.3,1156
2022-12-15,6.6,5.703,6.744,5.703,1915
2022-12-16,5.718,5.166,5.721,5.04,4918
2022-12-19,5.4,4.857,5.4,4.803,1040
2022-12-20,5.4,5.07,5.4,4.65,1633
2022-12-21,5.298,4.851,5.298,4.8,1174
2022-12-22,5.04,5.031,5.091,5.016,399
2022-12-23,5.277,4.896,5.277,4.8,1656
2022-12-27,4.56,5.34,5.36397,4.5,15554
2022-12-28,5.181,5.22,5.82297,5.124,2692
2022-12-29,5.19903,5.75097,5.817,5.196,2265
2022-12-30,5.607,5.283,5.61,5.25,1614
2023-01-03,5.283,5.103,5.46,4.806,2679
2023-01-04,5.106,5.403,6.35697,4.953,9193
2023-01-05,5.403,5.397,5.70903,5.307,2720
2023-01-06,5.1,4.74,5.508,4.74,7871
2023-01-09,4.8,5.298,5.364,4.8,2378
2023-01-10,5.13,5.397,5.457,5.1,5456
2023-01-11,5.52,5.514,5.64,5.16,4190
2023-01-12,5.517,6.34803,6.585,5.28,41070
2023-01-13,6.3,6.624,7.55403,6.0,17541
2023-01-17,7.35,6.612,7.8,6.33,28449
2023-01-18,7.5,6.0,7.5,5.94,9690
2023-01-19,6.45,6.66,7.197,6.18,6202
2023-01-20,7.311,6.903,7.311,6.603,2789
2023-01-23,6.9,7.035,7.38,6.6,7953
2023-01-24,7.2,6.708,7.23,6.315,3356
2023-01-25,6.891,6.534,6.894,6.33,1579
2023-01-26,6.9,7.5,7.5,6.519,14863
2023-01-27,7.653,7.353,8.4,7.116,11030
2023-01-30,7.8,6.921,8.94,6.903,13000
2023-01-31,6.903,7.104,8.034,6.9,4965
2023-02-01,7.188,7.21203,7.569,6.921,4953
2023-02-02,7.833,7.791,8.7,7.203,11917
2023-02-03,7.5,8.187,8.37,7.5,4940
2023-02-06,8.1,8.55,8.7,7.872,18629
2023-02-07,9.0,12.0,12.0,8.403,11525
2023-02-08,12.537,11.55,12.6,10.803,13313
2023-02-09,11.397,10.8,11.808,10.8,4277
2023-02-10,9.9,9.336,10.29,9.303,1850
2023-02-13,10.167,9.003,10.167,9.0,2283
2023-02-14,8.952,8.913,9.567,8.4,1633
2023-02-15,9.6,9.438,9.6,8.448,2596
2023-02-16,9.237,9.585,10.155,8.853,4695
2023-02-17,9.285,9.201,9.9,9.003,1024
2023-02-21,9.0,8.613,9.0,8.55,1949
2023-02-22,8.979,8.7,9.297,8.25,2390
2023-02-23,9.057,8.76,9.138,8.7,1960
2023-02-24,8.616,8.4,9.024,7.503,2233
2023-02-27,8.964,7.89,8.964,7.51203,862
2023-02-28,8.151,7.695,8.394,7.689,1827
2023-03-01,7.872,7.5,8.403,6.93,1380
2023-03-02,7.5,7.638,8.4,7.5,1238
2023-03-03,7.5,7.407,7.998,6.207,2613
2023-03-06,7.41,7.419,8.094,7.41,1128
2023-03-07,7.383,6.948,7.533,6.66,1256
2023-03-08,6.9,6.897,6.903,6.66,816
2023-03-09,7.248,7.644,8.247,5.913,4592
2023-03-10,7.221,7.632,8.163,7.035,988
2023-03-13,7.44,7.5,8.1,7.35,6165
2023-03-14,7.2,7.68753,8.07597,7.2,236
2023-03-15,7.503,7.32,7.968,6.6,2726
2023-03-16,6.861,7.944,7.95,6.861,2070
2023-03-17,8.094,7.572,8.097,6.177,6806
2023-03-20,7.8,8.841,8.841,7.8,5783
2023-03-21,8.7,8.964,8.982,8.265,2503
2023-03-22,9.0,8.928,9.6,8.103,5820
2023-03-23,9.372,9.0,11.4,7.803,12493
2023-03-24,8.73,9.3,9.888,8.73,1128
2023-03-27,9.9,8.739,9.9,8.178,1246
2023-03-28,9.126,8.106,9.129,8.103,908
2023-03-29,8.4,8.7,8.922,8.4,304
2023-03-30,8.58,8.67,8.7,8.4,551
2023-03-31,8.694,8.454,8.694,8.103,592
2023-04-03,8.454,8.481,8.481,8.388,542
2023-04-04,8.481,7.2,8.481,6.9,2034
2023-04-05,9.06,7.95,9.06,7.37553,1903
2023-04-06,8.4,7.5,8.625,7.425,677
2023-04-10,7.425,7.443,7.875,7.22718,167
2023-04-11,7.8,7.51488,8.397,7.203,5738
2023-04-12,8.7,7.605,8.7,7.245,1336
2023-04-13,8.1,6.9,8.1,6.828,3652
2023-04-14,7.167,6.765,7.533,6.0,3114
2023-04-17,6.765,6.852,7.101,6.546,897
2023-04-18,7.197,6.9,7.6305,6.9,654
2023-04-19,7.461,6.663,7.461,6.6,915
2023-04-20,6.45,6.60609,7.05,6.45,680
2023-04-21,6.705,6.426,6.705,6.21303,824
2023-04-24,6.36,6.423,6.423,6.0,977
2023-04-25,6.42,5.727,6.6,5.193,2405
2023-04-26,6.3,5.7,7.2,5.43,23476
2023-04-27,6.0,5.109,6.0,5.1,10345
2023-04-28,5.607,5.124,5.607,4.8,4842
2023-05-01,5.541,4.821,5.541,4.653,9770
2023-05-02,4.515,4.86,5.1627,4.515,3643
2023-05-03,5.24697,5.055,5.24697,4.95,905
2023-05-04,5.187,5.25,5.25,4.812,5435
2023-05-05,5.517,6.87,7.14,5.0943,8808
2023-05-08,6.405,5.385,6.405,5.229,11035
2023-05-09,5.25,5.1,5.403,5.097,10168
2023-05-10,5.484,5.1,5.484,4.95,2922
2023-05-11,5.22,5.1,5.238,5.01,1257
2023-05-12,4.98,4.92,5.04,4.29,6891
2023-05-15,4.92,4.46553,4.92,4.365,3936
2023-05-16,4.5,4.46397,4.5,4.425,1868
2023-05-17,4.38,4.341,4.434,4.242,3058
2023-05-18,4.2,4.287,4.725,4.2,3809
2023-05-19,4.212,4.47,4.5,3.666,2141
2023-05-22,3.798,3.588,4.47,3.45,38869
2023-05-23,3.525,2.955,3.57,2.85,75046
2023-05-24,2.97,2.538,2.97,2.214,90786
2023-05-25,2.211,2.103,2.265,1.782,93730
2023-05-26,2.1,2.016,2.397,1.989,60375
2023-05-30,3.0,2.1,3.0,1.8001,387693
2023-05-31,2.18,2.21,2.31,1.96,89220
2023-06-01,2.15,2.37,2.49,2.0,101791
2023-06-02,2.4,2.01,2.4,2.01,91427
2023-06-05,2.11,1.79,2.11,1.7497,63266
2023-06-06,1.75,1.46,1.81,1.46,119590
2023-06-07,1.42,1.34,1.58,1.32,44454
2023-06-08,1.39,1.26,1.514,1.25,60777
2023-06-09,1.27,1.29,1.36,1.27,37093
2023-06-12,1.28,1.36,1.5,1.28,25460
2023-06-13,1.39,1.33,1.43,1.31,17636
2023-06-14,1.31,1.39,1.4579,1.31,23879
2023-06-15,1.3901,1.39,1.44,1.3301,29790
2023-06-16,1.38,1.39,1.46,1.36,15222
2023-06-20,1.36,1.5,1.52,1.36,90349
2023-06-21,1.5,1.74,1.89,1.41,399020
2023-06-22,1.7,2.0801,2.2,1.65,299283
2023-06-23,2.1,2.04,2.2162,1.8601,99309
