2024-01-25,29.0,37.17,40.9,28.55,8824751
2024-01-26,36.0,35.03,38.84,33.25,1718915
2024-01-29,36.32,37.0,37.99,35.5,1089782
2024-01-30,35.68,36.5,39.7,35.52,1192459
2024-01-31,35.0,37.26,39.245,35.0,2688889
2024-02-01,37.14,37.95,40.68,36.1101,544636
2024-02-02,38.0,35.81,38.76,35.81,394248
2024-02-05,35.69,37.42,38.01,35.69,189891
2024-02-06,37.83,37.03,40.35,36.69,639480
2024-02-07,37.15,40.52,41.845,37.15,759683
2024-02-08,41.5,39.02,44.91,38.75,657293
2024-02-09,39.02,41.57,43.7601,38.68,575698
2024-02-12,41.57,43.74,47.24,41.57,661113
2024-02-13,42.8,44.18,46.5999,42.8,522316
2024-02-14,45.21,43.42,47.2947,42.82,384260
2024-02-15,44.39,47.46,48.0,43.525,494830
2024-02-16,48.26,47.93,50.23,47.42,361356
2024-02-20,47.5,44.37,48.595,44.13,491218
2024-02-21,44.67,45.28,46.984,43.51,473948
2024-02-22,45.64,46.17,47.31,44.85,332117
2024-02-23,46.44,43.61,48.05,42.1205,400027
2024-02-26,43.4,46.01,46.725,43.4,299976
2024-02-27,46.21,46.35,46.9499,44.81,227894
2024-02-28,46.18,44.4,47.76,43.81,326704
2024-02-29,44.54,44.71,47.78,44.205,423600
2024-03-01,45.77,43.98,46.525,42.39,459052
2024-03-04,43.92,43.09,45.33,41.92,602420
2024-03-05,42.5,41.49,43.35,40.71,528850
2024-03-06,42.21,42.79,43.1,41.01,441194
2024-03-07,42.68,39.86,44.36,39.43,430273
2024-03-08,39.6,35.51,39.99,32.65,1416859
2024-03-11,35.04,35.0,37.4,33.91,915907
2024-03-12,35.01,35.67,35.67,34.475,828167
2024-03-13,35.69,39.79,39.86,35.46,622321
2024-03-14,39.9,37.2,39.9,36.74,729544
2024-03-15,37.7,38.52,39.57,37.065,4981396
2024-03-18,38.0,38.11,39.015,37.655,449345
2024-03-19,38.15,39.7,41.15,38.1259,678015
2024-03-20,38.9,39.05,40.159,38.02,432824
2024-03-21,39.24,41.12,42.11,38.41,619653
2024-03-22,41.57,40.5,41.74,39.61,800150
2024-03-25,40.45,40.76,41.73,39.84,284164
2024-03-26,40.68,40.87,41.36,40.07,425504
2024-03-27,41.25,41.0,41.66,40.22,295041
2024-03-28,40.96,43.9,45.21,40.815,747532
2024-04-01,43.82,42.76,44.26,42.35,483977
2024-04-02,42.11,40.5,42.43,40.24,396009
2024-04-03,40.25,38.39,40.37,38.0,283524
2024-04-04,38.65,37.75,39.51,37.48,358993
2024-04-05,37.53,38.46,39.01,37.46,181202
2024-04-08,38.71,39.15,40.35,38.1,339130
2024-04-09,39.33,39.02,39.96,38.81,238365
2024-04-10,38.0,38.5,38.5575,37.29,596590
2024-04-11,38.64,39.85,40.07,38.055,220302
2024-04-12,39.78,39.75,40.11,38.74,660283
2024-04-15,39.43,37.64,39.74,36.9,370799
2024-04-16,37.06,36.47,37.63,35.62,216566
2024-04-17,36.57,36.41,37.165,35.68,305821
2024-04-18,36.29,35.32,37.05,34.9,211578
2024-04-19,35.01,35.34,36.41,34.37,197472
2024-04-22,35.4,33.54,36.0,33.39,278123
2024-04-23,33.55,36.31,37.33,33.55,422646
2024-04-24,36.29,36.05,37.08,35.86,292352
2024-04-25,35.78,36.2,36.28,34.39,183717
2024-04-26,36.93,41.0,41.21,36.495,819590
2024-04-29,41.2,43.32,43.98,40.055,436062
2024-04-30,42.74,40.19,43.68,39.67,934245
2024-05-01,40.51,40.62,41.68,38.59,266545
2024-05-02,41.16,39.5,42.56,38.495,639036
2024-05-03,40.25,36.27,46.99,30.22,2443166
2024-05-06,37.01,35.1,37.74,34.03,1455301
2024-05-07,36.38,33.95,36.78,33.64,822295
2024-05-08,33.53,32.43,33.75,30.92,702871
2024-05-09,32.89,30.02,33.32,30.02,694145
2024-05-10,30.01,28.5,30.245,28.2,762412
2024-05-13,29.0,25.84,29.28,25.77,948639
2024-05-14,27.8,27.32,29.5,26.91,1448007
2024-05-15,27.89,28.01,28.7,26.552,910276
2024-05-16,28.01,30.97,31.96,27.595,882035
2024-05-17,31.69,29.98,31.69,29.27,603246
2024-05-20,29.62,29.73,30.49,28.48,334318
2024-05-21,29.57,28.97,29.6,28.01,595873
2024-05-22,29.06,30.81,30.83,28.58,520242
2024-05-23,31.33,29.99,32.12,29.3,1385761
2024-05-24,30.0,32.71,33.52,30.0,888875
2024-05-28,32.99,32.43,34.6199,31.67,776635
2024-05-29,31.94,32.4,32.5,31.0,393040
2024-05-30,33.01,34.29,35.12,32.9705,572232
2024-05-31,32.76,32.58,34.41,31.81,1533992
2024-06-03,32.84,36.02,37.14,32.84,770912
2024-06-04,36.04,35.26,37.0,35.0,631532
2024-06-05,35.52,36.0,36.48,34.83,576670
2024-06-06,35.98,34.9,35.98,33.34,710655
2024-06-07,34.69,34.9,35.65,34.0,410582
2024-06-10,34.63,35.22,36.03,33.6,342429
2024-06-11,34.71,35.2,35.77,34.085,284240
2024-06-12,36.16,35.51,36.98,34.84,581291
2024-06-13,35.4,34.81,36.23,34.51,360470
2024-06-14,34.46,34.66,35.21,33.75,502034
2024-06-17,34.57,33.73,34.91,32.97,805595
2024-06-18,33.73,33.89,35.2,33.53,425811
2024-06-20,33.9,32.11,35.26,31.935,892625
2024-06-21,32.11,31.43,32.94,31.04,2023896
2024-06-24,30.85,31.9,32.45,30.76,367524
2024-06-25,31.83,31.43,31.85,30.9,289669
2024-06-26,31.14,30.52,31.85,30.42,314432
2024-06-27,30.52,30.25,31.21,29.26,449868
2024-06-28,31.66,31.57,31.905,30.85,1183816
2024-07-01,31.46,31.72,31.86,30.73,501673
2024-07-02,31.28,31.32,31.635,30.8,370849
2024-07-03,31.5,30.83,31.655,30.2,332938
2024-07-05,30.69,31.88,32.04,30.69,205040
2024-07-08,31.93,32.04,33.4,31.72,266692
2024-07-09,31.93,32.11,32.45,31.51,268912
2024-07-10,32.11,32.81,33.1,31.805,371279
2024-07-11,33.5,34.46,34.64,33.14,348545
2024-07-12,34.94,35.41,35.935,34.36,537182
2024-07-15,35.92,36.66,37.98,34.96,388422
2024-07-16,36.81,37.65,38.17,35.9,487105
2024-07-17,37.92,38.2,38.97,36.98,869775
2024-07-18,38.27,36.72,38.69,36.415,386493
2024-07-19,36.72,35.22,37.86,34.99,272695
2024-07-22,36.13,34.83,36.75,34.19,537710
2024-07-23,34.21,34.3,34.94,33.4,1987384
2024-07-24,34.3,33.2,34.8171,32.84,717547
2024-07-25,33.18,32.99,34.66,32.52,662568
2024-07-26,33.44,33.07,34.095,32.71,581947
2024-07-29,33.0,31.33,33.64,30.975,660123
2024-07-30,31.06,30.78,31.64,30.19,650000
2024-07-31,30.78,33.35,34.16,30.7,994449
2024-08-01,33.01,33.84,34.0,32.03,1030217
2024-08-02,32.43,32.6,33.115,31.41,676742
2024-08-05,30.0,31.01,31.43,29.0,784134
2024-08-06,30.56,32.43,33.6,30.5,679864
2024-08-07,32.89,31.06,33.06,30.99,426005
2024-08-08,31.02,33.24,33.53,30.96,360358
2024-08-09,33.59,33.63,33.835,32.02,253842
2024-08-12,33.83,32.9,33.83,32.18,295513
