2019-11-08,6165.0,6855.0,7125.0,6045.0,571
2019-11-11,7125.0,6375.0,7275.0,6375.0,145
2019-11-12,6375.0,6030.0,6581.4,5790.0,170
2019-11-13,6030.0,6120.0,6330.0,6030.0,34
2019-11-14,6120.0,6360.0,6464.85,6120.0,40
2019-11-15,6360.0,6570.0,6749.85,6360.0,54
2019-11-18,6735.0,6238.5,6735.0,6120.0,46
2019-11-19,6960.0,6480.0,8534.85,6225.0,605
2019-11-20,6300.0,6135.0,6660.0,5850.0,150
2019-11-21,5985.0,6435.0,6629.85,5865.3,55
2019-11-22,6435.0,6352.5,6520.8,6270.0,18
2019-11-25,6420.0,6330.0,6690.0,6300.0,39
2019-11-26,6525.0,6135.0,6945.0,6015.0,82
2019-11-27,6150.0,6250.05,6480.0,6150.0,11
2019-11-29,6345.0,6195.0,6345.0,6150.0,8
2019-12-02,6225.0,6090.0,6490.5,6000.0,31
2019-12-03,6135.0,6015.0,6300.0,6015.0,23
2019-12-04,6255.0,6075.0,6296.4,6015.0,55
2019-12-05,6120.0,6120.0,6225.0,6000.0,20
2019-12-06,6225.0,5985.0,6225.0,5925.0,56
2019-12-09,6000.0,5910.0,6133.5,5850.0,55
2019-12-10,6075.0,5670.0,6150.0,5475.15,124
2019-12-11,5760.0,5805.0,6157.8,5625.0,129
2019-12-12,6015.0,6045.0,6240.0,5745.0,128
2019-12-13,6045.0,5925.0,6045.0,5835.0,31
2019-12-16,5970.0,5835.0,6030.0,5775.0,48
2019-12-17,5850.0,5775.0,5977.5,5775.0,31
2019-12-18,5820.0,5805.0,6015.0,5775.0,29
2019-12-19,6120.0,5955.0,6150.0,5880.0,47
2019-12-20,6000.0,5595.0,6060.0,5595.0,82
2019-12-23,5745.0,5790.0,5850.0,5700.0,26
2019-12-24,5775.0,5775.0,5895.0,5718.3,17
2019-12-26,5775.0,5865.0,6000.0,5775.0,25
2019-12-27,5865.0,5857.5,5926.8,5807.4,16
2019-12-30,5880.0,5805.0,6000.0,5745.0,21
2019-12-31,5850.0,5925.0,6022.65,5820.0,21
2020-01-02,5850.0,5865.0,6030.0,5850.0,17
2020-01-03,5985.0,6000.0,6000.0,5895.0,11
2020-01-06,6090.0,5940.0,6090.0,5850.0,20
2020-01-07,6060.0,6450.0,6690.0,5955.0,123
2020-01-08,6525.0,6375.0,6644.85,6225.0,34
2020-01-09,6450.0,6646.05,6660.0,6414.3,73
2020-01-10,6660.0,7485.0,7485.0,6630.0,206
2020-01-13,7620.0,6885.0,8235.0,6600.0,447
2020-01-14,6975.0,6555.0,7110.0,6300.0,73
2020-01-15,6600.0,6555.0,6695.1,6330.0,46
2020-01-16,6600.0,6690.0,6825.0,6585.0,40
2020-01-17,6735.0,6495.0,6735.0,6375.0,30
2020-01-21,6570.0,6720.0,6735.0,6525.15,42
2020-01-22,6690.0,6590.4,6701.4,6495.0,37
2020-01-23,6675.0,6675.0,6750.0,6589.05,47
2020-01-24,6690.0,6600.0,6750.0,6585.0,22
2020-01-27,6585.0,6480.0,6600.0,6360.0,47
2020-01-28,6450.0,6345.0,6570.0,6240.0,45
2020-01-29,6405.0,6180.0,6450.0,6135.0,28
2020-01-30,6270.0,6525.0,6539.85,6180.0,71
2020-01-31,6555.0,6465.0,6555.0,6378.0,24
2020-02-03,6480.0,6540.0,6600.0,6420.0,22
2020-02-04,6525.0,6900.0,7125.0,6525.0,75
2020-02-05,7065.0,6660.0,7065.0,6555.0,28
2020-02-06,6660.0,6555.0,6844.5,6465.0,19
2020-02-07,6495.0,6405.0,6675.0,6301.35,30
2020-02-10,6255.0,6090.0,6300.0,6090.0,34
2020-02-11,6435.0,6150.0,6450.0,6120.0,23
2020-02-12,6225.0,6165.0,6447.9,6150.0,29
2020-02-13,6015.0,6105.0,6209.85,6000.0,20
2020-02-14,6105.0,6026.55,6246.9,6000.0,27
2020-02-18,6090.0,6210.0,6240.0,6000.0,28
2020-02-19,6225.0,6210.0,6355.8,6045.0,27
2020-02-20,6150.0,6195.0,6360.0,6150.0,24
2020-02-21,6300.0,6150.0,6315.0,6105.0,22
2020-02-24,6090.0,6103.05,6165.0,6000.0,26
2020-02-25,6135.0,5985.15,6135.0,5985.0,18
2020-02-26,5940.0,5685.0,6076.05,5550.0,29
2020-02-27,5700.0,5850.15,5925.0,5100.0,58
2020-02-28,6015.0,5579.85,6015.0,5250.0,14
2020-03-02,5580.0,5890.05,5925.0,5281.35,19
2020-03-03,6750.0,5865.0,7635.0,5850.0,817
2020-03-04,5880.0,6000.0,6000.9,5702.4,42
2020-03-05,6045.0,5640.0,6060.0,5625.0,37
2020-03-06,5850.0,5565.0,5985.0,5565.0,27
2020-03-09,5475.0,5250.0,5549.85,5100.0,41
2020-03-10,5310.0,5280.0,5505.0,5145.0,20
2020-03-11,5280.0,4357.5,5280.0,4350.0,28
2020-03-12,4200.0,3315.0,4425.0,3240.0,51
2020-03-13,3450.0,3000.0,3585.0,2895.0,37
2020-03-16,2730.0,2175.0,2754.0,1887.3,138
2020-03-17,2340.0,2625.0,2812.5,2175.0,42
2020-03-18,2610.0,2775.0,2797.5,2445.0,50
2020-03-19,2790.0,3360.0,3450.0,2786.4,16
2020-03-20,3450.0,3720.0,4860.0,3375.0,35
2020-03-23,5250.0,3600.0,5250.0,3150.0,115
2020-03-24,4455.0,3855.0,5250.0,3510.0,356
2020-03-25,3930.0,3750.0,3930.0,3030.0,38
2020-03-26,3705.0,3585.0,3712.5,3305.4,28
2020-03-27,3300.0,3180.0,3510.0,3000.0,15
2020-03-30,3180.0,3135.0,3510.0,3022.5,9
2020-03-31,3000.0,3150.0,3150.0,3000.0,12
2020-04-01,3015.0,3075.0,3177.75,2745.0,15
2020-04-02,2925.0,3000.0,3134.85,2883.75,4
2020-04-03,3000.0,3240.0,3240.0,2880.0,18
2020-04-06,3180.0,3300.0,3435.0,2838.9,7
2020-04-07,3495.0,3000.0,3495.0,2895.0,27
2020-04-08,3600.0,4125.0,4605.0,3450.0,331
2020-04-09,6975.0,5010.0,8430.0,4725.0,2538
2020-04-13,6225.0,5550.0,6276.9,5250.0,429
2020-04-14,5520.0,4965.0,5520.0,4650.0,201
2020-04-15,4815.0,4905.0,4995.0,4650.0,49
2020-04-16,4935.0,4740.0,4965.0,4650.0,65
2020-04-17,4740.0,4635.0,4890.0,3915.0,134
2020-04-20,4635.0,4845.0,4875.0,4515.0,36
2020-04-21,4845.0,4605.0,4845.0,4350.0,42
2020-04-22,4650.0,4485.0,4650.0,4350.0,37
2020-04-23,4725.0,4425.0,4740.0,4275.0,101
2020-04-24,4455.0,4185.0,4455.0,4050.0,68
2020-04-27,4140.0,4395.0,4395.0,4125.0,41
2020-04-28,4260.0,4470.0,4500.0,4125.0,45
2020-04-29,4470.0,4365.0,4543.65,4200.0,36
2020-04-30,4275.0,4305.0,4305.0,4125.0,40
2020-05-01,4185.0,4140.0,4305.0,4050.0,40
2020-05-04,NaN,4140.0,NaN,NaN,0
2020-05-28,4095.0,3600.0,4635.0,3240.0,139
2020-05-29,3465.0,3990.0,4170.0,3465.0,59
2020-06-01,4005.0,4275.0,4320.0,3975.0,27
2020-06-02,4335.0,4125.0,4335.0,3930.0,34
2020-06-03,4050.0,4050.0,4260.0,3930.0,31
2020-06-04,3960.0,4141.8,4290.0,3825.0,20
2020-06-05,4170.0,3990.0,4260.0,3930.0,20
2020-06-08,4005.0,3802.5,4050.0,3750.0,30
2020-06-09,3750.0,3780.0,3974.85,3750.0,11
2020-06-10,4140.0,4020.0,5010.0,3825.0,529
2020-06-11,4380.0,3885.0,4410.0,3525.0,457
2020-06-12,3915.0,3705.0,3915.0,3600.0,59
2020-06-15,3615.0,3630.0,3735.0,3600.0,44
2020-06-16,3945.0,3630.0,3945.0,3495.0,39
2020-06-17,3540.0,3570.0,3659.85,3360.0,54
2020-06-18,3540.0,3525.0,3675.0,3375.15,22
2020-06-19,3600.0,3435.0,3615.0,3255.0,28
2020-06-22,3315.0,3435.0,3435.0,3300.0,26
2020-06-23,3390.0,3720.0,3720.0,3390.0,57
2020-06-24,3615.0,3495.0,3990.0,3480.0,67
2020-06-25,3705.0,3375.0,3784.5,3375.0,37
2020-06-26,3375.0,3075.0,3660.0,3060.0,23
2020-06-29,3090.0,3105.0,3277.5,3076.2,10
2020-06-30,3150.0,3210.0,3661.2,3090.0,36
2020-07-01,3270.0,3135.0,3270.0,3090.0,12
2020-07-02,3090.0,3105.0,3225.0,3090.0,13
2020-07-06,3105.0,3232.5,3420.0,3105.0,32
2020-07-07,3165.0,2925.0,3480.0,2895.0,32
2020-07-08,3225.0,3090.0,3258.0,2955.0,57
2020-07-09,3150.0,2925.0,3150.0,2850.0,65
2020-07-10,2925.0,2805.0,3029.25,2625.0,78
2020-07-13,2790.0,2535.0,2790.0,2385.0,36
2020-07-14,2535.0,2580.0,2700.0,2430.15,66
2020-07-15,2745.0,2805.0,2910.0,2595.0,72
2020-07-16,2925.0,3075.0,3075.0,2775.15,44
2020-07-17,3150.0,3075.0,3180.0,2850.0,29
2020-07-20,3030.0,2940.0,3075.0,2880.0,37
2020-07-21,3015.0,2865.0,3105.0,2790.0,32
2020-07-22,3000.0,2895.0,3000.0,2595.0,51
2020-07-23,2895.0,2985.0,3000.0,2790.0,69
2020-07-24,2940.0,2940.0,3000.0,2790.15,27
2020-07-27,2880.0,2880.0,2940.0,2850.15,17
2020-07-28,2925.0,2887.35,3000.0,2850.0,24
2020-07-29,2895.0,2850.0,3540.0,2850.0,185
2020-07-30,2820.0,2835.0,2902.5,2775.0,37
2020-07-31,2835.0,2790.0,2835.0,2760.0,25
2020-08-03,2685.0,2745.0,2788.05,2685.0,45
2020-08-04,2850.0,2895.0,2965.95,2820.0,22
2020-08-05,2910.0,2895.0,3015.0,2775.0,50
2020-08-06,2910.0,2805.0,2910.0,2775.0,11
2020-08-07,2850.0,2813.1,2877.45,2775.0,41
2020-08-10,2850.0,2865.0,3060.0,2820.0,35
2020-08-11,2880.0,2745.0,2925.0,2745.0,43
2020-08-12,2760.0,2655.0,2791.65,2580.0,35
2020-08-13,2700.0,2737.5,2737.5,2580.0,25
2020-08-14,2850.0,2655.0,2914.8,2625.0,34
2020-08-17,2610.0,2715.0,2760.0,2607.15,13
2020-08-18,2685.0,2700.0,2700.0,2625.0,13
2020-08-19,2790.0,2685.0,2790.0,2610.0,15
2020-08-20,2700.0,2595.3,2700.0,2580.0,36
2020-08-21,2685.0,2595.0,2685.0,2565.0,15
2020-08-24,2775.0,3240.0,3750.0,2700.0,976
2020-08-25,3450.0,3270.0,3660.0,3150.0,263
2020-08-26,3675.0,3960.0,4275.0,3525.0,648
2020-08-27,3450.0,3750.0,3750.0,3450.0,123
2020-08-28,3825.0,3555.0,3825.0,3435.0,61
2020-08-31,3555.0,3225.0,3555.0,3225.0,76
2020-09-01,3150.0,3105.0,3210.0,3000.0,50
2020-09-02,3255.0,2970.0,3255.0,2925.0,46
2020-09-03,3000.0,3358.35,3435.0,3000.0,184
2020-09-04,3360.0,3225.0,3360.0,3075.0,53
2020-09-08,3210.0,3105.0,3525.0,3000.0,74
2020-09-09,3090.0,3075.0,3300.0,3015.0,55
2020-09-10,3075.0,3090.0,3164.85,3060.0,21
2020-09-11,3090.0,3015.0,3135.0,3015.0,24
2020-09-14,3015.0,2925.0,3105.0,2850.0,52
2020-09-15,3015.0,2940.0,3082.5,2940.0,27
2020-09-16,3000.0,2940.0,3075.0,2865.0,17
2020-09-17,2850.0,2925.0,3015.0,2850.0,21
2020-09-18,2940.0,2820.0,3000.3,2820.0,56
2020-09-21,2790.0,2850.0,2925.0,2775.15,27
2020-09-22,2805.0,2760.0,2925.0,2700.0,19
2020-09-23,2884.5,2700.0,2926.8,2700.0,15
2020-09-24,2775.0,2640.0,2804.25,2550.0,33
2020-09-25,2700.0,2775.0,2835.0,2685.0,27
2020-09-28,2775.0,2700.0,2850.0,2660.55,11
2020-09-29,2640.0,2670.0,2760.0,2565.0,12
2020-09-30,2625.0,2640.0,2775.0,2625.0,20
2020-10-01,2625.0,2797.5,2850.0,2625.0,31
2020-10-02,2745.0,2745.0,2790.0,2720.1,12
2020-10-05,2685.0,2775.0,2895.0,2685.0,12
2020-10-06,2865.0,2745.0,2865.0,2745.0,7
2020-10-07,2700.0,2820.0,2850.0,2700.0,5
2020-10-08,2790.0,2775.0,2805.0,2700.0,6
2020-10-09,2805.0,2850.0,2955.0,2730.0,44
2020-10-12,2910.0,2775.0,2940.0,2760.0,41
2020-10-13,2775.0,2909.85,2910.0,2775.0,17
2020-10-14,2836.2,2850.0,2925.0,2700.0,32
2020-10-15,2775.0,2781.6,2850.0,2715.0,10
2020-10-16,2899.35,2745.0,2899.35,2700.0,12
2020-10-19,2715.0,2730.0,2782.5,2700.0,19
2020-10-20,2775.0,2790.15,2836.8,2700.0,21
2020-10-21,2835.0,2745.0,2835.0,2704.95,11
2020-10-22,2760.0,2730.0,2775.0,2700.0,9
2020-10-23,2730.0,2820.0,2820.0,2715.0,4
2020-10-26,2715.0,2715.0,2799.75,2655.0,10
2020-10-27,2790.0,2760.0,2790.0,2655.0,3
2020-10-28,2625.0,2625.0,2707.5,2625.0,10
2020-10-29,2640.0,2685.0,2685.0,2640.0,3
2020-10-30,2715.0,2522.4,2715.0,2490.0,18
2020-11-02,2535.0,2520.0,2640.0,2445.0,5
2020-11-03,2632.5,2550.0,2632.5,2499.0,3
2020-11-04,2550.0,2730.0,2775.0,2430.0,54
2020-11-05,2835.0,2760.0,2835.0,2597.4,6
2020-11-06,2775.0,3240.0,3450.0,2642.85,138
2020-11-09,3450.0,3195.0,3525.0,3090.0,70
2020-11-10,3135.0,3030.0,3240.0,3015.0,26
2020-11-11,3075.0,3300.0,3375.0,3030.15,37
2020-11-12,3360.0,3330.0,3525.0,3240.0,45
2020-11-13,3285.0,3180.0,3345.0,3103.5,15
2020-11-16,3240.0,3120.0,3240.0,3060.0,11
2020-11-17,3210.0,3230.55,3330.0,3015.0,67
2020-11-18,3315.0,3150.0,3375.0,3075.0,41
2020-11-19,3150.0,3225.0,3300.0,3090.0,15
2020-11-20,3240.0,3375.0,3375.0,3195.0,58
2020-11-23,3375.0,3555.0,3675.0,3300.0,100
2020-11-24,3750.0,3450.0,3795.0,3315.15,142
2020-11-25,3435.0,3562.5,3615.0,3375.0,46
2020-11-27,3570.0,3600.0,3683.85,3525.0,22
2020-11-30,3600.0,3360.0,3600.0,3259.5,67
2020-12-01,3375.0,3300.0,3512.1,3240.0,22
2020-12-02,3360.0,3330.0,3525.0,3150.0,31
2020-12-03,3375.0,3285.0,3435.0,3240.0,33
2020-12-04,3315.0,3390.0,3450.0,3300.0,28
2020-12-07,3585.0,3540.0,3660.0,3461.4,85
2020-12-08,3540.0,3675.0,3750.0,3540.0,47
2020-12-09,3750.0,3870.0,4035.0,3660.0,155
2020-12-10,4020.0,3810.0,4185.0,3645.3,214
2020-12-11,3810.0,3600.0,4005.0,3465.0,178
2020-12-14,3720.0,3645.0,3837.75,3375.0,139
2020-12-15,3780.0,3435.0,3809.4,3300.0,89
2020-12-16,3360.0,3270.0,3454.95,3180.0,121
2020-12-17,4208.7,3750.0,4470.0,3450.0,6224
2020-12-18,5520.0,4335.0,5685.0,4050.0,26942
2020-12-21,4275.0,3705.0,4290.0,3615.0,1332
2020-12-22,3495.0,3150.0,3510.0,3030.0,1480
2020-12-23,2775.0,2730.0,2842.5,2730.0,2579
2020-12-24,2833.5,2670.0,2865.0,2640.0,618
2020-12-28,2718.0,2775.0,2850.0,2520.0,1606
2020-12-29,2700.0,2595.0,2760.0,2550.0,830
2020-12-30,2700.0,2655.0,2700.0,2550.0,886
2020-12-31,2640.0,2670.0,2700.0,2475.0,665
2021-01-04,2625.0,2655.0,2655.0,2512.5,488
2021-01-05,2550.0,2610.0,2655.0,2550.0,367
2021-01-06,2580.0,2640.0,2775.0,2550.0,1265
2021-01-07,2724.9,2700.0,2760.0,2640.0,474
2021-01-08,2685.0,2715.0,2730.0,2595.0,492
2021-01-11,2775.0,2775.0,2790.0,2670.0,697
2021-01-12,2775.0,2835.0,2970.0,2715.0,1517
2021-01-13,2850.0,2760.0,2865.0,2670.0,711
2021-01-14,2787.75,2820.0,2835.0,2722.5,414
2021-01-15,2820.0,2880.0,2970.0,2730.0,1747
2021-01-19,2940.0,3030.0,3060.0,2865.0,1851
2021-01-20,3030.0,2940.0,3037.5,2880.0,632
2021-01-21,3030.0,3030.0,3105.0,2790.0,1034
2021-01-22,3049.2,3060.0,3130.5,3007.2,480
2021-01-25,3135.0,3285.0,3345.0,2955.0,2210
2021-01-26,3225.0,3195.0,3255.0,3090.0,682
2021-01-27,2940.0,2805.0,3075.0,2625.0,1499
2021-01-28,2745.0,2715.0,2925.0,2625.0,683
2021-01-29,2700.0,2580.0,2820.0,2460.0,875
2021-02-01,2715.0,2700.0,2818.5,2595.0,861
2021-02-02,3060.0,3045.0,3195.0,2820.0,3314
2021-02-03,3150.0,3120.0,3150.0,2955.0,1110
2021-02-04,3225.0,5250.0,5520.0,3135.0,19084
2021-02-05,5115.0,5040.0,5565.0,4070.85,7353
2021-02-08,5535.0,6270.0,6690.0,5400.0,5489
2021-02-09,6000.0,6240.0,6600.0,5730.0,1707
2021-02-10,6210.0,5955.0,6374.85,5280.0,1691
2021-02-11,5769.15,5520.0,5850.0,5250.0,929
2021-02-12,5250.0,5160.0,5385.0,5025.0,772
2021-02-16,5040.0,4860.0,5160.0,4545.0,997
2021-02-17,4725.0,4905.0,5010.0,4695.0,416
2021-02-18,4815.0,4590.0,5040.0,4560.0,410
2021-02-19,4650.0,4620.0,4860.0,4590.0,258
2021-02-22,4755.0,4605.0,4800.0,4575.0,198
2021-02-23,4470.0,4050.0,4485.0,3750.0,580
2021-02-24,4539.0,4425.0,4620.0,4275.0,347
2021-02-25,4485.0,4320.0,4530.0,4200.0,205
2021-02-26,4125.0,3945.0,4245.0,3870.0,284
2021-03-01,4155.0,4200.0,4245.0,4050.0,177
2021-03-02,4275.0,4110.0,4275.0,4020.0,125
2021-03-03,4020.0,3975.0,4079.85,3870.0,166
2021-03-04,3855.0,3375.0,3900.0,3315.0,477
2021-03-05,3345.0,3525.0,3555.0,3120.0,290
2021-03-08,3600.0,3300.0,3600.0,3240.0,167
2021-03-09,3495.0,3690.0,3735.0,3390.0,184
2021-03-10,3855.0,3630.0,3900.0,3570.0,193
2021-03-11,3735.0,4050.0,4080.0,3640.35,205
2021-03-12,4125.0,4005.0,4380.0,3945.0,278
2021-03-15,4140.0,4095.0,4140.0,3945.0,238
2021-03-16,4125.0,3975.0,4245.0,3915.0,230
2021-03-17,4005.0,4245.0,4320.0,3902.55,1677
2021-03-18,4365.0,4485.0,4860.0,4275.0,822
2021-03-19,4350.0,4050.0,4365.0,4035.0,393
2021-03-22,4140.0,4125.0,4185.0,3840.15,234
2021-03-23,4140.0,3960.0,4140.0,3855.0,180
2021-03-24,3975.0,3795.0,3990.0,3765.0,142
2021-03-25,3750.0,3780.0,3915.0,3630.0,100
2021-03-26,3795.0,3540.0,3824.25,3510.0,222
2021-03-29,3540.0,3330.0,3645.0,3300.0,186
2021-03-30,3330.0,3480.0,3510.0,3285.0,94
2021-03-31,3525.0,3585.0,3659.85,3525.0,114
2021-04-01,3585.0,3540.0,3660.0,3525.0,52
2021-04-05,3540.0,3615.0,3675.0,3540.0,81
2021-04-06,3600.0,3630.0,3735.0,3540.0,132
2021-04-07,3570.0,3540.0,3629.7,3419.85,90
2021-04-08,3465.0,3420.0,3510.0,3375.0,87
2021-04-09,3405.0,3345.0,3435.0,3300.0,64
2021-04-12,3345.0,3090.0,3360.0,3030.0,164
2021-04-13,3075.0,3105.0,3210.0,3075.0,104
2021-04-14,3105.0,3195.0,3285.0,3075.0,79
2021-04-15,3150.0,3045.0,3270.0,3045.0,136
2021-04-16,3030.0,3120.0,3180.0,2940.0,226
2021-04-19,3150.0,3030.0,3360.0,2850.0,340
2021-04-20,2970.0,2895.0,3030.0,2820.0,136
2021-04-21,2880.0,3045.0,3090.0,2880.0,91
2021-04-22,3090.0,3075.0,3090.0,2970.0,41
2021-04-23,3030.0,3075.0,3075.0,2925.0,67
2021-04-26,3060.0,3120.0,3180.0,3000.0,136
2021-04-27,3150.0,3045.0,3195.0,3015.0,81
2021-04-28,3045.0,3104.85,3105.0,2985.0,67
2021-04-29,3150.0,3075.0,3150.0,3000.0,72
2021-04-30,3000.0,3000.0,3075.0,2970.0,126
2021-05-03,3000.0,3000.0,3087.0,2940.0,96
2021-05-04,2940.0,2835.0,2962.5,2745.0,137
2021-05-05,2850.0,2836.5,2925.0,2790.0,95
2021-05-06,2820.0,2685.0,2887.65,2655.0,159
2021-05-07,2655.0,2760.0,2880.0,2655.0,167
2021-05-10,2790.0,2700.0,2850.0,2655.0,151
2021-05-11,2637.3,2760.0,2790.0,2550.0,100
2021-05-12,2685.0,2700.0,2730.0,2602.2,68
2021-05-13,2640.0,2565.0,2790.0,2565.0,115
2021-05-14,2595.0,2685.0,2730.0,2580.0,99
2021-05-17,2715.0,2730.0,2730.0,2610.0,47
2021-05-18,2700.0,2820.0,2820.0,2655.0,81
2021-05-19,2820.0,2790.0,2910.0,2715.0,71
2021-05-20,2820.0,2835.0,2865.0,2745.0,50
2021-05-21,2835.0,2805.0,2850.0,2760.0,41
2021-05-24,2805.0,2775.0,2835.0,2760.0,43
2021-05-25,2775.0,2760.0,2807.25,2715.0,50
2021-05-26,2820.0,2790.0,2820.0,2731.5,49
2021-05-27,2790.0,2760.0,2805.0,2700.0,51
2021-05-28,2760.0,2775.0,2820.0,2745.0,46
2021-06-01,2760.0,2760.0,2850.0,2730.0,60
2021-06-02,2790.0,2850.0,2870.55,2745.0,71
2021-06-03,2850.0,2925.0,2925.0,2790.0,53
2021-06-04,3000.0,3075.0,3180.0,2940.0,211
2021-06-07,3105.0,3150.0,3210.0,3060.0,214
2021-06-08,3090.0,3015.0,3150.0,2970.0,79
2021-06-09,2985.0,2985.0,3085.95,2970.15,95
2021-06-10,2970.0,2970.0,3024.6,2955.0,43
2021-06-11,2970.0,3015.0,3015.0,2940.0,48
2021-06-14,3045.0,3015.0,3045.0,2925.0,48
2021-06-15,3000.0,2985.0,3000.0,2925.0,44
2021-06-16,2945.25,2910.0,3000.0,2805.0,108
2021-06-17,2985.0,3000.0,3030.0,2880.0,140
2021-06-18,3015.0,3060.0,3075.0,2955.15,211
2021-06-21,3060.0,3075.0,3075.0,3000.0,129
2021-06-22,3075.0,3105.0,3120.0,2970.0,194
2021-06-23,3075.0,3000.0,3105.0,2985.0,96
2021-06-24,3000.0,3090.0,3195.0,2985.0,672
2021-06-25,3105.0,3105.0,3135.0,3045.0,138
2021-06-28,3136.8,3015.0,3165.0,2940.0,126
2021-06-29,4020.0,3195.0,4020.0,2910.0,11414
2021-06-30,2989.05,2940.0,3105.0,2865.0,833
2021-07-01,2910.0,2850.0,2970.0,2850.0,393
2021-07-02,2880.0,2730.0,2902.5,2660.4,560
2021-07-06,2730.0,2730.0,2760.0,2595.15,288
2021-07-07,2835.0,2700.0,2835.0,2565.0,377
2021-07-08,2610.0,2700.0,2715.0,2475.0,266
2021-07-09,2745.0,2775.0,2820.0,2655.0,165
2021-07-12,2910.0,2970.0,2970.0,2700.0,1214
2021-07-13,2895.0,2760.0,2917.5,2760.0,289
2021-07-14,2820.0,2700.0,2820.0,2655.0,191
2021-07-15,2700.0,2700.0,2700.0,2625.0,164
2021-07-16,2745.0,2730.0,2745.0,2633.55,94
2021-07-19,2625.0,2700.0,2715.0,2625.0,115
2021-07-20,2730.0,2640.0,2730.0,2626.5,132
2021-07-21,2730.0,2700.0,2730.0,2640.0,121
2021-07-22,2685.0,2760.0,2775.0,2685.0,69
2021-07-23,2745.0,2670.0,2775.0,2670.0,63
2021-07-26,2685.0,2595.0,2693.7,2550.0,113
2021-07-27,2580.0,2580.0,2640.0,2475.0,121
2021-07-28,2565.0,2580.0,2625.0,2520.0,139
2021-07-29,2640.0,2595.0,2658.45,2550.0,74
2021-07-30,2565.0,2580.0,2610.0,2550.0,60
2021-08-02,2550.0,2550.0,2578.5,2505.0,67
2021-08-03,2580.0,2520.0,2580.0,2475.0,49
2021-08-04,2490.0,2535.0,2565.0,2490.0,62
2021-08-05,2520.0,2580.0,2580.0,2520.0,50
2021-08-06,2580.0,2505.0,2580.0,2505.0,62
2021-08-09,2535.0,2535.0,2580.0,2490.0,52
2021-08-10,2535.0,2505.0,2550.0,2490.0,62
2021-08-11,2475.0,2490.0,2505.0,2445.0,87
2021-08-12,2490.0,2445.0,2490.0,2430.15,58
2021-08-13,2475.0,2505.0,2550.0,2460.0,71
2021-08-16,2460.0,2370.0,2495.55,2325.0,95
2021-08-17,2400.0,2280.0,2400.0,2208.15,151
2021-08-18,2265.0,2280.0,2339.85,2130.0,108
2021-08-19,2265.0,2100.0,2265.0,2100.0,107
2021-08-20,2085.0,2250.0,2280.0,2085.0,69
2021-08-23,2280.0,2287.5,2295.0,2235.15,74
2021-08-24,2265.0,2325.0,2355.0,2265.0,58
2021-08-25,2325.0,2490.0,2595.0,2325.0,372
2021-08-26,2550.0,2445.0,2550.0,2400.0,141
2021-08-27,2445.0,2430.0,2508.75,2400.0,122
2021-08-30,2460.0,2490.0,2505.0,2370.0,60
2021-08-31,2505.0,2550.0,2550.0,2430.0,55
2021-09-01,2550.0,2445.0,2550.0,2430.0,43
2021-09-02,2430.0,2475.0,2490.0,2430.0,29
2021-09-03,2520.0,2505.0,2535.0,2430.0,75
2021-09-07,2475.0,2400.0,2505.0,2385.0,59
2021-09-08,2400.0,2385.0,2430.0,2325.15,57
2021-09-09,2370.0,2370.0,2430.0,2340.0,49
2021-09-10,2475.0,2295.0,2475.0,2265.0,126
2021-09-13,2265.0,2325.0,2475.0,2175.0,177
2021-09-14,2355.0,2295.0,2368.05,2205.15,99
2021-09-15,2265.0,2325.0,2325.0,2265.0,25
2021-09-16,2340.0,2295.0,2340.0,2265.0,23
2021-09-17,2265.0,2325.0,2340.0,2250.15,43
2021-09-20,2280.0,2190.0,2325.0,2175.0,81
2021-09-21,2250.0,2175.0,2263.5,2145.0,81
2021-09-22,2160.0,2220.0,2310.0,2156.85,50
2021-09-23,2205.0,2265.0,2325.0,2205.0,29
2021-09-24,2280.0,2235.0,2280.0,2197.5,44
2021-09-27,2310.0,2370.0,2370.0,2250.0,73
2021-09-28,2355.0,2325.0,2355.0,2265.0,49
2021-09-29,2370.0,2400.0,2445.0,2250.0,100
2021-09-30,2310.0,2235.0,2400.0,2062.5,891
2021-10-01,2190.0,2220.0,2250.0,2130.0,73
2021-10-04,2205.0,2130.0,2220.0,2130.0,70
2021-10-05,2145.0,2145.0,2178.15,2130.0,63
2021-10-06,2145.0,2160.0,2160.0,2070.0,57
2021-10-07,2145.0,2160.0,2205.0,2100.0,94
2021-10-08,2175.0,2250.0,2250.0,2100.0,95
2021-10-11,2219.1,2235.0,2265.0,2205.0,49
2021-10-12,2250.0,2205.0,2250.0,2190.0,60
2021-10-13,2220.0,2310.0,2310.0,2206.35,41
2021-10-14,2325.0,2235.0,2325.0,2205.0,73
2021-10-15,2265.0,2205.0,2265.0,2190.0,59
2021-10-18,2190.0,2130.0,2205.0,2100.0,59
2021-10-19,2145.0,2130.0,2190.0,2100.0,45
2021-10-20,2115.0,2160.0,2190.0,2115.0,85
2021-10-21,2145.0,2145.0,2190.0,2130.0,51
2021-10-22,2145.0,2115.0,2167.5,2085.0,87
2021-10-25,2100.0,2085.0,2144.1,2025.0,91
2021-10-26,2100.0,2055.0,2112.75,2025.0,100
2021-10-27,2025.0,2010.0,2070.0,2010.0,86
2021-10-28,2010.0,2040.0,2100.0,2010.0,65
2021-10-29,2070.0,2070.0,2085.0,2040.0,29
2021-11-01,2070.0,2040.0,2070.0,1980.0,86
2021-11-02,2100.0,2025.0,2100.0,1980.0,157
2021-11-03,1995.0,2025.0,2040.0,1980.0,66
2021-11-04,2055.0,2025.0,2055.0,1980.0,94
2021-11-05,2010.0,1890.0,2010.0,1875.0,293
2021-11-08,1890.0,1890.0,1920.0,1875.0,118
2021-11-09,1875.0,1845.0,1905.0,1830.0,89
2021-11-10,1875.0,1920.0,1935.0,1875.0,58
2021-11-11,1890.0,1845.0,1930.65,1830.0,115
2021-11-12,1830.0,1845.0,1874.85,1830.0,31
2021-11-15,1815.0,1695.0,1845.0,1650.0,282
2021-11-16,1740.0,1912.5,2220.0,1680.0,2308
2021-11-17,1845.0,1875.0,1890.0,1815.0,169
2021-11-18,1860.0,1740.0,1860.0,1725.0,205
2021-11-19,1770.0,1710.0,1785.0,1695.0,54
2021-11-22,1695.0,1680.0,1740.0,1665.0,85
2021-11-23,1665.0,1665.0,1717.5,1560.0,137
2021-11-24,1650.0,1755.0,1770.0,1635.0,103
2021-11-26,1680.0,1725.0,1725.0,1665.0,49
2021-11-29,1755.0,1665.0,1755.0,1665.0,66
2021-11-30,1665.0,1680.0,1740.0,1590.0,134
2021-12-01,1665.0,1590.0,1710.0,1590.0,54
2021-12-02,1755.0,1605.0,1755.0,1470.0,326
2021-12-03,1575.0,1492.5,1590.0,1470.075,117
2021-12-06,1350.0,1410.0,1650.0,1335.0,256
2021-12-07,1380.0,1488.3,1513.35,1380.0,132
2021-12-08,1470.0,1515.0,1529.7,1470.0,45
2021-12-09,1500.0,1500.0,1605.0,1500.0,40
2021-12-10,1500.0,1530.0,1545.0,1500.0,44
2021-12-13,1545.0,1464.75,1545.0,1455.15,30
2021-12-14,1478.7,1440.0,1500.0,1365.0,81
2021-12-15,1425.0,1380.9,1428.45,1350.75,95
2021-12-16,1395.0,1366.5,1496.4,1335.0,245
2021-12-17,1350.0,1350.0,1380.0,1320.0,92
2021-12-20,1365.0,1335.15,1365.0,1275.0,80
2021-12-21,1500.0,1368.0,1530.0,1335.15,198
2021-12-22,1464.75,1334.85,1464.75,1320.3,136
2021-12-23,1335.0,1300.95,1335.0,1290.45,116
2021-12-27,1290.45,1206.45,1333.2,1189.0515,164
2021-12-28,1215.0,1136.4,1215.0,1127.1,100
2021-12-29,1163.1,1074.45,1170.0,1065.0,99
2021-12-30,1076.1,1138.95,1185.0,1065.0,230
2021-12-31,1095.0,1053.6,1170.0,1038.6,275
2022-01-03,1140.0,1158.0,1221.6,1125.0,164
2022-01-04,1185.0,1198.95,1200.0,1140.0,130
2022-01-05,1260.0,1575.0,2070.0,1227.9,16597
2022-01-06,1185.0,1140.0,1200.0,1110.0,2733
2022-01-07,1110.0,1117.2,1124.55,1052.25,446
2022-01-10,1099.05,1079.4,1099.05,1005.15,424
2022-01-11,1050.0,1079.55,1245.0,1035.0,676
2022-01-12,1110.0,1108.5,1115.85,1050.0,182
2022-01-13,1108.5,1089.15,1125.0,1080.9,129
2022-01-14,1080.0,1147.35,1155.0,1050.0,173
2022-01-18,1155.0,1125.0,1175.25,1113.6,169
2022-01-19,1155.0,1120.5,1194.6,1095.3,255
2022-01-20,1100.7,1066.35,1140.0,1050.0,197
2022-01-21,1062.0,998.25,1062.0,990.0,220
2022-01-24,975.0,958.2,983.55,885.0,230
2022-01-25,990.0,930.0,1005.0,901.65,82
2022-01-26,952.35,947.4,1005.0,915.0,76
2022-01-27,972.3,855.0,998.6985,825.0,139
2022-01-28,900.0,875.1,900.0,787.65,162
2022-01-31,876.9,901.5,949.2,863.1,59
2022-02-01,921.75,869.1,947.7,855.0,292
2022-02-02,863.25,748.65,863.25,739.4265,509
2022-02-03,750.0,697.5,795.0,663.6,572
2022-02-04,705.0,660.0,734.85,631.05,520
2022-02-07,659.85,647.85,705.0,624.75,308
2022-02-08,617.55,608.85,653.55,586.5,556
2022-02-09,608.85,627.0,630.0,606.0,126
2022-02-10,615.0,585.0,627.0,572.25,450
2022-02-11,622.5,532.5,622.5,512.85,574
2022-02-14,540.0,506.85,540.0,492.0,342
2022-02-15,510.0,525.0,539.85,495.0,601
2022-02-16,510.0,499.8,514.5,495.0,490
2022-02-17,502.5,497.1,504.0,487.5,394
2022-02-18,510.0,505.8,540.0,487.65,439
2022-02-22,520.95,509.7,525.45,487.5,202
2022-02-23,510.0,507.0,539.4,487.5,441
2022-02-24,490.5,477.0,490.5,450.75,474
2022-02-25,465.0,510.15,525.15,453.165,434
2022-02-28,525.0,585.0,589.5,496.65,548
2022-03-01,585.0,498.15,825.0,465.0,9298
2022-03-02,495.0,497.1,546.15,478.4985,1403
2022-03-03,496.05,547.5,558.75,465.0,7335
2022-03-04,487.65,470.25,552.0,457.5,5875
2022-03-07,441.15,399.0,458.55,390.147,2276
2022-03-08,400.5,392.85,427.5,367.95,1204
2022-03-09,414.0,426.15,432.0,405.15,763
2022-03-10,420.0,424.95,430.5,405.0,440
2022-03-11,420.0,505.2,522.0,420.0,1364
2022-03-14,532.35,457.8,544.5,451.5,891
2022-03-15,457.8,480.45,490.05,448.5,425
2022-03-16,494.85,474.0,494.85,465.45,223
2022-03-17,487.5,475.5,523.2,463.5,837
2022-03-18,577.65,495.0,585.0,472.5,1290
2022-03-21,570.0,483.0,570.0,466.65,606
2022-03-22,480.0,510.0,539.55,480.0,822
2022-03-23,495.0,498.15,510.0,483.15,352
2022-03-24,498.0,514.05,529.35,498.0,438
2022-03-25,535.5,502.35,535.5,478.8,378
2022-03-28,488.4,486.0,501.45,472.5,276
2022-03-29,484.5,510.15,522.3,483.6,230
2022-03-30,510.15,514.35,538.2,501.9,273
2022-03-31,513.0,511.5,525.0,502.65,145
2022-04-01,511.35,510.0,525.0,495.15,256
2022-04-04,502.65,496.65,524.9985,470.55,273
2022-04-05,497.85,569.55,645.0,497.85,4937
2022-04-06,598.95,635.85,645.0,547.5,2089
2022-04-07,633.45,592.5,671.25,570.0,965
2022-04-08,585.0,539.85,592.5,532.5,1203
2022-04-11,540.0,580.05,623.55,526.5,1266
2022-04-12,579.0,600.0,613.5,543.75,966
2022-04-13,600.0,645.0,660.0,581.25,2007
2022-04-14,630.0,585.15,645.0,570.0,912
2022-04-18,561.75,517.5,570.0,510.0,440
2022-04-19,535.5,533.7,567.0,525.0,352
2022-04-20,537.6,520.05,559.2,517.5,252
2022-04-21,517.5,482.25,526.35,472.8,461
2022-04-22,495.0,502.5,509.85,466.65,244
2022-04-25,487.5,494.85,510.0,469.5,164
2022-04-26,481.35,491.85,498.0,480.75,119
2022-04-27,495.0,492.3,537.0,480.0,607
2022-04-28,534.9,501.0,534.9,484.5,334
2022-04-29,597.0,507.3,597.0,496.8,167
2022-05-02,510.0,498.3,525.0,487.5015,181
2022-05-03,511.5,525.0,540.0,497.55,251
2022-05-04,525.0,522.45,532.5,502.5,69
2022-05-05,510.0,491.1,539.685,472.5,267
2022-05-06,476.4,471.6,498.5985,465.0,134
2022-05-09,465.0,442.8,485.85,420.0,512
2022-05-10,442.8,450.0,465.639,436.5,76
2022-05-11,450.0,413.1,450.0,405.0,255
2022-05-12,405.0,411.75,419.7,391.5,160
2022-05-13,427.5,434.7,450.0,411.75,506
2022-05-16,435.0,426.0,448.35,404.7,338
2022-05-17,426.45,425.1,442.35,415.8,111
2022-05-18,397.5,429.15,456.6,397.5,350
2022-05-19,420.0,435.0,435.0,412.5,168
2022-05-20,450.0,414.0,450.0,407.7,240
2022-05-23,405.0,429.15,449.9985,382.5,535
2022-05-24,440.25,423.6,440.25,375.75,270
2022-05-25,427.5,446.7,465.0,406.65,354
2022-05-26,450.0,472.5,480.0,446.7,644
2022-05-27,480.0,442.35,486.3,411.15,283
2022-05-31,450.0,454.8,524.25,435.15,348
2022-06-01,435.0,450.0,472.95,432.0,110
2022-06-02,465.0,476.4,510.0,450.0,434
2022-06-03,462.15,486.0,520.725,462.15,629
2022-06-06,472.5,478.5,493.5,450.0,363
2022-06-07,477.0,465.0,507.0,453.75,196
2022-06-08,465.0,460.8,480.0,442.5,233
2022-06-09,460.8,465.0,475.65,450.0,213
2022-06-10,451.65,430.125,464.85,405.0,206
2022-06-13,420.0,402.6,433.35,393.0,205
2022-06-14,412.5765,400.5,420.15,394.5,108
2022-06-15,419.85,409.05,419.85,394.5,197
2022-06-16,407.55,409.05,412.5,390.0,100
2022-06-17,412.5,420.0,430.5,409.5,160
2022-06-21,433.8,405.0,433.8,394.5,179
2022-06-22,405.0,420.0,462.0,405.0,116
2022-06-23,554.7,416.85,565.2,401.25,8105
2022-06-24,397.35,397.2,431.25,385.5,858
2022-06-27,391.5,398.1,420.0,387.3,527
2022-06-28,395.55,394.35,420.0,390.0,428
2022-06-29,394.5,412.35,427.5,389.7,695
2022-06-30,393.9,420.0,441.0,390.0,1186
2022-07-01,391.5,397.5,421.65,375.15,358
2022-07-05,410.1,391.65,410.1,382.5,200
2022-07-06,390.0,390.3,406.5,390.0,244
2022-07-07,410.1,423.45,433.2,397.5,395
2022-07-08,429.6,426.1515,432.0,410.25,202
2022-07-11,427.35,398.4015,431.25,390.75,249
2022-07-12,418.2,407.85,418.2,399.0,190
2022-07-13,403.5,397.65,420.0,391.65,163
2022-07-14,397.5,388.35,417.0,375.0,307
2022-07-15,376.65,405.0,415.5135,352.5,290
2022-07-18,397.5,356.55,397.5,330.0,634
2022-07-19,367.8,350.9985,371.4,331.35,164
2022-07-20,349.35,345.0,367.35,338.1,152
2022-07-21,345.0,349.5,358.35,333.75,361
2022-07-22,357.0,336.75,357.0,333.75,102
2022-07-25,339.75,345.0,353.25,330.45,129
2022-07-26,332.4,309.45,345.0,300.0,397
2022-07-27,317.85,330.0,344.85,309.6,203
2022-07-28,334.2,324.15,334.275,315.0,22
2022-07-29,330.1515,329.55,331.35,306.0,183
2022-08-01,343.5,330.0,344.9985,306.0,154
2022-08-02,344.55,319.8,344.55,300.0,162
2022-08-03,308.25,329.4,330.0,308.25,138
2022-08-04,330.0,345.0,353.4,323.4,115
2022-08-05,339.0,339.3,367.5,339.0,163
2022-08-08,361.35,388.05,390.0,340.35,415
2022-08-09,390.0,375.3,397.5,362.85,154
2022-08-10,364.05,376.8,397.35,364.05,79
2022-08-11,377.25,389.25,390.0,367.5,101
2022-08-12,389.4,383.4,389.4,375.0,64
2022-08-15,390.0,388.35,403.95,375.0,145
2022-08-16,376.65,360.0,388.35,360.0,113
2022-08-17,390.0,367.5,393.0,345.0015,80
2022-08-18,367.5,369.75,385.8,330.3,146
2022-08-19,375.0,370.5,378.0,331.65,87
2022-08-22,333.0,360.75,370.35,331.65,90
2022-08-23,360.0,371.1,374.8485,360.0,31
2022-08-24,372.75,382.35,397.35,360.0,257
2022-08-25,390.0,396.0,404.8485,375.1515,115
2022-08-26,405.0,386.1,405.0,377.1,29
2022-08-29,380.1,388.6515,405.0,375.75,263
2022-08-30,396.0,378.15,396.75,377.7,66
2022-08-31,378.3,366.6,404.85,342.15,640
2022-09-01,365.55,360.75,403.35,345.75,371
2022-09-02,360.0,371.7,389.85,351.0,135
2022-09-06,361.5,358.2,382.35,350.7,47
2022-09-07,346.65,360.0,367.6875,346.65,59
2022-09-08,346.5,354.0,375.0,343.5,24
2022-09-09,351.15,351.3,375.0,351.15,76
2022-09-12,352.5,352.5,375.0,352.5,69
2022-09-13,368.25,364.8,412.5,363.75,812
2022-09-14,382.5,360.0,432.0,352.5,1131
2022-09-15,404.85,369.0,404.85,360.0,113
2022-09-16,352.5,357.0,374.85,352.5,71
2022-09-19,360.0,337.5,378.75,319.5,219
2022-09-20,330.0,335.4,343.5,330.0,10
2022-09-21,352.05,324.75,352.05,249.3,278
2022-09-22,301.8,285.9,311.1,273.0,82
2022-09-23,285.0,287.7,303.0,273.0,65
2022-09-26,295.35,292.35,300.0,273.0,59
2022-09-27,311.1,285.15,344.8485,252.15,100
2022-09-28,271.5,292.65,298.5,271.5,45
2022-09-29,282.0,282.9,315.0,257.85,52
2022-09-30,285.0,268.5,303.75,268.5,92
2022-10-03,300.0,270.0,300.0,258.75,31
2022-10-04,285.0,271.95,296.1,258.9,103
2022-10-05,278.1,273.6,303.75,270.0,65
2022-10-06,294.6,281.7,294.9,270.0,64
2022-10-07,270.15,289.05,309.0,270.15,123
2022-10-10,291.0,297.9,309.0,291.0,59
2022-10-11,296.25,309.75,345.0,292.5,267
2022-10-12,307.35,314.6985,339.0,300.0,80
2022-10-13,300.0,303.15,314.55,300.0,26
2022-10-14,302.25,307.2,328.05,300.0,21
2022-10-17,322.65,291.0,322.65,291.0,43
2022-10-18,301.5,279.15,328.05,277.5,56
2022-10-19,277.5,285.15,315.0,277.5,53
2022-10-20,276.0,279.3,299.85,276.0,54
2022-10-21,328.05,278.25,328.05,277.65,71
2022-10-24,251.25,261.075,267.0,251.25,65
2022-10-25,289.5,276.9,315.0,255.15,41
2022-10-26,276.9,276.3,289.5,262.8,19
2022-10-27,262.8,263.25,273.75,262.65,13
2022-10-28,277.5,270.0,277.5,260.85,79
2022-10-31,247.5,240.0,267.0,240.0,90
2022-11-01,268.8735,255.0,284.85,255.0,102
2022-11-02,270.0,299.7,311.25,262.65,247
2022-11-03,300.0,300.0,310.2,274.2,80
2022-11-04,310.35,285.75,310.35,277.65,50
2022-11-07,314.85,285.15,314.85,270.0,77
2022-11-08,285.0,285.3,311.1,280.2,34
2022-11-09,285.0,277.125,300.0,270.1485,28
2022-11-10,277.5,278.85,285.0,270.0,35
2022-11-11,284.25,283.5,284.25,270.1515,35
2022-11-14,284.85,291.6,292.5,273.75,62
2022-11-15,283.95,285.15,300.0,282.0,21
2022-11-16,280.2,294.6,299.1,271.2,104
2022-11-17,287.913,292.5,307.5,285.3,136
2022-11-18,292.5,300.0,307.05,292.5,41
2022-11-21,300.0,310.5,326.4,292.5,97
2022-11-22,315.0,315.0,328.05,310.8,49
2022-11-23,315.0,327.75,327.75,315.0,21
2022-11-25,321.15,315.0,329.85,315.0,45
2022-11-28,315.0,250.65,321.45,240.0,506
2022-11-29,214.0,202.5,228.5,200.765,1723
2022-11-30,202.5,151.5,202.51,143.505,2723
2022-12-01,155.0,145.0,168.5,142.5,2783
2022-12-02,143.5,138.0,149.0,136.0,1827
2022-12-05,138.0,127.0,143.5,127.0,912
2022-12-06,130.0,125.5,130.0,119.5,1159
2022-12-07,125.0,118.5,125.52,110.0,666
2022-12-08,121.96,117.5,122.0,114.0,323
2022-12-09,117.5,139.5,142.495,117.5,797
2022-12-12,143.5,125.0,150.0,120.0,1526
2022-12-13,127.5,117.0,127.5,117.0,384
2022-12-14,117.0,126.0,127.5,116.0,442
2022-12-15,127.005,127.5,139.99,120.0,683
2022-12-16,128.005,146.55,153.495,128.005,1286
2022-12-19,147.0,147.0,153.0,140.0,335
2022-12-20,154.93,139.0,154.93,138.5,736
2022-12-21,139.0,124.5,139.0,121.11,394
2022-12-22,124.02,105.0,124.495,102.5,758
2022-12-23,105.0,109.5,110.25,105.0,174
2022-12-27,106.5,107.0,112.495,106.5,69
2022-12-28,106.5,107.5,110.59,106.5,99
2022-12-29,106.5,112.0,130.0,106.5,783
2022-12-30,114.4,120.0,123.5,112.755,716
2023-01-03,120.0,133.0,133.5,117.5,1351
2023-01-04,138.0,154.0,154.5,138.0,1341
2023-01-05,154.0,145.5,172.0,145.0,743
2023-01-06,164.485,145.0,164.485,135.5,1114
2023-01-09,140.5,137.0,145.0,137.0,412
2023-01-10,139.505,136.5,144.75,134.0,262
2023-01-11,139.0,135.5,140.5,127.0,495
2023-01-12,132.5,124.5,140.0,121.5,973
2023-01-13,126.0,120.0,129.995,117.0,463
2023-01-17,119.0,126.0,127.5,116.5,309
2023-01-18,126.49,117.0,126.5,115.0,394
2023-01-19,117.005,119.5,119.995,112.5,146
2023-01-20,117.5,110.5,119.5,110.0,857
2023-01-23,115.0,116.0,119.0,111.0,714
2023-01-24,114.0,114.5,120.0,110.0,603
2023-01-25,113.88,119.5,119.86,112.5,1106
2023-01-26,123.0,120.45,124.0,111.0,725
2023-01-27,120.915,112.5,122.685,110.0,432
2023-01-30,118.5,112.5,118.5,110.5,336
2023-01-31,112.0,110.5,115.0,108.0,559
2023-02-01,113.75,113.5,115.275,109.5,504
2023-02-02,115.0,112.0,116.5,109.0,780
2023-02-03,115.0,122.5,128.56,112.0,1792
2023-02-06,126.0,117.25,127.0,113.5,927
2023-02-07,115.5,108.0,121.5,106.0,1529
2023-02-08,113.0,104.0,116.955,104.0,557
2023-02-09,105.0,101.0,108.995,96.5,1079
2023-02-10,100.5,95.5,105.5,95.5,887
2023-02-13,97.5,100.37,100.5,96.0,167
2023-02-14,101.5,90.0,101.5,89.505,736
2023-02-15,90.0,86.0,93.025,80.0,1141
2023-02-16,90.5,87.0,93.085,82.5,560
2023-02-17,87.0,83.5,88.5,79.0,720
2023-02-21,83.5,83.5,93.5,79.4,1144
2023-02-22,83.5,81.6,87.5,78.0,599
2023-02-23,82.0,79.5,86.0,77.5,475
2023-02-24,79.585,82.5,84.85,77.5,728
2023-02-27,84.5,80.0,94.5,78.0,898
2023-02-28,82.175,92.5,109.5,80.5,6774
2023-03-01,92.5,88.5,95.58,83.6,1287
2023-03-02,82.5,83.0,90.27,81.265,572
2023-03-03,84.5,86.0,88.995,80.0,616
2023-03-06,82.5,84.5,86.5,80.0,462
2023-03-07,82.5,81.0,85.0,77.0,486
2023-03-08,81.0,73.5,83.5,67.0,3252
2023-03-09,71.5,67.5,74.575,64.0,841
2023-03-10,71.5,62.5,71.5,56.0,1661
2023-03-13,63.5,66.5,69.495,62.495,554
2023-03-14,68.0,63.0,69.5,60.5,851
2023-03-15,65.0,62.0,65.0,59.0,788
2023-03-16,61.74,59.0,64.705,57.5,1076
2023-03-17,59.0,56.0,61.0,52.5,978
2023-03-20,56.0,54.5,56.5,49.515,847
2023-03-21,59.0,55.0,59.0,54.0,416
2023-03-22,55.5,55.5,58.01,53.5,345
2023-03-23,55.5,52.5,57.14,51.65,444
2023-03-24,52.5,57.0,58.0,52.5,532
2023-03-27,59.0,54.5,59.0,50.0,660
2023-03-28,52.5,49.5,53.0,48.58,1494
2023-03-29,52.5,49.81,53.0,47.5,1483
2023-03-30,50.0,49.0,52.0,49.0,2395
2023-03-31,49.0,50.0,52.495,46.5,1220
2023-04-03,47.0,49.0,50.5,45.5,1454
2023-04-04,46.5,46.0,48.995,44.995,1410
2023-04-05,45.93645,43.3,45.93645,42.5,501
2023-04-06,66.5,37.505,70.5,35.055,253056
2023-04-10,35.71,37.46,38.625,30.525,18846
2023-04-11,36.995,35.01,38.495,34.005,8949
2023-04-12,34.995,34.05,36.0,33.005,6277
2023-04-13,36.0,34.25,36.0,33.505,3036
2023-04-14,35.0,117.5,171.5,33.5,1001726
2023-04-17,181.0,137.5,220.0,130.0,838273
2023-04-18,106.0,102.0,122.5,95.0,73392
2023-04-19,87.5,88.5,131.0,83.82,116320
2023-04-20,107.0,131.0,167.5,107.0,1427645
2023-04-21,126.5,94.5,128.5,88.0,71634
2023-04-24,89.5,92.5,105.0,85.5,29708
2023-04-25,88.5,89.0,101.445,87.0,19439
2023-04-26,89.0,85.0,89.0,75.0,14797
2023-04-27,83.5,86.0,98.0,82.6,13454
2023-04-28,82.5,75.5,86.5,75.5,8953
2023-05-01,79.5,80.5,84.5,76.0,6919
2023-05-02,77.0,76.0,79.5,71.5,5455
2023-05-03,92.5,96.0,112.5,82.5,181176
2023-05-04,89.0,81.5,90.0,78.5,9891
2023-05-05,78.0,83.5,84.0,74.5,7856
2023-05-08,79.0,78.5,80.64,76.5,3152
2023-05-09,76.0,83.0,83.5,76.0,3677
2023-05-10,80.5,79.5,82.5,78.1,1283
2023-05-11,78.5,72.0,79.5,70.5,5045
2023-05-12,71.5,69.0,73.495,66.0,2618
2023-05-15,68.0,69.5,72.5,65.0,4666
2023-05-16,67.5,62.0,70.0,60.5,4444
2023-05-17,61.0,64.0,64.0,60.5,946
2023-05-18,67.0,67.5,82.0,63.005,43976
2023-05-19,67.5,79.5,80.495,65.0,33868
2023-05-22,93.5,88.5,109.0,81.0,109352
2023-05-23,85.0,94.5,96.5,83.525,9086
2023-05-24,90.5,99.5,101.995,90.005,5619
2023-05-25,95.0,99.5,101.5,90.0,4838
2023-05-26,94.5,92.005,98.675,91.5,3433
2023-05-30,92.0,87.5,92.47,81.0,4036
2023-05-31,91.0,92.0,93.985,85.0,4400
2023-06-01,92.5,90.5,95.0,90.0,4703
2023-06-02,93.0,115.5,149.0,92.69,189707
2023-06-05,110.5,118.5,119.5,103.0,10755
2023-06-06,118.5,131.5,145.5,116.015,16476
2023-06-07,131.0,134.0,139.4,114.0,8704
2023-06-08,136.0,115.5,136.0,114.0,9813
2023-06-09,115.5,107.0,118.0,100.5,7838
2023-06-12,108.0,101.5,108.82,100.5,2379
2023-06-13,105.0,100.0,105.0,96.0,3532
2023-06-14,102.0,109.0,123.995,97.5,9277
2023-06-15,108.0,108.0,109.5,99.5,6390
2023-06-16,111.0,108.0,113.5,105.5,6539
2023-06-20,109.5,115.5,115.5,107.0,2682
2023-06-21,111.5,113.5,113.5,109.0,1597
2023-06-22,113.0,120.5,120.5,109.0,3649
2023-06-23,115.0,117.5,119.0,113.16,2293
2023-06-26,115.5,106.5,117.495,106.0,2318
2023-06-27,105.5,101.5,112.0,101.5,3352
2023-06-28,104.5,100.5,107.0,97.81,3288
2023-06-29,102.5,108.0,112.0,99.5,2915
2023-06-30,110.0,111.5,111.5,107.0,2802
2023-07-03,111.0,111.5,114.0,108.0,1155
2023-07-05,108.5,112.0,113.495,104.01,1966
2023-07-06,111.5,109.5,111.5,103.5,2706
2023-07-07,108.5,111.0,114.0,106.5,4259
2023-07-10,107.5,121.5,126.0,106.0,5480
2023-07-11,122.0,116.0,133.0,110.0,6286
2023-07-12,115.5,115.5,124.0,110.5,3499
2023-07-13,112.0,112.5,126.0,110.51,2371
2023-07-14,111.5,107.0,117.5,106.0,2848
2023-07-17,107.5,107.0,112.71,102.795,2223
2023-07-18,106.5,105.0,106.5,101.0,1983
2023-07-19,105.5,108.5,109.79,105.0,1626
2023-07-20,109.5,107.0,110.5,105.0,1045
2023-07-21,106.5,108.0,111.5,104.0,1262
2023-07-24,110.0,107.5,110.5,106.0,700
2023-07-25,106.5,103.0,110.275,99.5,2382
2023-07-26,102.0,103.0,104.5,101.505,569
2023-07-27,105.5,103.0,106.0,101.0,1019
2023-07-28,102.0,107.25,108.0,100.0,1832
2023-07-31,106.0,113.0,117.0,106.0,3592
2023-08-01,112.5,107.0,114.96,105.1,1957
2023-08-02,105.72,109.0,110.0,105.72,1043
2023-08-03,108.0,109.5,111.5,106.0,2324
2023-08-04,107.5,113.5,113.5,106.505,3787
2023-08-07,110.5,108.0,115.33,106.0,3022
2023-08-08,107.5,106.0,113.66,106.0,2032
2023-08-09,110.5,107.0,110.5,106.0,811
2023-08-10,105.58,101.0,109.495,100.5,2764
2023-08-11,100.0,101.5,104.5,98.5,1100
2023-08-14,99.0,88.5,101.5,87.5,5131
2023-08-15,87.5,85.5,89.995,82.5,1571
2023-08-16,85.5,91.0,92.5,85.5,1107
2023-08-17,95.0,94.0,95.0,90.5,702
2023-08-18,91.0,90.5,94.5,90.5,500
2023-08-21,90.5,61.0,92.5,60.0,10195
2023-08-22,61.0,87.0,92.0,60.75,70999
2023-08-23,83.5,85.5,89.5,81.005,6711
2023-08-24,84.0,87.5,90.495,84.0,1383
2023-08-25,87.5,95.0,98.945,85.5,2338
2023-08-28,97.5,92.5,101.5,90.0,2430
2023-08-29,92.5,87.5,97.0,84.5,1132
2023-08-30,86.0,85.5,90.0,84.675,708
2023-08-31,84.005,85.5,89.7,84.005,479
2023-09-01,87.0,84.5,88.9,84.0,548
2023-09-05,83.0,79.0,86.0,76.0,2210
2023-09-06,76.5,78.0,78.5,75.0,1063
2023-09-07,76.5,77.0,79.5,72.0,1105
2023-09-08,79.0,74.0,79.0,72.0,575
2023-09-11,72.5,72.5,72.5,72.5,2
2023-09-12,76.5,73.5,76.535,72.82,235
2023-09-13,77.5,75.5,77.64,75.0,335
2023-09-14,74.5,72.5,74.5,72.105,334
2023-09-15,70.0,75.0,76.25,70.0,577
2023-09-18,71.0,71.0,73.5,67.5,736
2023-09-19,69.5,64.5,71.995,63.0,596
2023-09-20,64.6,63.5,68.73,63.0,239
2023-09-21,63.0,61.0,63.0,60.5,686
2023-09-22,60.0,58.5,64.01,58.5,643
2023-09-25,64.0,56.5,64.0,56.0,648
2023-09-26,56.5,54.5,59.0,53.5,713
2023-09-27,54.5,51.0,56.5,51.0,1258
2023-09-28,53.5,55.0,55.5,51.0,1316
2023-09-29,55.0,57.0,59.995,54.0,801
2023-10-02,56.0,57.0,57.5,55.12,284
2023-10-03,55.5,57.0,62.5,54.5,1057
2023-10-04,55.0,54.0,61.36,54.0,239
2023-10-05,54.505,54.5,57.975,54.5,361
2023-10-06,54.5,52.5,56.5,52.5,447
2023-10-09,52.5,51.51,57.25,51.51,343
2023-10-10,54.495,53.5,54.5,52.5,274
2023-10-11,52.0,59.0,61.495,52.0,470
2023-10-12,57.0,57.5,61.44,55.68,720
2023-10-13,55.01,67.5,73.5,55.01,2093
2023-10-16,70.5,81.0,85.445,67.095,7921
2023-10-17,73.0,80.0,87.495,72.5,2920
2023-10-18,84.995,89.0,102.0,75.5,4112
2023-10-19,101.0,99.0,101.5,84.505,2631
2023-10-20,102.0,101.0,111.0,96.1,4159
2023-10-23,108.0,105.0,109.5,100.0,1483
2023-10-24,109.5,120.0,120.5,102.5,2977
2023-10-25,115.5,124.0,137.0,115.5,4550
2023-10-26,121.0,99.0,122.5,94.0,4310
2023-10-27,101.5,94.5,118.485,93.5,2383
2023-10-30,94.5,100.5,104.0,94.34,849
2023-10-31,100.0,103.5,110.0,98.925,1016
2023-11-01,104.0,99.5,104.0,99.5,810
2023-11-02,105.0,97.5,106.4,95.5,1013
2023-11-03,98.5,100.0,103.995,97.5,1106
2023-11-06,100.0,96.0,100.5,96.0,885
2023-11-07,95.0,84.0,98.0,79.0,1695
2023-11-08,85.5,81.0,87.0,78.5,989
2023-11-09,83.0,73.0,83.785,70.0,770
2023-11-10,72.5,72.5,73.5,70.0,677
2023-11-13,76.5,83.0,83.5,75.31,780
2023-11-14,79.0,83.5,87.5,78.5,972
2023-11-15,87.0,96.0,99.495,83.995,1258
2023-11-16,94.0,105.0,112.5,94.0,3418
2023-11-17,105.5,133.5,134.0,105.0,3613
2023-11-20,129.5,123.0,137.5,116.505,2659
2023-11-21,123.5,104.5,123.5,98.0,2729
2023-11-22,108.0,112.5,135.0,107.5,4560
2023-11-24,110.0,119.0,121.0,110.0,974
2023-11-27,113.0,114.5,118.995,112.5,698
2023-11-28,112.5,105.0,115.995,95.25,1444
2023-11-29,107.5,103.0,109.0,101.0,1330
2023-11-30,101.0,104.0,108.5,101.0,394
2023-12-01,103.775,109.0,110.0,103.0,602
2023-12-04,110.0,109.0,110.505,104.325,481
2023-12-05,112.0,106.0,112.0,106.0,1214
2023-12-06,106.0,105.0,114.5,103.0,925
2023-12-07,107.785,105.0,112.495,100.0,749
2023-12-08,104.0,103.5,105.0,96.0,916
2023-12-11,100.0,95.0,101.775,91.0,1199
2023-12-12,95.5,91.5,98.0,89.5,1052
2023-12-13,91.0,86.5,94.95,82.5,2460
2023-12-14,91.0,88.0,94.225,87.0,1144
2023-12-15,93.0,86.5,100.5,86.5,2763
2023-12-18,88.0,66.5,89.605,57.5,11433
2023-12-19,70.0,64.5,71.0,55.0,6267
2023-12-20,62.5,49.5,67.5,49.5,7951
2023-12-21,53.0,58.5,65.0,49.65,7631
2023-12-22,60.0,60.5,62.65,57.5,1722
2023-12-26,57.5,64.0,70.0,57.5,2954
2023-12-27,63.0,64.0,68.0,60.0,2130
2023-12-28,62.5,63.0,64.995,62.0,455
2023-12-29,62.0,63.5,65.5,61.0,673
2024-01-02,65.0,59.5,65.0,59.0,1090
2024-01-03,59.5,57.5,61.0,55.0,572
2024-01-04,57.505,57.5,59.0,55.0,460
2024-01-05,60.5,59.5,60.5,57.5,186
2024-01-08,59.5,61.0,61.0,54.5,409
2024-01-09,58.75,57.5,59.5,56.01,625
2024-01-10,56.5,53.5,57.25,53.0,601
2024-01-11,53.0,50.5,53.995,48.51,1913
2024-01-12,50.5,46.75,51.5,45.0,2640
2024-01-16,46.0,36.02,46.75,35.355,7412
2024-01-17,38.115,35.325,41.0,35.0,3763
2024-01-18,35.5,34.675,35.5,31.575,4820
2024-01-19,37.9,38.995,40.71,34.165,5111
2024-01-22,32.5,31.76,34.5,28.51,8813
2024-01-23,30.805,28.1,30.805,27.525,3101
2024-01-24,28.1,28.115,29.0,25.55,2531
2024-01-25,27.5,23.51,28.0894,23.2575,6864
2024-01-26,23.51,20.985,23.51,18.55,17987
2024-01-29,20.875,16.59,20.875,15.065,25190
2024-01-30,13.5,12.0,13.5,11.45,74268
2024-01-31,11.925,12.4,12.875,11.45,18647
2024-02-01,12.65,12.625,12.65,11.855,6215
2024-02-02,12.3,12.5,13.13,11.75,11420
2024-02-05,13.0,13.085,13.7,12.5,7783
2024-02-06,13.51,13.525,16.25,13.015,74085
2024-02-07,15.04,12.205,15.79,11.86,21926
2024-02-08,12.23,12.64,13.14,12.23,4697
2024-02-09,12.85,13.9,14.0,12.85,4943
2024-02-12,14.5,15.0,15.86,13.925,13724
2024-02-13,14.25,14.15,15.25,13.615,7092
2024-02-14,13.83,13.75,14.7,13.7,2866
2024-02-15,14.35,14.15,14.4,13.6,4512
2024-02-16,14.0,14.25,14.45,13.505,3974
2024-02-20,13.62,14.5,14.98495,13.50005,4237
2024-02-21,14.925,14.315,14.925,13.7,2889
2024-02-22,15.03,13.75,15.03,13.26,3258
2024-02-23,14.3,13.4,14.3,12.42,6121
2024-02-26,13.17,12.55,13.47,12.5,2709
2024-02-27,12.64,12.91505,13.45,12.5,2795
2024-02-28,13.6,13.045,14.0,12.64,3427
2024-02-29,13.895,13.9,14.285,13.5,3590
2024-03-01,14.5,15.5,17.0,13.51,24961
2024-03-04,17.0,18.48,19.0,16.0,15578
2024-03-05,19.4,19.375,20.5,17.55,11047
2024-03-06,20.0,22.445,23.345,19.05,21223
2024-03-07,23.5,21.95,23.5,19.54,7265
2024-03-08,21.79,21.495,22.5,20.05,3535
2024-03-11,22.6,21.785,23.9,21.5,7429
2024-03-12,22.735,21.645,23.0,21.0,3033
2024-03-13,21.515,19.285,22.0,19.055,3668
2024-03-14,19.35,19.95,20.5,16.05,4214
2024-03-15,20.57,17.815,20.57,17.5,2111
2024-03-18,18.95,18.295,18.95,18.0,825
2024-03-19,18.74,17.3,19.00005,17.0,2923
2024-03-20,17.725,18.09,22.0,17.5,4566
2024-03-21,18.49,17.57,19.41,17.57,1344
2024-03-22,17.7125,18.9,19.0,17.5,1563
2024-03-25,18.05,18.9,18.9,17.5,2336
2024-03-26,18.85,18.75,18.9,17.715,542
2024-03-27,18.75,18.5,18.75,16.95,2617
2024-03-28,18.375,18.1,19.5,17.83,3640
2024-04-01,19.3,17.99,19.3,17.51,2279
2024-04-02,18.0,15.375,19.0,15.0,5827
2024-04-03,15.0,14.6225,15.6925,14.05,4499
2024-04-04,14.8075,14.075,14.995,14.05,1332
2024-04-05,15.88,12.92995,15.88,12.5,5186
2024-04-08,13.745,11.2,13.975,11.0,15924
2024-04-09,11.5,11.45,12.325,11.205,5632
2024-04-10,11.9,11.59,11.95,11.055,2921
2024-04-11,11.95,12.0,12.5,11.59,3022
2024-04-12,11.8,12.17,12.5,11.6,4066
2024-04-15,13.05,12.205,13.05,11.6,2358
2024-04-16,11.9,10.425,12.11425,10.375,7295
2024-04-17,10.25,10.22,10.375,9.5,4189
2024-04-18,10.45,10.2,10.495,9.56,2680
2024-04-19,10.88,10.1,10.88,9.56,1745
2024-04-22,10.235,9.955,10.495,9.555,1748
2024-04-23,9.9,10.5,10.745,9.6,2956
2024-04-24,10.495,10.7,10.99,10.0,1569
2024-04-25,10.73,10.2,10.73,9.75,2100
2024-04-26,10.5,10.75,11.0,10.0,2181
2024-04-29,10.695,10.75,10.75,10.0,1342
2024-04-30,11.0,10.5675,11.0,10.175,964
2024-05-01,10.95,10.9,11.0,10.165,1474
2024-05-02,10.7,10.7759,11.45,10.5,2243
2024-05-03,11.0,11.055,11.445,10.51,1721
2024-05-06,10.95,10.1,11.055,10.07,2270
2024-05-07,10.5,10.85,11.5,10.1,5181
2024-05-08,11.15,12.0,13.5,10.9,68592
2024-05-09,11.19,10.45,11.245,10.1,13321
2024-05-10,10.135,9.78,10.36,9.5,6875
2024-05-13,9.98,10.2,10.995,9.50505,6569
2024-05-14,10.5,10.385,10.625,9.75,3851
2024-05-15,10.38,9.98,10.65,9.5,3759
2024-05-16,9.605,11.245,11.45,9.605,6568
2024-05-17,11.655,10.85,11.9,10.5,3957
2024-05-20,10.5,10.8,11.0,10.035,2636
2024-05-21,10.95,10.75,11.0,10.04,3133
2024-05-22,10.745,10.345,10.995,10.3,2498
2024-05-23,10.7,10.76,10.825,10.11,1938
2024-05-24,10.76,10.475,16.0,10.035,98847
2024-05-28,10.25,10.245,10.95,9.855,11257
2024-05-29,10.0,10.565,12.745,9.765,86822
2024-05-30,10.455,10.88,12.4,10.2,35994
2024-05-31,10.75,10.81,10.88,10.025,11446
2024-06-03,8.94,6.5,8.94,6.4,188681
2024-06-04,6.9,6.445,7.25,6.25,90171
2024-06-05,6.1,5.39,6.9899,4.82,396776
2024-06-06,5.29,5.35,5.7499,4.83,168179
2024-06-07,5.11,5.05,5.2999,4.8801,82615
2024-06-10,3.5,3.65,4.2,3.372,235152
2024-06-11,3.51,3.45,3.71,3.06,97470
2024-06-12,3.44,3.13,3.44,3.1101,56625
2024-06-13,3.13,3.62,3.85,3.08,117265
2024-06-14,3.6,2.79,8.28,2.79,9926883
2024-06-17,3.1,2.9,3.5875,2.71,789324
2024-06-18,2.65,2.42,2.8499,2.31,193542
2024-06-20,2.25,2.13,2.3618,2.09,196236
2024-06-21,2.1,1.98,2.3,1.98,146693
2024-06-24,1.98,2.23,2.3499,1.92,167777
2024-06-25,2.32,2.84,4.0,2.2801,10302039
2024-06-26,1.9,1.84,1.94,1.61,1540478
2024-06-27,1.8,1.66,1.8373,1.61,350849
2024-06-28,1.67,1.58,1.76,1.55,205400
2024-07-01,1.54,1.42,1.6,1.4,203648
2024-07-02,1.45,1.26,1.45,1.24,246149
2024-07-03,2.62,1.46,2.96,1.32,55759104
2024-07-05,1.32,1.22,1.4142,1.2,1564154
2024-07-08,1.21,1.16,1.27,1.13,808517
2024-07-09,1.13,1.03,1.1493,1.0001,705402
2024-07-10,1.07,1.05,1.094,1.0,369893
2024-07-11,1.26,1.26,1.65,1.11,13421837
2024-07-12,1.19,1.23,1.36,1.17,1015346
2024-07-15,1.2,1.18,1.21,1.12,544466
2024-07-16,1.17,1.11,1.17,1.07,422203
2024-07-17,1.12,1.1,1.15,1.08,248556
2024-07-18,1.11,1.14,1.24,1.07,568571
2024-07-19,1.12,1.05,1.15,1.02,378450
2024-07-22,1.08,1.06,1.09,1.04,230906
2024-07-23,1.1,1.07,1.1,1.02,262076
2024-07-24,1.08,1.08,1.09,1.02,166820
2024-07-25,1.12,1.13,1.24,1.0504,729933
2024-07-26,1.11,1.07,1.1544,1.05,346960
2024-07-29,1.08,1.04,1.12,1.03,400012
2024-07-30,0.847,0.41,0.92,0.3001,46663620
2024-07-31,0.38,0.3168,0.5348,0.311,24966556
2024-08-01,0.32,0.2907,0.3599,0.281,6959198
2024-08-02,0.283,0.2506,0.283,0.24,6880631
2024-08-05,0.28,0.1942,0.28,0.1922,52748787
2024-08-06,0.2072,0.1714,0.2072,0.1654,18311573
2024-08-07,0.1754,0.187,0.2076,0.153,12908912
2024-08-08,0.187,0.175,0.206,0.1712,9636928
2024-08-09,0.1709,0.1784,0.1821,0.1631,3230231
2024-08-12,0.18,0.1615,0.18,0.1601,3470558
