2024-01-24,2.0,1.6403,2.76,1.4001,295523
2024-01-25,1.7,1.44,1.78,1.2,920268
2024-01-26,1.3,1.68,1.7001,1.3,429972
2024-01-29,1.69,2.2,2.3121,1.69,818942
2024-01-30,2.25,2.31,2.35,2.12,1163162
2024-01-31,2.27,2.44,2.6,2.05,608961
2024-02-01,2.43,2.1706,2.43,2.1,331618
2024-02-02,1.96,2.57,2.74,1.96,386074
2024-02-05,2.51,2.58,3.3,2.41,377132
2024-02-06,2.74,2.76,2.85,2.46,549639
2024-02-07,2.75,2.7,2.85,2.67,197994
2024-02-08,2.76,2.85,2.9,2.69,229186
2024-02-09,2.95,2.95,3.18,2.87,294767
2024-02-12,3.0,3.045,3.17,2.96,603740
2024-02-13,2.99,2.99,3.0189,2.85,280063
2024-02-14,3.02,2.88,3.14,2.77,339086
2024-02-15,2.96,2.67,3.1,2.65,272910
2024-02-16,2.63,2.72,2.86,2.55,190449
2024-02-20,2.72,2.51,2.77,2.47,210087
2024-02-21,2.36,2.2802,2.5,2.25,116910
2024-02-22,2.31,2.27,2.37,2.19,164680
2024-02-23,2.22,2.16,2.38,2.15,119729
2024-02-26,2.2,2.32,2.38,2.15,158350
2024-02-27,2.41,2.62,2.71,2.36,324703
2024-02-28,2.92,2.84,3.0999,2.7,515154
2024-02-29,2.9,2.88,3.01,2.71,387487
2024-03-01,2.83,2.82,2.9,2.699,177677
2024-03-04,2.84,2.8,3.12,2.8,426914
2024-03-05,2.75,2.5,2.85,2.46,196513
2024-03-06,2.67,2.79,2.795,2.59,120428
2024-03-07,2.98,2.95,2.98,2.8,150734
2024-03-08,2.86,2.97,3.0,2.83,197487
2024-03-11,2.94,2.53,3.01,2.51,304595
2024-03-12,2.64,2.43,2.6799,2.43,104899
2024-03-13,2.42,2.16,2.49,2.12,452785
2024-03-14,2.1,2.01,2.2,1.83,383068
2024-03-15,2.1,2.25,2.3585,1.94,249935
2024-03-18,2.2,2.1,2.28,2.06,41707
2024-03-19,1.92,2.0,2.0501,1.92,56905
2024-03-20,2.07,2.13,2.19,1.9801,54229
2024-03-21,2.19,2.42,2.44,2.081,134484
2024-03-22,2.24,2.42,2.42,2.2,140852
2024-03-25,2.33,2.39,2.52,2.21,227215
2024-03-26,2.33,2.285,2.36,2.2301,94519
2024-03-27,2.25,2.29,2.35,2.21,57750
2024-03-28,2.33,2.4,2.42,2.31,163146
2024-04-01,2.32,2.334,2.4094,2.2901,63711
2024-04-02,2.2,2.26,2.26,2.12,64077
2024-04-03,2.17,2.25,2.35,2.17,114015
2024-04-04,2.3,2.24,2.39,2.19,150666
2024-04-05,2.21,2.22,2.27,2.15,78171
2024-04-08,2.16,2.05,2.22,1.94,272865
2024-04-09,1.96,1.855,2.0099,1.85,136969
2024-04-10,1.8,1.72,1.8278,1.68,154785
2024-04-11,1.68,1.58,1.77,1.53,200215
2024-04-12,1.62,1.55,1.6694,1.47,166005
2024-04-15,1.51,1.35,1.6496,1.35,134828
2024-04-16,1.32,1.23,1.3573,1.15,299795
2024-04-17,1.19,1.2501,1.289,1.19,57597
2024-04-18,1.23,1.4,1.46,1.23,56045
2024-04-19,1.42,1.62,1.62,1.42,67350
2024-04-22,1.7,1.7716,1.78,1.68,170284
2024-04-23,1.72,1.93,1.93,1.72,132537
2024-04-24,1.84,1.8126,1.9,1.58,125969
2024-04-25,1.73,1.79,1.85,1.68,116442
2024-04-26,1.76,1.88,1.9,1.76,73136
2024-04-29,1.83,1.745,1.93,1.745,107355
2024-04-30,1.7,1.58,1.73,1.521,153631
2024-05-01,1.58,1.65,1.68,1.53,42958
2024-05-02,1.67,1.77,1.8,1.61,99915
2024-05-03,1.83,1.95,1.97,1.75,115438
2024-05-06,1.94,2.06,2.08,1.94,52865
2024-05-07,1.99,1.99,2.02,1.95,114250
2024-05-08,1.91,2.1,2.1,1.9,48703
2024-05-09,2.12,2.53,2.55,2.1,281571
2024-05-10,2.61,2.35,2.65,2.31,244670
2024-05-13,2.61,2.5,2.61,2.35,226001
2024-05-14,2.45,2.43,2.505,2.35,76665
2024-05-15,2.5,2.5899,2.59,2.45,153344
2024-05-16,2.6,2.53,2.68,2.49,140298
2024-05-17,2.504,2.53,2.68,2.48,121023
2024-05-20,2.55,2.8,2.8,2.51,133392
2024-05-21,2.9,2.93,2.93,2.7,121991
2024-05-22,2.94,2.91,3.0,2.8,243146
2024-05-23,2.91,2.81,2.9801,2.8,245175
2024-05-24,2.87,3.42,3.44,2.8501,400948
2024-05-28,3.42,3.7,3.74,3.41,255009
2024-05-29,3.75,4.02,4.09,3.52,218590
2024-05-30,4.16,3.82,4.2,3.73,300852
2024-05-31,3.74,3.72,3.84,3.3,104289
2024-06-03,3.77,3.65,3.97,3.62,27353
2024-06-04,4.25,4.35,4.5,3.88,4606615
2024-06-05,4.4,4.8,4.82,4.1,1660005
2024-06-06,5.2,6.42,7.34,5.1,2690415
2024-06-07,6.44,6.1,6.78,5.87,1619763
2024-06-10,5.96,6.5,7.11,5.96,1565768
2024-06-11,6.36,7.47,7.555,6.36,1091964
2024-06-12,7.71,8.8,8.9,7.42,2492377
2024-06-13,9.03,9.05,10.1,8.6,1641300
2024-06-14,8.98,9.63,9.69,8.74,890132
2024-06-17,9.6,9.0,9.7999,8.82,2086096
2024-06-18,8.9,7.87,8.9,7.55,775233
2024-06-20,7.92,7.94,8.45,7.57,715705
2024-06-21,7.65,7.7,7.97,7.18,544513
2024-06-24,7.7001,7.5,7.9599,7.2,1082060
2024-06-25,8.25,8.29,8.64,7.98,2107480
2024-06-26,8.45,9.42,9.48,8.43,2044979
2024-06-27,9.2,8.99,9.515,8.63,1175910
2024-06-28,9.06,8.69,9.07,8.3,365087
2024-07-01,8.61,9.47,9.5,8.4,626505
2024-07-02,9.23,9.95,10.2,9.1713,1442759
2024-07-03,9.66,9.89,10.26,9.65,697336
2024-07-05,9.36,10.09,10.26,9.25,1269648
2024-07-08,9.99,10.13,10.91,9.1,1574979
2024-07-09,10.16,9.34,10.47,9.16,1003131
2024-07-10,9.78,9.59,10.02,9.51,1097493
2024-07-11,9.85,9.74,10.07,9.23,1041643
2024-07-12,9.47,10.09,10.09,9.39,467747
2024-07-15,10.67,10.97,11.23,10.46,1660362
2024-07-16,11.03,11.65,11.77,11.03,562361
2024-07-17,11.52,11.21,12.23,10.79,465276
2024-07-18,11.56,9.66,11.56,9.66,356206
2024-07-19,10.14,10.38,10.5,9.73,256883
2024-07-22,10.56,11.02,11.06,10.0,331937
2024-07-23,10.64,10.86,11.26,10.64,249552
2024-07-24,10.9,10.06,10.98,10.04,109036
2024-07-25,10.18,9.4,10.18,9.38,211357
2024-07-26,9.56,10.17,10.19,9.48,172456
2024-07-29,10.33,9.55,10.82,9.55,85642
2024-07-30,9.51,9.15,9.66,9.01,81177
2024-07-31,9.63,9.71,10.12,9.46,236946
2024-08-01,9.85,9.4,10.05,9.29,101434
2024-08-02,9.06,8.85,9.2,8.79,188473
2024-08-05,7.0,8.16,8.44,6.77,228144
2024-08-06,9.22,9.66,9.84,8.46,403094
2024-08-07,9.7809,9.8,10.06,9.44,170282
2024-08-08,9.82,10.13,10.36,9.2,248995
2024-08-09,9.92,9.74,9.92,9.4,123121
2024-08-12,9.56,9.445,9.97,9.42,53340
