2023-01-20,5.71,4.12,6.75,3.83,1938781
2023-01-23,5.41,3.92,6.1,3.64,7060407
2023-01-24,3.4,3.2,3.6994,3.1109,1271264
2023-01-25,3.11,2.9,3.2,2.83,315475
2023-01-26,3.0,2.84,3.08,2.8,120383
2023-01-27,2.87,2.62,2.9008,2.6,117884
2023-01-30,2.62,2.57,2.67,2.53,119186
2023-01-31,2.53,2.78,2.8483,2.35,667069
2023-02-01,2.82,2.8293,3.16,2.75,907373
2023-02-02,2.81,2.57,2.8357,2.5401,203630
2023-02-03,2.48,2.4,2.4999,2.35,143081
2023-02-06,2.33,2.25,2.37,2.15,145568
2023-02-07,2.2,2.16,2.3037,2.1,70803
2023-02-08,2.1,1.96,2.17,1.9005,102017
2023-02-09,2.0,1.9166,2.0,1.9,65771
2023-02-10,1.86,1.99,2.0,1.83,111093
2023-02-13,2.0,1.98,2.0,1.87,60192
2023-02-14,1.92,2.12,2.15,1.91,118574
2023-02-15,2.09,2.16,2.2,2.08,35942
2023-02-16,2.06,2.2,2.3625,2.06,87330
2023-02-17,2.18,2.25,2.3,2.17,66570
2023-02-21,2.2501,2.25,2.37,2.1801,51408
2023-02-22,2.36,2.2241,2.3767,2.15,47484
2023-02-23,2.19,2.245,2.2699,2.16,23208
2023-02-24,2.2,2.106,2.2499,2.0427,77685
2023-02-27,2.16,2.0596,2.16,2.0596,8236
2023-02-28,2.15,1.99,2.15,1.96,24646
2023-03-01,2.04,1.85,2.04,1.7855,54530
2023-03-02,1.885,1.86,2.1,1.8,97588
2023-03-03,1.88,1.81,1.935,1.81,35506
2023-03-06,1.85,1.97,2.0,1.83,35455
2023-03-07,2.0,1.9,2.06,1.89,46705
2023-03-08,1.92,1.82,1.95,1.8,52460
2023-03-09,1.9499,1.68,1.9499,1.665,83052
2023-03-10,1.64,1.63,1.72,1.6,33105
2023-03-13,1.63,1.55,1.7,1.51,32959
2023-03-14,1.5601,1.55,1.6547,1.53,48995
2023-03-15,1.64,1.58,1.64,1.51,23692
2023-03-16,1.73,1.492,1.73,1.4201,63558
2023-03-17,1.47,1.43,1.58,1.43,49837
2023-03-20,1.4,1.2001,1.4511,1.2001,105449
2023-03-21,1.39,1.25,1.39,1.25,51524
2023-03-22,1.255,1.21,1.255,1.2,33256
2023-03-23,1.27,1.25,1.28,1.2124,27285
2023-03-24,1.27,1.25,1.33,1.22,13022
2023-03-27,1.33,1.28,1.33,1.22,17762
2023-03-28,1.29,1.37,1.37,1.28,50399
2023-03-29,1.4,1.29,1.4412,1.28,37465
2023-03-30,1.3097,1.4,1.48,1.28,267671
2023-03-31,1.49,1.41,1.49,1.34,64205
2023-04-03,1.35,1.42,1.42,1.35,17381
2023-04-04,1.4199,1.42,1.44,1.38,5142
2023-04-05,1.45,1.33,1.45,1.3,24181
2023-04-06,1.4188,1.44,1.5,1.35,48980
2023-04-10,1.4651,1.51,1.52,1.44,9252
2023-04-11,1.5,1.4038,1.5,1.4,25019
2023-04-12,1.5,1.41,1.5,1.4,33500
2023-04-13,1.49,1.43,1.49,1.41,5579
2023-04-14,1.45,1.36,1.45,1.36,16689
2023-04-17,1.41,1.4742,1.4742,1.38,16318
2023-04-18,1.45,1.54,1.75,1.45,111513
2023-04-19,1.6207,1.64,1.6492,1.53,34026
2023-04-20,1.6,1.54,1.635,1.54,21251
2023-04-21,1.58,1.66,1.8848,1.58,290523
2023-04-24,1.63,1.47,1.63,1.43,95536
2023-04-25,1.54,1.4401,1.5695,1.36,53731
2023-04-26,1.37,1.45,1.5052,1.37,39204
2023-04-27,1.5157,1.49,1.5627,1.46,27527
2023-04-28,1.58,1.34,1.58,1.23,82166
2023-05-01,1.3915,1.3833,1.4199,1.3303,7788
2023-05-02,1.39,1.285,1.39,1.26,29216
2023-05-03,1.3,1.22,1.3,1.22,33995
2023-05-04,1.21,1.32,1.35,1.21,22185
2023-05-05,1.3,1.38,1.4468,1.3,33122
2023-05-08,1.4499,1.42,1.4499,1.3103,19082
2023-05-09,1.39,1.435,1.4843,1.375,29307
2023-05-10,1.48,1.47,1.5199,1.44,13844
2023-05-11,1.4001,1.53,1.5831,1.4001,38070
2023-05-12,1.5512,1.4,1.5512,1.39,33458
2023-05-15,1.43,1.41,1.4793,1.37,15274
2023-05-16,1.42,1.46,1.5327,1.4,44203
2023-05-17,1.46,1.42,1.46,1.42,12046
2023-05-18,1.51,1.44,1.5101,1.44,12936
2023-05-19,1.5,1.4201,1.5229,1.4201,6349
2023-05-22,1.5,1.48,1.5599,1.3901,24827
2023-05-23,1.46,1.53,1.5999,1.41,10630
2023-05-24,1.46,1.45,1.5485,1.45,2176
2023-05-25,1.45,1.35,1.45,1.31,31779
2023-05-26,1.3603,1.39,1.45,1.36,15577
2023-05-30,1.45,1.36,1.57,1.35,9098
2023-05-31,1.39,1.42,1.48,1.36,17767
2023-06-01,1.38,1.415,1.5199,1.38,6541
2023-06-02,1.44,1.37,1.44,1.3301,24570
2023-06-05,1.445,1.41,1.445,1.39,1903
2023-06-06,1.4375,1.46,1.49,1.41,12057
2023-06-07,1.56,1.54,1.6099,1.51,22636
2023-06-08,1.5926,1.58,1.5993,1.5227,11297
2023-06-09,1.5241,1.57,1.57,1.52,4124
2023-06-12,1.51,1.58,1.64,1.51,15638
2023-06-13,1.63,1.55,1.65,1.511,19683
2023-06-14,1.55,1.6,1.6699,1.55,5429
2023-06-15,1.59,1.52,1.59,1.52,2463
2023-06-16,1.6,1.54,1.66,1.54,19632
2023-06-20,1.56,1.58,1.67,1.55,11600
2023-06-21,1.52,1.55,1.64,1.52,19148
2023-06-22,1.56,1.56,1.62,1.55,4619
2023-06-23,1.58,1.6,1.61,1.56,9066
2023-06-26,1.59,1.625,1.7,1.5518,11256
2023-06-27,1.7,1.61,1.7,1.54,31902
2023-06-28,1.69,1.5489,1.69,1.5409,6615
2023-06-29,1.62,1.47,1.62,1.46,22722
2023-06-30,1.48,1.51,1.54,1.4,14861
2023-07-03,1.5,1.49,1.5,1.485,4397
2023-07-05,1.55,1.52,1.56,1.49,11577
2023-07-06,1.481,1.49,1.501,1.42,21945
2023-07-07,1.39,1.51,1.53,1.39,13645
2023-07-10,1.42,1.5112,1.6,1.42,30563
2023-07-11,1.52,1.74,1.8,1.5,4486728
2023-07-12,2.64,2.25,3.14,1.9,14553938
2023-07-13,1.86,1.5801,1.99,1.56,829175
2023-07-14,1.6,1.2899,1.6,1.22,1760757
2023-07-17,1.38,1.31,1.38,1.26,683010
2023-07-18,1.28,1.4,1.43,1.24,547566
2023-07-19,1.35,1.32,1.38,1.3028,116782
2023-07-20,1.32,1.26,1.33,1.25,187383
2023-07-21,1.3,1.1978,1.3,1.16,154155
2023-07-24,1.12,1.0582,1.17,1.03,271973
2023-07-25,1.03,0.98,1.05,0.961,157505
2023-07-26,0.98,0.94,1.0,0.93,96945
2023-07-27,0.94,0.887399,0.949899,0.8276,229412
2023-07-28,0.852,0.8572,0.8779,0.84,119892
2023-07-31,0.87,0.85,0.88,0.82,113487
2023-08-01,0.88,0.8711,0.93,0.8601,98916
2023-08-02,0.8419,0.851,0.8999,0.841,54557
2023-08-03,0.85,0.8789,0.91,0.85,24334
2023-08-04,0.88,0.8899,0.94,0.8106,73545
2023-08-07,0.8278,0.8102,0.89,0.81,54029
2023-08-08,0.82,0.77,0.8885,0.71,83512
2023-08-09,0.751,0.71,0.79,0.71,70066
2023-08-10,0.739,0.7405,0.777501,0.71,32561
2023-08-11,0.7708,0.757,0.7708,0.72,33113
2023-08-14,0.774451,0.768,0.78,0.75,35158
2023-08-15,0.733001,0.758999,0.768,0.715,80323
2023-08-16,0.75,0.7106,0.779,0.7106,16189
2023-08-17,0.705,0.779,0.8021,0.705,194273
2023-08-18,0.7329,0.751,0.778951,0.731001,49568
2023-08-21,0.79,0.783,0.79,0.740001,42328
2023-08-22,0.7512,0.742,0.779,0.714,17311
2023-08-23,0.742,0.77,0.8,0.71,97999
2023-08-24,0.7505,0.744999,0.7689,0.72,53101
2023-08-25,0.7395,0.7111,0.749,0.7111,16981
2023-08-28,0.749,0.7225,0.75,0.7,45353
2023-08-29,0.73,0.71,0.749,0.661,49302
2023-08-30,0.749,0.73,0.749,0.6961,29867
2023-08-31,0.73,0.77,0.789,0.72,95169
2023-09-01,0.745,0.891,0.96,0.745,206401
2023-09-05,0.96,0.87,0.977,0.8,594107
2023-09-06,0.93,0.8901,0.93,0.836,121236
2023-09-07,0.884,0.9189,0.9189,0.8502,34556
2023-09-08,0.9,0.93,0.93,0.88,68812
2023-09-11,0.8455,0.8455,0.8455,0.8455,150
2023-09-12,0.8271,0.85,0.869,0.79,38500
2023-09-13,0.8007,0.773,0.85,0.7005,76220
2023-09-14,0.7816,0.7789,0.8055,0.773,33936
2023-09-15,0.808,0.8,0.808,0.71,83747
2023-09-18,0.8055,0.72,0.8055,0.72,19646
2023-09-19,0.721,0.74,0.74,0.71,10193
2023-09-20,0.75,0.7251,0.755551,0.702,22952
2023-09-21,0.725,0.675,0.725,0.6506,22172
2023-09-22,0.72,0.705,0.75,0.669901,19712
2023-09-25,0.74,0.6886,0.74,0.6886,5804
2023-09-26,0.6637,0.6679,0.706,0.6637,8232
2023-09-27,0.7,0.67,0.7,0.6699,12395
2023-09-28,0.670101,0.67,0.670101,0.67,1541
2023-09-29,0.696,0.6801,0.741899,0.68,5563
2023-10-02,0.7,0.703,0.71,0.6801,5963
2023-10-03,0.703,0.69,0.7295,0.6601,34950
2023-10-04,0.7,0.71,0.71,0.6601,21984
2023-10-05,0.7101,0.655,0.72,0.6505,19888
2023-10-06,0.67,0.632499,0.6775,0.6001,42380
2023-10-09,0.6501,0.62,0.66,0.600201,28331
2023-10-10,0.634999,0.6376,0.6745,0.6001,21397
2023-10-11,0.67,0.63,0.7577,0.6113,70390
2023-10-12,0.65,0.6391,0.65,0.6088,11706
2023-10-13,0.6191,0.6201,0.7,0.61,26685
2023-10-16,0.647501,0.621,0.67,0.62,6528
2023-10-17,0.6599,0.613,0.67,0.613,26831
2023-10-18,0.613,0.62,0.640399,0.6,12858
2023-10-19,0.61,0.588,0.62,0.58,25117
2023-10-20,0.5731,0.526,0.586,0.52,67245
2023-10-23,0.57,0.53,0.57,0.52,30790
2023-10-24,0.53,0.498,0.55,0.498,48650
2023-10-25,0.499899,0.4767,0.5,0.45,27149
2023-10-26,0.4879,0.496,0.496,0.45,5411
2023-10-27,0.480101,0.4676,0.49999,0.4521,14048
2023-10-30,0.4701,0.424999,0.4701,0.42,39732
2023-10-31,0.4463,0.441,0.4687,0.411101,3120
2023-11-01,0.435049,0.43,0.4351,0.41,5443
2023-11-02,0.43,0.44,0.48,0.42,27000
2023-11-03,0.449999,0.43,0.48,0.425,10495
2023-11-06,0.438,0.43,0.4637,0.43,16411
2023-11-07,0.43,0.4198,0.4705,0.395,153603
2023-11-08,0.465,0.465,0.465,0.41,22631
2023-11-09,0.44,0.44,0.45,0.41,11092
2023-11-10,0.423,0.4221,0.44,0.422,4227
2023-11-13,0.41,0.41,0.435001,0.41,6268
2023-11-14,0.41,0.4194,0.4349,0.4004,33218
2023-11-15,0.424451,0.4897,0.5598,0.4201,290185
2023-11-16,0.46,0.451,0.5305,0.45,49791
2023-11-17,0.5,0.4662,0.5,0.4301,25861
2023-11-20,0.6399,0.515,0.6399,0.497,93736
2023-11-21,0.52,0.5003,0.56,0.5,34998
2023-11-22,0.5003,0.5199,0.52,0.47,26142
2023-11-24,0.4734,0.528897,0.528897,0.45,9415
2023-11-27,0.53,0.5275,0.5495,0.4704,45053
2023-11-28,0.53,0.5206,0.53,0.49,12964
2023-11-29,0.4981,0.4668,0.5495,0.465399,67343
2023-11-30,0.467,0.46,0.522,0.450101,28695
2023-12-01,0.5,0.5,0.5,0.4714,17489
2023-12-04,0.5275,0.5,0.56,0.48,62457
2023-12-05,0.47,0.4701,0.501,0.44,39975
2023-12-06,0.465,0.4931,0.519899,0.465,44136
2023-12-07,0.485,0.465,0.5199,0.465,63725
2023-12-08,0.4999,0.518699,0.556,0.47,40376
2023-12-11,0.54,0.501,0.5562,0.5,21189
2023-12-12,0.543,0.5052,0.56,0.450401,59151
2023-12-13,0.514999,0.529,0.53,0.490101,35523
2023-12-14,0.5,0.550899,0.551,0.5,48196
2023-12-15,0.545,0.51,0.545,0.48,44576
2023-12-18,0.54,0.481,0.648,0.481,288950
2023-12-19,0.5291,0.5144,0.54,0.458099,586480
2023-12-20,0.5358,0.52,0.64,0.48,233874
2023-12-21,0.54,0.556899,0.5584,0.5,38350
2023-12-22,0.531,0.536,0.549007,0.5,116000
2023-12-26,0.543,0.55,0.5939,0.518,131536
2023-12-27,0.5462,0.538,0.5462,0.507,99887
2023-12-28,0.5401,0.7121,0.777,0.520101,434612
2023-12-29,0.7232,0.739899,0.745359,0.65,125231
2024-01-02,0.7454,0.6638,0.7454,0.6005,170063
2024-01-03,0.5985,0.6361,0.64,0.56,83520
2024-01-04,0.637,0.626,0.639999,0.5799,21294
2024-01-05,0.6423,0.5923,0.6423,0.592,15045
2024-01-08,0.6259,0.6544,0.74,0.61,232123
2024-01-09,0.7193,0.6546,0.72,0.64,93682
2024-01-10,0.6874,0.66,0.73,0.66,46019
2024-01-11,0.6413,0.6116,0.681,0.6,59781
2024-01-12,0.6545,0.749,0.7777,0.6401,242415
2024-01-16,0.78,0.7843,0.822,0.7272,202511
2024-01-17,0.8,0.8399,0.8484,0.750001,185212
2024-01-18,0.935,0.94,0.98,0.8134,678779
2024-01-19,0.9376,1.03,1.08,0.9053,720013
2024-01-22,1.13,1.06,1.2432,1.0,798294
2024-01-23,1.09,1.03,1.12,1.0,352549
2024-01-24,1.05,1.2283,1.2283,1.01,541384
2024-01-25,1.25,1.3,1.45,1.21,967579
2024-01-26,1.34,1.49,1.49,1.25,684162
2024-01-29,1.71,1.6,1.825,1.49,1964719
2024-01-30,1.62,1.68,1.72,1.49,666513
2024-01-31,1.65,1.82,1.85,1.61,789825
2024-02-01,2.09,1.41,2.17,1.0206,2472021
2024-02-02,1.26,1.35,1.6,1.08,1623083
2024-02-05,1.31,1.39,1.4399,1.252,415410
2024-02-06,1.38,1.34,1.42,1.26,219019
2024-02-07,1.32,1.13,1.3394,1.09,396133
2024-02-08,0.9701,0.91,0.99,0.7199,1718407
2024-02-09,0.86,1.02,1.15,0.86,680944
2024-02-12,1.03,1.04,1.05,0.96,212175
2024-02-13,1.01,0.9693,1.02,0.91,202862
2024-02-14,0.9999,0.877,1.011,0.86,159357
2024-02-15,0.86,0.7801,0.86,0.7057,289609
2024-02-16,0.83,0.8,0.9,0.7706,156752
2024-02-20,0.75,0.7314,0.8,0.6947,324350
2024-02-21,0.74,0.738,0.792799,0.6912,100076
2024-02-22,0.71,0.733,0.74,0.69,137764
2024-02-23,0.6802,0.63,0.7298,0.6014,427165
2024-02-26,0.629,0.627,0.7081,0.6087,162553
2024-02-27,0.6185,0.602,0.655001,0.5887,111120
2024-02-28,0.6,0.674,0.7128,0.6,260103
2024-02-29,0.71,0.704,0.76,0.6689,270529
2024-03-01,0.7,0.6924,0.748999,0.68,100423
2024-03-04,0.6872,0.665,0.69979,0.6401,100124
2024-03-05,0.6303,0.649,0.68,0.6235,123389
2024-03-06,0.635,0.6342,0.7,0.624,83645
2024-03-07,0.645,0.6447,0.69,0.6105,50525
2024-03-08,0.6249,0.6696,0.6992,0.615,76764
2024-03-11,0.642,0.6508,0.6795,0.58,93813
2024-03-12,0.6219,0.57999,0.6481,0.52,207748
2024-03-13,0.5795,0.586,0.62,0.5405,72976
2024-03-14,0.5861,0.5948,0.615,0.56,82340
2024-03-15,0.59,0.588,0.6089,0.5411,28763
2024-03-18,0.605,0.56,0.605,0.5552,42477
2024-03-19,0.56,0.57,0.6,0.56,38011
2024-03-20,0.58,0.6,0.6,0.5701,22399
2024-03-21,0.629,0.63,0.65,0.6003,69858
2024-03-22,0.632675,0.65,0.65,0.62,52218
2024-03-25,0.65,0.63,0.65,0.6115,63480
2024-03-26,0.6201,0.6486,0.6499,0.606,31835
2024-03-27,0.6202,0.63999,0.63999,0.605,46549
2024-03-28,0.6111,0.61,0.64,0.6,53356
2024-04-01,0.638,0.619,0.638,0.6001,19988
2024-04-02,0.605,0.619,0.62,0.6,36984
2024-04-03,0.6101,0.598,0.6199,0.58,64114
2024-04-04,0.599,0.6081,0.6195,0.582,19156
2024-04-05,0.589,0.559,0.608,0.5199,125130
2024-04-08,0.5688,0.51,0.5688,0.5011,558431
2024-04-09,0.5726,0.4087,0.5796,0.378,6095038
2024-04-10,0.38,0.4423,0.4676,0.36,1273038
2024-04-11,0.4085,0.436,0.4592,0.388,356525
2024-04-12,0.4129,0.4127,0.447,0.4004,157546
2024-04-15,0.412,0.405,0.42,0.3981,146081
2024-04-16,0.405,0.3899,0.4074,0.378,177932
2024-04-17,0.395,0.4217,0.428,0.381,169388
2024-04-18,0.43,0.4298,0.43,0.396,163087
2024-04-19,0.4105,0.4016,0.42,0.4,68779
2024-04-22,0.419,0.4073,0.4397,0.396,63911
2024-04-23,0.41,0.4265,0.44,0.396,108311
2024-04-24,0.4292,0.4284,0.4399,0.42,41024
2024-04-25,0.411,0.4236,0.43,0.41,54777
2024-04-26,0.4236,0.4305,0.4305,0.42,81336
2024-04-29,0.43,0.4511,0.47,0.42,203992
2024-04-30,0.46,0.44,0.46,0.4321,55807
2024-05-01,0.44,0.4545,0.459899,0.4311,68696
2024-05-02,0.45,0.465,0.4699,0.442,79186
2024-05-03,0.47,0.4905,0.5201,0.47,439573
2024-05-06,0.4888,0.5,0.521,0.48,164587
2024-05-07,0.5,0.48,0.51,0.472,147829
2024-05-08,0.4851,0.490699,0.5199,0.48,55432
2024-05-09,0.48,0.4854,0.5002,0.4791,68525
2024-05-10,0.48,0.46,0.504,0.4591,114674
2024-05-13,0.47,0.4401,0.472,0.4401,98986
2024-05-14,0.44,0.4405,0.4654,0.44,111704
2024-05-15,0.44,0.4434,0.45,0.43,125263
2024-05-16,0.44,0.4301,0.4461,0.43,105435
2024-05-17,0.4598,0.411,0.4622,0.41,171361
2024-05-20,0.415,0.4303,0.4303,0.4065,86205
2024-05-21,0.4267,0.42,0.43,0.4011,101841
2024-05-22,0.403,0.4127,0.42,0.4,73867
2024-05-23,0.405,0.419,0.4283,0.405,62424
2024-05-24,0.4216,0.4106,0.4345,0.4073,57112
2024-05-28,0.429,0.4016,0.429,0.4007,62101
2024-05-29,0.413,0.4125,0.42,0.4,46028
2024-05-30,0.4125,0.41,0.4249,0.4,56444
2024-05-31,0.41,0.4713,0.5057,0.41,173349
2024-06-03,0.494,0.497,0.5,0.46,129553
2024-06-04,0.4899,0.48,0.495,0.4607,97625
2024-06-05,0.49,0.5098,0.52,0.4601,194637
2024-06-06,0.519,0.4999,0.52,0.4818,90891
2024-06-07,0.51,0.4706,0.52,0.4611,67831
2024-06-10,0.469,0.4415,0.469,0.429,69815
2024-06-11,0.4415,0.4695,0.4699,0.4415,36116
2024-06-12,0.4694,0.46685,0.47,0.4449,59007
2024-06-13,0.46,0.4428,0.460803,0.44,61098
2024-06-14,0.46,0.4801,0.51,0.44,189461
2024-06-17,0.4883,0.5,0.5299,0.465,333290
2024-06-18,0.51,0.4765,0.51,0.4619,77891
2024-06-20,0.47,0.459,0.5048,0.45545,72034
2024-06-21,0.46,0.4518,0.49,0.4518,74699
2024-06-24,0.497,0.48,0.497,0.4515,69055
2024-06-25,0.4798,0.469,0.4799,0.453,46987
2024-06-26,0.479,0.472,0.479,0.453,13482
2024-06-27,0.4615,0.4554,0.4779,0.453,34562
2024-06-28,0.4716,0.47,0.4716,0.455,60804
2024-07-01,0.4699,0.4646,0.476,0.456,65126
2024-07-02,0.46,0.485,0.4899,0.46,94274
2024-07-03,0.4849,0.48219,0.4849,0.47,10131
2024-07-05,0.4691,0.462876,0.4866,0.46,82508
2024-07-08,0.46,0.4668,0.48,0.452101,64017
2024-07-09,0.46,0.4601,0.4798,0.45,83264
2024-07-10,0.4501,0.465,0.4777,0.45,71569
2024-07-11,0.45,0.469,0.4797,0.45,85943
2024-07-12,0.4689,0.4603,0.48,0.46,113803
2024-07-15,0.4602,0.4539,0.4699,0.452,16509
2024-07-16,0.4538,0.450499,0.4699,0.44,119115
2024-07-17,0.4504,0.44,0.465,0.44,169142
2024-07-18,0.45,0.434,0.4501,0.43,80271
2024-07-19,0.4315,0.43,0.44009,0.4299,77979
2024-07-22,0.45,0.44,0.4544,0.43,91844
2024-07-23,0.4487,0.452499,0.47212,0.4344,29355
2024-07-24,0.4493,0.455,0.4685,0.4493,24726
2024-07-25,0.4586,0.4318,0.459981,0.42,103505
2024-07-26,0.4336,0.4468,0.457499,0.425,49397
2024-07-29,0.448365,0.45,0.45,0.421,51021
2024-07-30,0.4579,0.4351,0.4759,0.4301,32816
2024-07-31,0.4449,0.4341,0.447354,0.4245,25510
2024-08-01,0.4398,0.429,0.4399,0.42,27254
2024-08-02,0.4369,0.42,0.44,0.4175,29610
2024-08-05,0.4,0.4048,0.4097,0.4,52659
2024-08-06,0.4,0.4237,0.44,0.38,2251382
2024-08-07,0.4,0.4137,0.42,0.395,84617
2024-08-08,0.3981,0.4331,0.4397,0.398,83745
2024-08-09,0.4525,0.4299,0.4704,0.4121,291332
2024-08-12,0.4396,0.4398,0.44,0.3917,172486
