2011-05-23,4981.8182,4956.3636,5016.3636,4945.4545,2328
2011-05-24,4994.5455,4982.7273,4998.1818,4964.5455,3861
2011-05-25,4970.9091,4966.3636,4994.5455,4943.6364,4145
2011-05-26,4960.0,5007.2727,5012.7273,4960.0,1395
2011-05-27,5033.6364,5067.2727,5080.0,5029.0909,1768
2011-05-31,5096.3636,5120.9091,5140.0,5073.6364,2772
2011-06-01,5104.5455,4983.6364,5104.5455,4978.1818,7842
2011-06-02,4987.2727,4920.9091,4990.0,4900.0,3589
2011-06-03,4865.4545,4845.4545,4901.8182,4837.2727,5113
2011-06-06,4834.5455,4834.5455,4874.5455,4783.6364,2683
2011-06-07,4860.0,4840.9091,4888.1818,4832.7273,1886
2011-06-08,4820.0,4826.3636,4870.9091,4820.0,1914
2011-06-09,4836.3636,4848.1818,4864.5455,4810.0,1406
2011-06-10,4823.6364,4799.0909,4845.4545,4737.2727,2758
2011-06-13,4822.7273,4835.4545,4849.0909,4769.0909,2023
2011-06-14,4879.0909,4849.0909,4896.3636,4830.0,2263
2011-06-15,4806.3636,4770.0,4826.3636,4750.9091,2111
2011-06-16,4770.9091,4815.4545,4827.2727,4750.0,3643
2011-06-17,4841.8182,4856.3636,4940.0,4815.4545,4712
2011-06-20,4835.4545,4846.3636,4885.4545,4819.0909,1461
2011-06-21,4868.1818,4867.2727,4888.1818,4828.1818,1637
2011-06-22,4854.5455,4805.4545,4880.9091,4800.9091,2589
2011-06-23,4749.0909,4750.9091,4774.5455,4698.1818,2770
2011-06-24,4763.6364,4729.0909,4776.3636,4704.5455,3054
2011-06-27,4722.7273,4780.9091,4820.9091,4720.9091,2519
2011-06-28,4803.6364,4800.9091,4835.4545,4762.7273,2362
2011-06-29,4835.4545,4924.5455,4937.2727,4783.6364,3552
2011-06-30,4927.2727,4931.8182,4961.8182,4901.8182,1912
2011-07-01,4943.6364,5040.0,5051.8182,4934.5455,2602
2011-07-05,5023.6364,4997.2727,5067.2727,4966.3636,4501
2011-07-06,4970.9091,4990.9091,4996.3636,4928.1818,2625
2011-07-07,5031.8182,5049.0909,5063.0909,5000.0,2509
2011-07-08,4910.0,4956.3636,4978.1818,4910.0,3588
2011-07-11,4900.0,4840.0,4904.5455,4824.5455,2192
2011-07-12,4904.5455,4947.2727,5026.3636,4833.6364,5942
2011-07-13,4973.6364,4932.7273,4983.6364,4920.0,2735
2011-07-14,4960.9091,4836.3636,4960.9091,4829.0909,3178
2011-07-15,4864.5455,4789.0909,4864.5455,4772.7273,1899
2011-07-18,4770.0,4740.0,4778.1818,4710.0,2029
2011-07-19,4767.2727,4813.6364,4822.7273,4732.7273,1935
2011-07-20,4820.9091,4880.0,4882.7273,4799.0909,2676
2011-07-21,4932.7273,5012.7273,5040.0,4913.6364,3890
2011-07-22,5028.1818,4989.0909,5055.4545,4928.1818,2372
2011-07-25,4943.6364,4997.2727,5030.0,4937.2727,2224
2011-07-26,4998.1818,4951.8182,5012.7273,4940.0,1710
2011-07-27,4924.5455,4853.6364,4924.5455,4834.5455,3590
2011-07-28,4869.0909,4882.7273,4898.1818,4842.7273,3550
2011-07-29,4824.5455,4880.0,4906.3636,4819.0909,5114
2011-08-01,4925.4545,4838.1818,4925.4545,4813.6364,4293
2011-08-02,4805.4545,4689.0909,4833.6364,4682.7273,4164
2011-08-03,4688.1818,4750.0,4752.7273,4589.0909,4674
2011-08-04,4690.9091,4514.5455,4716.3636,4510.9091,4625
2011-08-05,4560.0,4416.3636,4560.0,4381.8182,6738
2011-08-08,4287.2727,4083.6364,4409.0909,4083.6364,10187
2011-08-09,4188.1818,4145.4545,4203.6364,3903.6364,12766
2011-08-10,4033.6364,3819.0909,4069.0909,3810.0,6498
2011-08-11,3851.8182,3991.8182,4045.4545,3802.7273,12854
2011-08-12,4030.9091,3874.5455,4065.4545,3859.0909,4595
2011-08-15,3916.3636,3983.6364,3983.6364,3889.1818,4489
2011-08-16,3935.4545,3854.5455,3953.6364,3813.6364,7213
2011-08-17,3887.2727,3897.2727,3946.3636,3860.0,2738
2011-08-18,3768.1818,3692.7273,3768.1818,3660.9091,6255
2011-08-19,3636.3636,3574.5455,3732.7273,3550.0,5329
2011-08-22,3672.7273,3608.1818,3690.0,3565.4545,7053
2011-08-23,3650.9091,3840.0,3840.9091,3615.4545,7923
2011-08-24,3830.9091,4028.1818,4046.3636,3815.0,9715
2011-08-25,4083.1818,3890.9091,4180.0,3825.4545,8693
2011-08-26,3854.5455,4030.9091,4070.9091,3824.5455,6222
2011-08-29,4090.9091,4150.0,4151.8182,4078.1818,6649
2011-08-30,4122.7273,4083.6364,4135.4545,4055.4545,3855
2011-08-31,4109.0909,4080.9091,4142.7273,4055.4545,4981
2011-09-01,4080.9091,3965.4545,4096.3636,3960.9091,6333
2011-09-02,3871.8182,3797.2727,3921.8182,3790.9091,3407
2011-09-06,3682.7273,3767.2727,3792.7273,3662.7273,5570
2011-09-07,3832.7273,3984.5455,4009.0909,3818.1818,3423
2011-09-08,3927.2727,3871.8182,3980.9091,3845.4545,3697
2011-09-09,3827.2727,3740.9091,3889.0909,3728.1818,3367
2011-09-12,3683.6364,3792.7273,3816.3636,3676.3636,4434
2011-09-13,3808.1818,3851.8182,3894.5455,3793.6364,4528
2011-09-14,3878.1818,3866.3636,3925.4545,3792.7273,3277
2011-09-15,3906.3636,3900.9091,3930.0,3833.6364,4153
2011-09-16,3886.3636,3830.0,3941.8182,3803.6364,7658
2011-09-19,3743.6364,3730.0,3766.3636,3687.2727,4419
2011-09-20,3764.5455,3693.6364,3778.1818,3690.0,8292
2011-09-21,3694.5455,3506.3636,3725.4545,3504.5455,6410
2011-09-22,3429.0909,3439.0909,3486.3636,3375.4545,7326
2011-09-23,3425.4545,3479.0909,3535.3818,3425.4545,4175
2011-09-26,3518.1818,3623.6364,3626.3636,3468.1818,3026
2011-09-27,3711.8182,3630.9091,3755.4545,3588.1818,5871
2011-09-28,3632.7273,3477.2727,3650.9091,3475.4545,2920
2011-09-29,3559.0909,3595.4545,3648.1818,3512.7273,3798
2011-09-30,3521.8182,3432.7273,3561.8182,3430.9091,7801
2011-10-03,3395.4545,3273.6364,3506.3636,3270.9091,7116
2011-10-04,3237.2727,3330.0,3339.0909,3188.1818,15718
2011-10-05,3341.8182,3390.9091,3407.2727,3282.7273,8856
2011-10-06,3384.5455,3641.8182,3645.4545,3348.1818,7317
2011-10-07,3655.4545,3530.0,3712.7273,3500.0,7519
2011-10-10,3612.7273,3714.5455,3718.1818,3561.8182,3857
2011-10-11,3661.8182,3741.8182,3763.6364,3617.2727,4237
2011-10-12,3759.0909,3813.6364,3849.0909,3759.0909,9567
2011-10-13,3760.0,3738.1818,3786.3636,3681.8182,13957
2011-10-14,3790.0,3760.0,3829.0909,3705.4545,7094
2011-10-17,3724.5455,3530.9091,3738.1818,3522.7273,8519
2011-10-18,3555.4545,3680.9091,3706.3636,3537.2727,8229
2011-10-19,3672.7273,3674.5455,3750.0,3622.7273,9890
2011-10-20,3668.1818,3711.8182,3729.9818,3578.1818,7794
2011-10-21,3445.4545,3586.3636,3652.7273,3410.9091,39611
2011-10-24,3581.8182,3689.0909,3703.6364,3573.6364,11965
2011-10-25,3660.9091,3579.0909,3672.7273,3571.8182,6559
2011-10-26,3624.5455,3711.8182,3732.2727,3583.6818,13116
2011-10-27,3820.9091,3926.3636,4041.8182,3820.9091,9658
2011-10-28,3995.4545,3960.9091,4013.6364,3926.7636,6589
2011-10-31,3880.9091,3856.3636,3949.0909,3848.1818,6317
2011-11-01,3714.5455,3660.9091,3799.0909,3648.1818,8114
2011-11-02,3732.7273,3731.8182,3774.5455,3669.2091,6550
2011-11-03,3779.0909,3904.5455,3914.5455,3673.6364,5979
2011-11-04,3867.2727,3836.3636,3878.1818,3790.9091,6259
2011-11-07,3849.0909,3860.0,3878.1818,3765.4545,2554
2011-11-08,3932.7273,4008.1818,4025.4545,3851.8182,5192
2011-11-09,3899.0909,3758.1818,3926.3636,3745.4545,5736
2011-11-10,3832.7273,3831.8182,3869.0909,3788.1818,5317
2011-11-11,3892.7273,3927.2727,3973.6364,3884.5455,4181
2011-11-14,3900.0,3831.8182,3919.0909,3800.0,4456
2011-11-15,3832.7273,3890.0,3909.0909,3806.3636,4773
2011-11-16,3840.0,3839.0909,3962.7273,3834.5455,5071
2011-11-17,3832.7273,3760.9091,3898.1818,3744.5455,5760
2011-11-18,3749.0909,3730.0,3750.9091,3626.3636,8331
2011-11-21,3653.6364,3610.0,3657.2727,3562.7273,6072
2011-11-22,3593.6364,3601.8182,3663.6364,3570.0,6333
2011-11-23,3556.3636,3542.7273,3581.8182,3497.2727,7308
2011-11-25,3530.9091,3554.5455,3602.7273,3516.3636,2424
2011-11-28,3670.9091,3650.9091,3698.1818,3600.9091,5468
2011-11-29,3659.0909,3654.5455,3712.7273,3616.4091,3362
2011-11-30,3790.4545,3856.3636,3861.8182,3766.3636,6639
2011-12-01,3825.4545,3803.6364,3858.1818,3774.5455,3398
2011-12-02,3850.9091,3900.0,3955.4545,3839.0909,5528
2011-12-05,3953.6364,3976.3636,3981.8182,3937.2727,7938
2011-12-06,3964.5455,3893.6364,3981.8182,3890.0,4480
2011-12-07,3856.3636,3957.2727,3973.6364,3804.5455,5290
2011-12-08,3916.3636,3766.3636,3916.3636,3752.7273,5787
2011-12-09,3773.6364,3889.0909,3900.9091,3758.1818,4194
2011-12-12,3840.0,3852.7273,3865.4545,3775.4545,5648
2011-12-13,3892.7273,3862.7273,3910.0,3834.5455,13232
2011-12-14,3820.0,3816.3636,3887.2727,3799.0909,8164
2011-12-15,3924.5455,3813.6364,3924.5455,3804.5455,6895
2011-12-16,3847.2727,3850.9091,3956.3636,3810.0,9768
2011-12-19,3858.1818,3736.3636,3882.7273,3718.8545,4006
2011-12-20,3812.7273,3930.9091,3945.4545,3812.7273,7704
2011-12-21,3932.7273,3948.1818,3950.9091,3891.8182,6373
2011-12-22,3948.1818,4085.4545,4137.2727,3948.1818,4434
2011-12-23,4097.2727,4057.2727,4097.2727,4041.3636,2525
2011-12-27,4043.6364,4100.0,4114.5455,4018.1818,2379
2011-12-28,4090.0,3999.0909,4097.2727,3979.0909,2252
2011-12-29,4010.0,4040.9091,4063.6364,3996.3636,3942
2011-12-30,4044.5455,4016.3636,4063.6364,4001.8182,2351
2012-01-03,4120.0,4136.3636,4203.6364,4103.6364,3630
2012-01-04,4107.2727,4126.3636,4143.1818,4057.2727,2968
2012-01-05,4096.3636,4254.5455,4290.0,4067.2727,7202
2012-01-06,4255.4545,4255.4545,4290.0,4200.0,4447
2012-01-09,4259.0909,4319.0909,4338.1818,4240.0,8063
2012-01-10,4363.6364,4385.4545,4397.2727,4309.0909,9119
2012-01-11,4360.0,4377.2727,4387.2727,4310.9091,3928
2012-01-12,4394.5455,4405.4545,4405.4545,4306.3636,4389
2012-01-13,4334.5455,4380.9091,4394.5455,4303.6364,4165
2012-01-17,4407.2727,4358.1818,4441.8182,4338.1818,4882
2012-01-18,4346.3636,4466.3636,4470.9091,4329.0909,4326
2012-01-19,4480.0,4395.4545,4505.0,4378.1818,5370
2012-01-20,4392.7273,4472.7273,4541.8182,4370.0,6154
2012-01-23,4468.1818,4430.9091,4520.9091,4401.8182,4985
2012-01-24,4400.0,4421.8182,4457.2727,4358.1818,3441
2012-01-25,4410.9091,4400.0,4444.5455,4351.8182,5309
2012-01-26,4428.1818,4246.3636,4432.7273,4220.0,7999
2012-01-27,4238.1818,4238.1818,4280.0,4221.8182,5287
2012-01-30,4188.1818,4195.4545,4234.5455,4152.7273,5519
2012-01-31,4241.8182,4170.9091,4266.3636,4161.8182,5687
2012-02-01,4205.4545,4215.4545,4251.8182,4184.5455,7215
2012-02-02,4217.2727,4214.5455,4246.3636,4174.5455,3309
2012-02-03,4286.3636,4330.0,4353.6364,4275.4545,6107
2012-02-06,4300.0,4285.4545,4336.3636,4270.0,5026
2012-02-07,4268.1818,4298.1818,4331.8182,4256.3636,5005
2012-02-08,4305.4545,4325.4545,4342.7273,4245.4545,3381
2012-02-09,4366.3636,4336.3636,4384.5455,4280.0,4590
2012-02-10,4300.0,4302.7273,4330.0,4261.8182,4714
2012-02-13,4339.0909,4338.1818,4368.1545,4285.4545,3449
2012-02-14,4325.4545,4354.5455,4360.9091,4270.9091,4549
2012-02-15,4363.6364,4330.9091,4387.2727,4315.4545,4966
2012-02-16,4336.3636,4412.7273,4435.4545,4326.3636,6665
2012-02-17,4437.2727,4409.0909,4437.2727,4396.3636,5952
2012-02-21,4413.6364,4371.8182,4421.8182,4350.0,3242
2012-02-22,4362.7273,4241.8182,4370.0,4232.7273,4957
2012-02-23,4240.9091,4329.0909,4334.5455,4208.1818,3207
2012-02-24,4333.6364,4282.7273,4357.9364,4252.7273,3095
2012-02-27,4245.4545,4351.8182,4380.0,4215.4545,4722
2012-02-28,4352.7273,4326.3636,4387.2727,4302.7273,3614
2012-02-29,4332.7273,4272.7273,4361.8182,4265.4545,6624
2012-03-01,4292.7273,4295.4545,4336.3636,4273.6364,3742
2012-03-02,4293.6364,4209.0909,4314.5455,4184.5455,4238
2012-03-05,4203.6364,4215.4545,4240.9091,4158.1818,3467
2012-03-06,4154.5455,4128.1818,4154.5455,4093.6364,4776
2012-03-07,4139.0909,4214.5455,4228.1818,4127.2727,3401
2012-03-08,4235.4545,4288.1818,4292.7273,4204.5455,3352
2012-03-09,4295.4545,4336.3636,4368.1818,4270.9091,3132
2012-03-12,4345.4545,4310.0,4345.4545,4281.8182,2539
2012-03-13,4351.8182,4498.1818,4498.1818,4343.6364,11872
2012-03-14,4487.2727,4532.7273,4571.8182,4460.0,5242
2012-03-15,4523.6364,4850.0,4875.4545,4500.0,15674
2012-03-16,4863.6364,4882.7273,4935.4545,4834.5455,16091
2012-03-19,4860.9091,4940.0,4963.6364,4779.0909,7860
2012-03-20,4888.1818,4910.9091,4944.5455,4829.0909,6610
2012-03-21,4924.5455,4895.4545,4947.2727,4871.8182,4481
2012-03-22,4840.9091,4841.8182,4865.4545,4784.5455,3745
2012-03-23,4841.8182,4887.2727,4890.0,4822.7273,5674
2012-03-26,4939.0909,4949.0909,4960.9091,4879.0909,5086
2012-03-27,4953.6364,4843.6364,4963.6364,4840.9091,5574
2012-03-28,4844.5455,4855.4545,4897.2727,4799.0909,6488
2012-03-29,4823.6364,4819.0909,4830.9091,4734.5455,4004
2012-03-30,4864.5455,4770.0,4870.0,4768.1818,4471
2012-04-02,4759.0909,4761.8182,4794.5455,4716.3636,5849
2012-04-03,4762.7273,4837.2727,4858.1818,4724.5455,7438
2012-04-04,4788.1818,4772.7273,4817.2727,4741.8182,4376
2012-04-05,4754.5455,4707.2727,4778.1818,4688.1818,6461
2012-04-09,4618.1818,4642.7273,4670.9091,4581.8182,4362
2012-04-10,4638.1818,4558.1818,4660.0,4542.7273,3782
2012-04-11,4618.1818,4653.6364,4670.0,4598.1818,4031
2012-04-12,4649.0909,4730.0,4738.1818,4649.0909,3591
2012-04-13,4701.8182,4547.2727,4714.5455,4545.4545,3733
2012-04-16,4580.0,4598.1818,4626.0909,4544.5455,3265
2012-04-17,4647.2727,4682.7273,4730.9091,4620.9091,4209
2012-04-18,4650.0,4672.7273,4698.1818,4630.7273,4329
2012-04-19,4671.8182,4696.3636,4758.1818,4646.3636,6405
2012-04-20,4727.2727,4690.9091,4767.2727,4680.0,6558
2012-04-23,4659.0909,4694.5455,4700.9091,4632.7273,4557
2012-04-24,4709.0909,4779.0909,4784.5455,4695.4545,4815
2012-04-25,4818.1818,4837.2727,4870.9091,4793.6364,6242
2012-04-26,4823.6364,4882.7273,4894.5455,4801.8182,3824
2012-04-27,4900.9091,4966.3636,4984.5455,4858.1818,7182
2012-04-30,4947.2727,4841.8182,4953.6364,4809.0909,4557
2012-05-01,4849.0909,4890.9091,4954.5455,4817.0909,3767
2012-05-02,4854.5455,4861.8182,4904.5455,4809.0909,3766
2012-05-03,4865.4545,4823.6364,4881.8182,4811.8182,3235
2012-05-04,4798.1818,4746.3636,4810.0,4702.7273,5152
2012-05-07,4731.8182,4805.4545,4850.0,4713.6364,5651
2012-05-08,4756.3636,4760.0,4793.6364,4705.4545,4827
2012-05-09,4717.2727,4731.8182,4778.1818,4660.0,5035
2012-05-10,4780.0,4760.9091,4809.0909,4743.6364,3980
2012-05-11,4708.1818,4708.1818,4758.6364,4654.5455,3412
2012-05-14,4640.9091,4606.3636,4670.9091,4597.2727,3790
2012-05-15,4616.3636,4550.9091,4631.8182,4539.0909,3287
2012-05-16,4581.8182,4540.9091,4636.3636,4540.0,3981
2012-05-17,4550.9091,4457.2727,4550.9091,4453.6364,5723
2012-05-18,4472.7273,4378.1818,4485.4545,4371.8182,4316
2012-05-21,4383.6364,4416.3636,4462.7273,4360.9091,5072
2012-05-22,4436.3636,4467.2727,4522.7273,4435.4545,3931
2012-05-23,4419.0909,4516.3636,4525.4545,4407.2727,3817
2012-05-24,4519.0909,4594.5455,4594.5455,4485.4545,5933
2012-05-25,4607.2727,4568.1818,4615.4545,4552.7273,3496
2012-05-29,4619.0909,4626.3636,4629.0909,4560.0,3733
2012-05-30,4567.2727,4503.6364,4568.1818,4491.8182,4654
2012-05-31,4498.1818,4516.3636,4567.2727,4456.3636,9204
2012-06-01,4401.8182,4297.2727,4432.2727,4287.2727,4373
2012-06-04,4300.0,4217.2727,4330.9091,4205.4545,5924
2012-06-05,4200.9091,4218.1818,4270.0,4192.7273,8244
2012-06-06,4240.9091,4276.3636,4277.2727,4225.4545,5551
2012-06-07,4655.4545,4314.5455,4655.4545,4309.0909,3962
2012-06-08,4297.2727,4360.9091,4369.0909,4270.0,3987
2012-06-11,4414.5455,4246.3636,4414.5455,4244.5455,4377
2012-06-12,4247.2727,4330.9091,4331.8182,4229.0909,4061
2012-06-13,4300.9091,4305.4545,4383.6364,4284.5455,2114
2012-06-14,4314.5455,4360.0,4370.0,4291.3636,3088
2012-06-15,4364.5455,4443.6364,4490.9091,4363.6364,7312
2012-06-18,4387.2727,4410.9091,4437.2727,4301.8182,5902
2012-06-19,4440.0,4417.2727,4462.7273,4403.6364,4203
2012-06-20,4408.1818,4407.2727,4433.6364,4348.1818,4543
2012-06-21,4419.0909,4300.0,4455.4545,4295.4545,1791
2012-06-22,4328.1818,4392.7273,4408.1818,4311.8182,2731
2012-06-25,4356.3636,4332.7273,4369.0909,4290.9091,5431
2012-06-26,4342.7273,4314.5455,4346.3636,4270.9091,2394
2012-06-27,4322.7273,4362.7273,4373.6364,4289.0909,1474
2012-06-28,4309.0909,4337.2727,4337.2727,4240.9091,2736
2012-06-29,4431.8182,4416.3636,4447.2727,4383.6364,3270
2012-07-02,4429.0909,4464.5455,4465.4545,4403.6455,2395
2012-07-03,4458.1818,4508.1818,4508.1818,4457.2727,648
2012-07-05,4546.3636,4494.5455,4546.3636,4480.9091,4601
2012-07-06,4458.1818,4461.8182,4480.0,4423.6364,1595
2012-07-09,4445.4545,4407.2727,4450.9091,4380.0,1559
2012-07-10,4442.7273,4381.8182,4450.0,4348.1818,1769
2012-07-11,4369.0909,4419.0909,4424.5455,4368.1818,2495
2012-07-12,4391.8182,4395.4545,4408.7273,4354.5455,1838
2012-07-13,4419.0909,4501.8182,4520.9091,4406.3636,2243
2012-07-16,4500.0,4510.0,4530.9091,4452.2727,1723
2012-07-17,4546.3636,4558.1818,4614.5455,4500.4545,6500
2012-07-18,4530.0,4581.8182,4603.6364,4526.3636,3828
2012-07-19,4581.8182,4540.9091,4625.4545,4528.1818,4781
2012-07-20,4727.2727,4491.8182,4750.0,4469.0909,4931
2012-07-23,4420.0,4439.0909,4470.0,4394.5455,3136
2012-07-24,4452.7273,4420.9091,4452.7273,4389.0909,2536
2012-07-25,4429.0909,4474.5455,4497.2727,4427.2727,2542
2012-07-26,4531.8182,4489.0909,4537.2727,4470.9091,1906
2012-07-27,4528.1818,4504.5455,4554.5455,4420.0,3961
2012-07-30,4494.5455,4493.6364,4522.7273,4484.5455,2264
2012-07-31,4486.3636,4480.0,4504.5455,4462.7273,1740
2012-08-01,4494.5455,4480.9091,4538.6364,4470.9091,2330
2012-08-02,4440.0,4418.1818,4477.2727,4335.4545,2600
2012-08-03,4488.1818,4591.8182,4603.6364,4475.4545,3024
2012-08-06,4600.9091,4535.4545,4635.4545,4529.0909,1725
2012-08-07,4545.4545,4602.7273,4639.0909,4540.9091,3475
2012-08-08,4590.9091,4620.0,4636.3636,4562.7273,4357
2012-08-09,4608.1818,4599.0909,4636.3636,4590.0,1620
2012-08-10,4576.3636,4586.3636,4600.9091,4542.7273,1660
2012-08-13,4573.6364,4579.0909,4599.9909,4530.0,1413
2012-08-14,4594.5455,4550.0,4610.9091,4535.4545,1872
2012-08-15,4549.0909,4596.3636,4599.0909,4540.0,1531
2012-08-16,4600.0,4597.2727,4628.1818,4582.7273,1308
2012-08-17,4589.0909,4642.7273,4648.1818,4586.3636,1919
2012-08-20,4636.3636,4638.1818,4668.4,4614.5455,2509
2012-08-21,4643.6364,4682.7273,4714.5455,4643.6364,1441
2012-08-22,4681.8182,4650.0,4681.8182,4620.0,2495
2012-08-23,4640.9091,4591.8182,4656.3636,4577.2727,2696
2012-08-24,4581.8182,4620.9091,4658.1818,4570.0,1442
2012-08-27,4644.5455,4591.8182,4647.2727,4586.3636,1568
2012-08-28,4593.6364,4649.0909,4670.0,4586.3636,1919
2012-08-29,4648.1818,4690.9091,4700.9091,4640.0,2006
2012-08-30,4628.1818,4667.2727,4684.5455,4591.8182,1929
2012-08-31,4701.8182,4668.1818,4724.5455,4649.0909,2066
2012-09-04,4676.3636,4750.9091,4761.8182,4643.6364,2883
2012-09-05,4743.6364,4714.5455,4746.3636,4681.8182,2238
2012-09-06,4718.1818,4800.9091,4861.8182,4708.6364,2250
2012-09-07,4807.2727,4875.4545,4901.8182,4807.2727,2417
2012-09-10,4853.6364,4830.0,4905.0,4827.2727,1222
2012-09-11,4833.6364,4817.2727,4861.8182,4806.3636,1042
2012-09-12,4832.7273,4870.9091,4901.8182,4832.7273,1265
2012-09-13,4861.8182,4900.0,4913.6364,4804.5455,2647
2012-09-14,4898.1818,4952.7273,4976.3636,4882.7273,3702
2012-09-17,4946.3636,4845.4545,4946.3636,4841.8182,1907
2012-09-18,4839.0909,4833.6364,4878.1818,4825.4545,3046
2012-09-19,4833.6364,4808.1818,4851.8182,4800.0,3175
2012-09-20,4770.0,4757.2727,4778.1818,4691.8182,3157
2012-09-21,4805.4545,4745.4545,4833.6364,4739.0909,4528
2012-09-24,4733.6364,4798.1818,4821.8182,4695.4545,2710
2012-09-25,4821.8182,4700.9091,4840.0,4697.2727,1656
2012-09-26,4708.1818,4670.9091,4739.0909,4660.9091,1699
2012-09-27,4688.1818,4709.0909,4736.3636,4661.8273,3995
2012-09-28,4686.3636,4682.7273,4711.8182,4667.2727,1933
2012-10-01,4693.6364,4686.3636,4731.8182,4640.0,2868
2012-10-02,4704.5455,4690.9091,4720.9091,4645.4545,2412
2012-10-03,4701.8182,4720.0,4757.2727,4667.2727,2405
2012-10-04,4739.0909,4781.8182,4782.7273,4727.2727,2350
2012-10-05,4795.4545,4757.2727,4834.5455,4743.6364,2519
2012-10-08,4729.0909,4721.8182,4744.5455,4691.8182,1412
2012-10-09,4718.1818,4686.3636,4728.1818,4676.3636,1424
2012-10-10,4685.4545,4693.6364,4722.7273,4663.6364,839
2012-10-11,4728.1818,4686.3636,4728.1818,4675.4545,1750
2012-10-12,4652.7273,4508.1818,4662.7273,4480.0,4748
2012-10-15,4523.6364,4500.0,4549.7818,4476.3636,5053
2012-10-16,4500.0,4367.2727,4532.2727,4346.3636,6734
2012-10-17,4382.7273,4380.0,4420.9091,4362.7273,8799
2012-10-18,4368.1818,4438.1818,4447.2727,4368.1818,8037
2012-10-19,4570.0,4597.2727,4669.0909,4536.3636,12135
2012-10-22,4653.6364,4637.2727,4713.6364,4574.5455,5361
2012-10-23,4568.1818,4600.9091,4626.3636,4535.4545,7591
2012-10-24,4626.3636,4563.6364,4636.3636,4534.5455,6727
2012-10-25,4600.0,4627.2727,4636.3636,4562.7273,4012
2012-10-26,4611.8182,4596.3636,4631.8182,4582.7273,2157
2012-10-31,4602.7273,4645.4545,4700.0,4551.8182,3218
2012-11-01,4633.6364,4702.7273,4719.0909,4604.5455,3852
2012-11-02,4731.8182,4657.2727,4731.8182,4636.3636,4985
2012-11-05,4640.0,4636.3636,4652.2727,4556.3636,3311
2012-11-06,4647.2727,4687.2727,4714.5455,4647.2727,2864
2012-11-07,4654.5455,4581.8182,4655.4545,4560.9091,6402
2012-11-08,4579.0909,4463.6364,4603.6364,4463.6364,3544
2012-11-09,4452.7273,4444.5455,4499.0909,4430.9091,3447
2012-11-12,4472.7273,4400.0,4472.7273,4373.6364,2796
2012-11-13,4391.8182,4352.7273,4428.1818,4350.0,4241
2012-11-14,4374.5455,4300.9091,4374.5455,4283.6364,3191
2012-11-15,4284.5455,4297.2727,4329.6364,4270.0,3703
2012-11-16,4310.9091,4300.0,4337.5545,4257.2727,4765
2012-11-19,4351.8182,4407.2727,4407.2727,4340.9091,3547
2012-11-20,4390.0,4453.6364,4492.7273,4365.4545,4271
2012-11-21,4456.3636,4415.4545,4465.0909,4393.6364,1879
2012-11-23,4423.6364,4522.7273,4522.7273,4414.5455,1130
2012-11-26,4488.1818,4503.6364,4509.0909,4475.0,2662
2012-11-27,4507.2727,4464.5455,4507.2727,4452.7273,3705
2012-11-28,4429.0909,4437.2727,4439.0909,4345.4545,4890
2012-11-29,4428.1818,4417.2727,4478.6364,4398.1818,2556
2012-11-30,4434.5455,4426.3636,4435.4545,4387.8909,2353
2012-12-03,4450.9091,4443.6364,4452.7273,4396.3636,3981
2012-12-04,4435.4545,4442.7273,4449.0909,4409.0909,3316
2012-12-05,4452.7273,4451.8182,4471.8182,4414.5455,1956
2012-12-06,4453.6364,4459.0909,4490.7273,4437.2727,1617
2012-12-07,4474.5455,4464.5455,4500.9091,4446.3636,2386
2012-12-10,4470.0,4470.0,4498.1818,4451.8182,1353
2012-12-11,4473.6364,4486.3636,4506.3636,4468.1818,2406
2012-12-12,4488.1818,4505.4545,4545.4545,4488.1818,4043
2012-12-13,4496.3636,4453.6364,4509.5455,4438.1818,6496
2012-12-14,4436.3636,4427.2727,4465.4545,4392.7273,3570
2012-12-17,4432.7273,4498.1818,4516.3636,4432.7273,11079
2012-12-18,4504.5455,4587.2727,4600.0,4490.0,11726
2012-12-19,4596.3636,4608.1818,4626.3636,4571.0909,2599
2012-12-20,4623.6364,4617.2727,4668.1727,4602.7273,2956
2012-12-21,4537.2727,4611.8182,4611.8182,4537.2727,10108
2012-12-24,4596.3636,4577.2727,4624.5455,4562.7273,1023
2012-12-26,4580.0,4530.0,4598.1818,4520.9091,2605
2012-12-27,4527.2727,4501.8182,4536.8182,4442.7273,2501
2012-12-28,4480.9091,4480.9091,4507.2727,4445.4545,1998
2012-12-31,4472.7273,4501.8182,4501.8182,4448.1818,2199
2013-01-02,4577.2727,4648.1818,4648.1818,4564.5455,4084
2013-01-03,4637.2727,4682.7273,4699.0909,4586.3636,5912
2013-01-04,4700.0,4781.8182,4787.2727,4676.3636,3035
2013-01-07,4730.0,4776.3636,4809.0909,4727.2727,4510
2013-01-08,4766.3636,4763.6364,4801.8182,4730.0,4335
2013-01-09,4779.0909,4698.1818,4789.0909,4685.4545,5031
2013-01-10,4687.2727,4729.0909,4739.0909,4602.7273,5417
2013-01-11,4706.3636,4663.6364,4706.3636,4634.5455,3387
2013-01-14,4665.4545,4678.1818,4690.0,4625.4545,2789
2013-01-15,4668.1818,4744.5455,4756.3636,4668.1818,2790
2013-01-16,4741.8182,4792.7273,4805.4545,4721.8182,4730
2013-01-17,4800.0,4789.0909,4833.6364,4766.3636,6461
2013-01-18,4804.5455,4775.4545,4809.0909,4726.3636,3803
2013-01-22,4782.7273,4813.6364,4813.6364,4758.1818,1170
2013-01-23,4812.7273,4804.5455,4838.1818,4790.9091,2715
2013-01-24,4793.6364,4777.2727,4823.6364,4766.3636,2930
2013-01-25,4627.2727,4710.0,4781.8182,4516.3636,15360
2013-01-28,4730.9091,4809.0909,4849.0909,4725.4545,8278
2013-01-29,4800.9091,4828.1818,4838.1818,4783.6364,7572
2013-01-30,4819.0909,4918.1818,4921.8182,4815.4545,8631
2013-01-31,4899.0909,4814.5455,4918.1818,4800.0,5560
2013-02-01,4860.0,4900.9091,4906.3636,4820.9091,3987
2013-02-04,4858.1818,4823.6364,4878.1818,4790.9091,3127
2013-02-05,4851.8182,4904.5455,4927.2727,4846.3636,2988
2013-02-06,4872.7273,4919.0909,4919.0909,4861.8182,1992
2013-02-07,4905.4545,4945.4545,4949.0909,4896.3636,2905
2013-02-08,4945.4545,4977.2727,4977.2727,4945.4545,2360
2013-02-11,4972.7273,5045.4545,5045.4545,4969.0909,4579
2013-02-12,5031.8182,5051.8182,5059.0909,5012.7273,3432
2013-02-13,5049.0909,5080.0,5087.9545,5040.9091,3151
2013-02-14,5065.4545,5076.3636,5100.9091,5046.3636,2272
2013-02-15,5080.0,5084.5455,5100.0,5059.0909,2516
2013-02-19,5090.9091,5100.0,5118.1818,5070.0,3495
2013-02-20,5100.9091,5055.4545,5106.3636,5042.7273,3172
2013-02-21,5053.6364,5014.5455,5061.8182,5001.8182,2860
2013-02-22,5040.9091,5058.1818,5063.6364,5006.3636,1306
2013-02-25,5080.0,4969.0909,5091.6364,4968.1818,3213
2013-02-26,4978.1818,4948.1818,5001.0273,4917.2727,2922
2013-02-27,4952.7273,5066.3636,5075.4545,4938.1818,3347
2013-02-28,5067.2727,5164.5455,5186.3636,5066.3636,6832
2013-03-01,5128.1818,5111.8182,5154.5455,5044.5455,6054
2013-03-04,5085.4545,5114.5455,5133.6364,5056.3636,3010
2013-03-05,5144.5455,5133.6364,5182.7273,5078.1818,3296
2013-03-06,5150.9091,5118.1818,5150.9091,5081.8182,5701
2013-03-07,5111.8182,5160.0,5181.8182,5097.2727,3867
2013-03-08,5180.9091,5176.3636,5212.7273,5141.8182,4733
2013-03-11,5166.3636,5211.8182,5224.5455,5164.5455,2353
2013-03-12,5221.8182,5221.8182,5223.6364,5159.0909,4102
2013-03-13,5227.2727,5241.8182,5253.1818,5210.9091,5856
2013-03-14,5245.4545,5267.2727,5272.7273,5240.0,2544
2013-03-15,5270.0,5319.0909,5330.0,5261.8182,6328
2013-03-18,5267.2727,5297.2727,5311.8182,5258.1818,2777
2013-03-19,5310.0,5337.2727,5339.0909,5298.1818,2895
2013-03-20,5358.1818,5419.0909,5435.4545,5353.6364,5309
2013-03-21,5383.6364,5364.5455,5425.4545,5349.0909,2532
2013-03-22,5381.8182,5360.0,5381.8182,5330.9091,2702
2013-03-25,5372.7273,5357.2727,5378.1818,5329.0909,2198
2013-03-26,5379.0909,5373.6364,5385.4545,5331.8182,1233
2013-03-27,5337.2727,5362.7273,5370.0,5263.6364,3268
2013-03-28,5374.5455,5355.4545,5374.5455,5326.3636,2409
2013-04-01,5354.5455,5245.4545,5355.4545,5217.2727,5320
2013-04-02,5259.0909,5230.9091,5286.3636,5224.5455,3837
2013-04-03,5229.0909,5186.3636,5234.5455,5163.6364,3365
2013-04-04,5192.7273,5160.0,5204.1818,5147.2727,4091
2013-04-05,5115.4545,5116.3636,5130.0,5034.5455,7467
2013-04-08,5127.2727,5199.0909,5203.6364,5062.7273,4230
2013-04-09,5207.2727,5215.4545,5229.0909,5141.8182,3287
2013-04-10,5214.5455,5253.6364,5273.6364,5208.3636,4012
2013-04-11,5263.6364,5204.5455,5267.2727,5196.3636,3188
2013-04-12,5175.4545,5128.1818,5192.7273,5103.6364,4146
2013-04-15,5111.8182,5037.2727,5121.8182,5030.0,6718
2013-04-16,5073.6364,5010.0,5073.6364,5002.7273,5259
2013-04-17,4990.0,4968.1818,5021.8182,4939.0909,6311
2013-04-18,4968.1818,4941.8182,4977.0909,4916.3636,7291
2013-04-19,4977.2727,5001.8182,5014.5455,4821.8182,7290
2013-04-22,5004.5455,4998.1818,5017.2727,4945.4545,2884
2013-04-23,5030.0,5060.0,5060.0,5000.9091,2645
2013-04-24,5039.0909,5142.7273,5142.7273,5031.8182,3655
2013-04-25,5141.8182,5201.8182,5208.1818,5132.7273,4062
2013-04-26,5165.4545,5201.8182,5243.6364,5165.4545,4409
2013-04-29,5178.1818,5170.0,5188.1818,5157.2727,2381
2013-04-30,5158.1818,5202.7273,5203.6364,5131.8182,2392
2013-05-01,5161.8182,5129.0909,5192.7273,5103.1818,4808
2013-05-02,5155.4545,5151.8182,5198.1818,5136.3636,1745
2013-05-03,5191.8182,5203.6364,5244.5455,5190.9091,2081
2013-05-06,5190.9091,5264.5455,5264.5455,5190.0,1686
2013-05-07,5268.1818,5339.0909,5340.0,5264.5455,1868
2013-05-08,5322.7273,5340.9091,5368.1818,5309.0909,1485
2013-05-09,5334.5455,5293.6364,5340.0,5287.2727,1422
2013-05-10,5299.0909,5332.7273,5344.5455,5288.1818,3167
2013-05-13,5317.2727,5342.7273,5391.8182,5314.5455,3142
2013-05-14,5358.1818,5445.4545,5445.4545,5341.8182,2787
2013-05-15,5445.4545,5540.9091,5629.0909,5422.7273,5092
2013-05-16,5535.4545,5570.0,5605.4545,5530.4909,5894
2013-05-17,5585.4545,5660.9091,5670.0,5585.4545,3716
2013-05-20,5641.8182,5693.6364,5727.2727,5630.0,5154
2013-05-21,5698.1818,5642.7273,5707.2727,5633.6364,4426
2013-05-22,5642.7273,5620.0,5727.2727,5610.0,4028
2013-05-23,5592.7273,5599.0909,5616.3636,5550.9091,3474
2013-05-24,5573.6364,5627.2727,5630.0,5544.5455,2358
2013-05-28,5670.0,5710.0,5740.9091,5669.0909,4292
2013-05-29,5680.9091,5728.1818,5740.9,5679.0909,2869
2013-05-30,5737.2727,5787.2727,5826.3636,5721.8182,3095
2013-05-31,5770.0,5705.4545,5775.4545,5701.8182,3340
2013-06-03,5720.9091,5668.1818,5746.3636,5564.5545,3996
2013-06-04,5668.1818,5644.5455,5709.0909,5623.6364,2219
2013-06-05,5635.4545,5500.0,5635.4545,5487.2727,3531
2013-06-06,5487.2727,5562.7273,5577.2727,5478.1818,4117
2013-06-07,5562.7273,5620.0,5627.2727,5540.0,4322
2013-06-10,5637.2727,5684.5455,5689.4545,5605.4545,1664
2013-06-11,5616.3636,5615.4545,5669.0909,5583.6364,1242
2013-06-12,5656.3636,5560.0,5656.3636,5541.8182,1467
2013-06-13,5547.2727,5634.5455,5651.8182,5530.0,2108
2013-06-14,5628.1818,5520.0,5643.6364,5517.2727,2448
2013-06-17,5524.5455,5523.6364,5568.1818,5500.4545,4089
2013-06-18,5538.1818,5548.1818,5584.5455,5506.3636,4570
2013-06-19,5540.9091,5501.8182,5541.8182,5472.7273,4191
2013-06-20,5465.4545,5600.0,5619.0909,5443.6364,6385
2013-06-21,5628.1818,5622.7273,5658.1818,5580.9091,8666
2013-06-24,5587.2727,5580.9091,5610.0,5550.9091,2817
2013-06-25,5616.3636,5675.4545,5717.2727,5555.4545,3460
2013-06-26,5710.9091,5656.3636,5749.0909,5630.0,2326
2013-06-27,5682.7273,5752.7273,5755.4545,5664.5455,3159
2013-06-28,5756.3636,5760.9091,5799.0909,5707.2727,2440
2013-07-01,5789.0909,5842.7273,5945.4545,5789.0909,3385
2013-07-02,5830.0,5866.3636,5916.3636,5820.4545,3369
2013-07-03,5832.7273,5906.3636,5906.3636,5827.2727,1506
2013-07-05,5954.5455,6069.0909,6073.6364,5944.5455,2366
2013-07-08,6094.5455,6068.1818,6125.4545,6060.0,2220
2013-07-09,6093.6364,6021.8182,6128.1818,5964.5455,3537
2013-07-10,6021.8182,5946.3636,6039.0909,5888.1818,4098
2013-07-11,5979.0909,5828.1818,5986.3636,5796.3636,4798
2013-07-12,5870.9091,5971.8182,5981.8182,5829.0909,3624
2013-07-15,5986.3636,6024.5455,6033.6364,5955.4545,2290
2013-07-16,6026.3636,5923.6364,6030.9091,5846.3636,3451
2013-07-17,5940.0,5927.2727,5994.5455,5898.1818,2896
2013-07-18,5936.3636,6110.9091,6130.0,5936.3636,5771
2013-07-19,6219.0909,6337.2727,6345.4545,6168.1818,7459
2013-07-22,6363.6364,6428.1818,6459.0909,6333.6364,2860
2013-07-23,6352.7273,6400.0,6422.7273,6281.8182,5411
2013-07-24,6398.1818,6468.1818,6513.6364,6398.1818,3527
2013-07-25,6438.1818,6354.5455,6474.5455,6331.8182,3274
2013-07-26,6328.1818,6283.6364,6357.2727,6277.2727,2894
2013-07-29,6267.2727,6243.6364,6302.7273,6193.6364,2548
2013-07-30,6261.8182,6274.5455,6362.7273,6261.8182,2796
2013-07-31,6285.4545,6320.9091,6452.7273,6278.1818,3205
2013-08-01,6368.1818,6453.6364,6534.5455,6368.1818,5129
2013-08-02,6430.9091,6454.5455,6459.0909,6370.0,2415
2013-08-05,6437.2727,6451.8182,6489.0909,6400.9091,2767
2013-08-06,6433.6364,6366.3636,6443.6364,6360.0,2480
2013-08-07,6339.0909,6302.7273,6357.2727,6264.5455,2208
2013-08-08,6340.9091,6304.5455,6384.5455,6304.5455,3623
2013-08-09,6309.0909,6306.3636,6372.7273,6302.7273,1482
2013-08-12,6275.4545,6310.9091,6340.0,6275.4545,1719
2013-08-13,6293.6364,6345.4545,6350.9091,6252.7273,1266
2013-08-14,6314.5455,6313.6364,6358.1818,6280.0,1870
2013-08-15,6284.5455,6207.2727,6303.6364,6207.2727,3042
2013-08-16,6207.2727,6253.6364,6321.8182,6197.2727,2497
2013-08-19,6255.4545,6195.4545,6255.4545,6193.6364,2209
2013-08-20,6195.4545,6306.3636,6324.5455,6190.0,1325
2013-08-21,6285.4545,6257.2727,6313.6364,6218.1818,2351
2013-08-22,6270.0,6356.3636,6364.5455,6270.0,1142
2013-08-23,6367.2727,6306.3636,6368.1818,6265.4545,1476
2013-08-26,6303.6364,6274.5455,6354.5455,6265.4545,912
2013-08-27,6210.0,6004.5455,6260.8818,5990.9091,3469
2013-08-28,6002.7273,6051.8182,6085.4455,5978.3636,3247
2013-08-29,6035.4545,6062.7273,6131.8182,6001.8182,1357
2013-08-30,6072.7273,5951.8182,6072.7273,5940.9091,2091
2013-09-03,6030.0,5918.1818,6122.7273,5836.3636,5965
2013-09-04,5942.7273,6006.3636,6076.3636,5940.4545,4024
2013-09-05,6015.4545,6035.4545,6080.0,6000.9091,2078
2013-09-06,6056.3636,6028.1818,6063.6364,5927.2727,3170
2013-09-09,6039.0909,6086.3636,6097.2727,6007.2727,1249
2013-09-10,6103.6364,6158.1818,6160.0,6086.3636,2870
2013-09-11,6158.1818,6128.1818,6169.0909,6081.8182,2029
2013-09-12,6114.5455,6072.7273,6140.9091,6068.1818,1461
2013-09-13,6085.4545,6103.6364,6107.2727,6023.6364,1702
2013-09-16,6153.6364,6113.6364,6174.4545,6110.9091,1353
2013-09-17,6120.0,6202.7273,6212.7273,6081.8182,1790
2013-09-18,6201.8182,6090.9091,6242.7273,6076.3636,4877
2013-09-19,6097.2727,5895.4545,6097.2727,5883.6364,7178
2013-09-20,5888.1818,5970.0,5986.3636,5888.1818,9199
2013-09-23,5970.0,5975.4545,5988.1818,5857.2727,5142
2013-09-24,5983.6364,5989.0909,6004.5455,5948.1818,5434
2013-09-25,6000.0,6051.8182,6086.3636,5933.6364,2830
2013-09-26,6065.4545,6008.1818,6088.1818,5967.2727,2278
2013-09-27,5985.4545,5988.1818,6040.9091,5985.4545,1792
2013-09-30,5951.8182,6060.0,6072.7273,5924.5455,2730
2013-10-01,6068.1818,6154.5455,6191.8182,6066.3636,6990
2013-10-02,6104.5455,6117.2727,6134.5455,6071.8182,3656
2013-10-03,6120.0,6119.0909,6125.7273,6064.5455,3717
2013-10-04,6095.4545,6180.0,6230.9091,6081.8182,4967
2013-10-07,6150.0,6030.9091,6150.0,6030.9091,4776
2013-10-08,6033.6364,5944.5455,6065.4545,5940.9091,5040
2013-10-09,5960.9091,5954.5455,6016.3636,5935.4545,5067
2013-10-10,6026.3636,6127.2727,6128.1818,6023.6364,2891
2013-10-11,6105.4545,6231.8182,6233.6364,6079.0909,1770
2013-10-14,6196.3636,6250.9091,6261.8182,6194.5455,1942
2013-10-15,6238.1818,6183.6364,6264.5455,6174.5455,2307
2013-10-16,6231.8182,6289.0909,6328.1818,6214.5455,2066
2013-10-17,6261.8182,6327.2727,6334.5455,6240.9091,1969
2013-10-18,6365.4545,6388.1818,6396.3636,6281.8182,3029
2013-10-21,6385.4545,6435.4545,6442.7273,6377.2727,1159
2013-10-22,6439.0909,6424.5455,6470.9091,6396.3636,1513
2013-10-23,6389.0909,6340.9091,6416.3636,6338.1818,2479
2013-10-24,6345.4545,6313.6364,6351.8182,6292.7273,3239
2013-10-25,6577.2727,6589.0909,6725.8636,6497.2727,8148
2013-10-28,6610.0,6666.3636,6671.8182,6590.9091,3321
2013-10-29,6626.3636,6684.5455,6688.1818,6626.3636,3372
2013-10-30,6693.6364,6649.0909,6713.6364,6645.4545,1590
2013-10-31,6644.5455,6555.4545,6703.6364,6553.6364,2014
2013-11-01,6548.1818,6584.5455,6618.1818,6514.5455,2953
2013-11-04,6593.6364,6586.3636,6601.8182,6530.9091,2210
2013-11-05,6552.7273,6614.5455,6650.0,6541.8182,1834
2013-11-06,6647.2727,6664.5455,6687.2727,6608.1818,3903
2013-11-07,6669.0909,6608.1818,6694.5455,6578.1818,4865
2013-11-08,6633.6364,6915.4545,6928.1818,6617.8182,3817
2013-11-11,6900.0,6816.3636,6906.3636,6800.0,2084
2013-11-12,6790.0,6709.0909,6808.1818,6692.7273,1528
2013-11-13,6675.4545,6772.7273,6776.3636,6675.4545,2831
2013-11-14,6787.2727,6790.9091,6800.0,6753.6364,1559
2013-11-15,6818.1818,6762.7273,6822.7273,6731.8182,1649
2013-11-18,6791.8182,6756.3636,6858.1818,6750.9091,1870
2013-11-19,6763.6364,6746.3636,6798.1818,6724.5455,1803
2013-11-20,6763.6364,6748.1818,6790.9091,6710.9091,2093
2013-11-21,6760.0,6918.1818,6950.9091,6735.4545,3689
2013-11-22,6925.4545,6976.3636,6980.0,6885.4545,2062
2013-11-25,6989.0909,6950.9091,7017.2727,6919.0909,2776
2013-11-26,6961.8182,6962.7273,6982.7273,6901.8182,1496
2013-11-27,6980.0,6970.9091,7000.0,6932.7273,2124
2013-11-29,6984.5455,6941.8182,6990.9091,6915.5455,780
2013-12-02,6946.3636,6976.3636,7084.5455,6894.5455,2892
2013-12-03,6940.0,6891.8182,6966.1364,6809.0909,1803
2013-12-04,6840.0,6932.7273,6971.8182,6840.0,1967
2013-12-05,6929.0909,6957.2727,6997.2727,6867.2727,2592
2013-12-06,7063.6364,7108.1818,7137.2727,7045.4545,2895
2013-12-09,7141.8182,7105.4545,7193.1818,7089.0909,3188
2013-12-10,7062.7273,7044.5455,7141.8182,7025.4545,2487
2013-12-11,7055.4545,6930.0,7056.3636,6921.8182,2480
2013-12-12,6916.3636,7011.8182,7047.2727,6904.5455,2113
2013-12-13,7020.0,6980.9091,7047.2727,6913.6364,2832
2013-12-16,7000.0,7068.1818,7087.7273,6941.8182,2917
2013-12-17,7078.1818,7007.2727,7096.0,6984.5455,2528
2013-12-18,7012.7273,7124.5455,7130.0,6963.6364,3628
2013-12-19,7108.1818,7074.5455,7136.3636,7059.0909,3629
2013-12-20,7055.4545,7045.4545,7129.0909,7037.2727,7921
2013-12-23,7101.8182,7191.8182,7198.1818,7042.7273,3007
2013-12-24,7217.2727,7211.8182,7247.2727,7163.1818,752
2013-12-26,7224.5455,7168.1818,7234.5455,7150.9091,1568
2013-12-27,7183.6364,7148.1818,7210.0,7137.2727,975
2013-12-30,7165.4545,7129.0909,7227.2727,7094.5455,1148
2013-12-31,7145.4545,7201.8182,7210.9091,7123.6364,2411
2014-01-02,7188.1818,7070.0,7188.1818,7059.0909,3093
2014-01-03,7087.2727,7050.0,7124.5455,7032.7273,2696
2014-01-06,6985.4545,6950.9091,7091.3636,6950.9091,4999
2014-01-07,6983.6364,7030.0,7071.8182,6937.2727,3369
2014-01-08,7044.5455,7074.5455,7094.5455,7023.6364,2034
2014-01-09,7192.7273,7191.8182,7232.7273,7126.3636,5227
2014-01-10,7181.8182,7171.8182,7191.8182,7129.0909,2004
2014-01-13,7152.7273,7081.8182,7213.6364,7054.5455,2950
2014-01-14,7118.1818,7094.5455,7136.3636,7053.6364,1608
2014-01-15,7130.9091,7124.5455,7187.2727,7115.6818,1906
2014-01-16,7109.0909,7058.1818,7152.7273,7027.2727,1448
2014-01-17,7062.7273,7090.9091,7114.5455,7052.2727,2726
2014-01-21,7121.8182,7184.5455,7219.0909,7111.8182,2983
2014-01-22,7203.6364,7370.0,7394.5455,7188.1818,4381
2014-01-23,7335.4545,7238.1818,7335.4545,7107.2727,4011
2014-01-24,6865.4545,6826.3636,6964.5455,6790.9091,11782
2014-01-27,6815.4545,6669.0909,6858.1818,6667.2727,4493
2014-01-28,6679.0909,6709.0909,6749.0909,6623.7273,4948
2014-01-29,6637.2727,6575.4545,6711.8182,6559.8182,2625
2014-01-30,6636.3636,6649.0909,6676.3636,6545.4545,3228
2014-01-31,6522.7273,6577.2727,6656.3636,6500.9091,4035
2014-02-03,6553.6364,6217.2727,6563.6364,6206.3636,7352
2014-02-04,6237.2727,6356.3636,6383.6364,6170.0,4228
2014-02-05,6321.8182,6352.7273,6397.2727,6285.4545,2439
2014-02-06,6357.2727,6420.0,6428.1818,6295.4545,1903
2014-02-07,6448.1818,6413.6364,6490.9091,6363.6364,1740
2014-02-10,6398.1818,6420.0,6428.1818,6330.9091,1792
2014-02-11,6420.0,6505.4545,6541.8182,6397.2727,2186
2014-02-12,6509.0909,6495.4545,6600.9091,6461.8182,1759
2014-02-13,6438.1818,6539.0909,6542.7273,6417.2727,1952
2014-02-14,6532.7273,6595.4545,6600.9091,6515.4545,1831
2014-02-18,6594.5455,6639.0909,6659.0909,6549.0909,2309
2014-02-19,6606.3636,6391.8182,6625.9091,6376.3636,3970
2014-02-20,6397.2727,6415.4545,6430.4545,6328.1818,3928
2014-02-21,6436.3636,6529.0909,6550.9091,6422.7273,5098
2014-02-24,6529.0909,6606.3636,6642.7273,6529.0909,2781
2014-02-25,6606.3636,6611.8182,6639.0909,6566.3636,3712
2014-02-26,6636.3636,6683.6364,6686.3636,6621.8182,3282
2014-02-27,6680.0,6716.3636,6733.6364,6637.2727,2023
2014-02-28,6715.4545,6802.7273,6841.8182,6711.8182,2883
2014-03-03,6760.0,6715.4545,6778.9091,6695.4545,2752
2014-03-04,6816.3636,6860.9091,6894.5455,6793.6364,2507
2014-03-05,6849.0909,6814.5455,6859.0909,6798.1818,1589
2014-03-06,6832.7273,6860.0,6904.0909,6812.1818,2335
2014-03-07,6897.2727,6990.0,7043.6364,6880.0,2840
2014-03-10,6959.0909,6991.8182,7028.1818,6943.2727,2390
2014-03-11,7001.8182,6978.1818,7015.4545,6931.8182,2323
2014-03-12,6900.9091,6937.2727,6944.5455,6849.0909,2361
2014-03-13,6954.5455,6869.0909,6978.1818,6838.1818,2235
2014-03-14,6854.5455,6877.2727,6950.0,6819.0909,2361
2014-03-17,6916.3636,6856.3636,6962.7273,6838.1818,3034
2014-03-18,6859.0909,6893.6364,6923.1818,6830.9182,3746
2014-03-19,6879.0909,6976.3636,7019.5455,6860.9091,2538
2014-03-20,6948.1818,7210.9091,7263.6364,6948.1818,5829
2014-03-21,7248.1818,7206.3636,7360.9091,7202.7273,6258
2014-03-24,7243.6364,7198.1818,7303.6364,7155.4545,2476
2014-03-25,7236.3636,7188.1818,7241.8182,7132.7273,2095
2014-03-26,7230.0,7120.9091,7238.1818,7117.2727,3069
2014-03-27,7113.6364,6944.5455,7151.8182,6934.5455,4343
2014-03-28,6963.6364,7053.6364,7126.3636,6957.2727,3593
2014-03-31,7077.2727,7156.3636,7185.4545,7060.9091,2303
2014-04-01,7183.6364,7317.2727,7322.7273,7111.8182,2967
2014-04-02,7336.3636,7262.7273,7336.3636,7240.9091,1856
2014-04-03,7272.7273,7284.5455,7300.0,7196.3636,1621
2014-04-04,7324.5455,7116.3636,7340.9091,7100.0,2651
2014-04-07,7113.6364,7033.6364,7142.9091,6980.0,2495
2014-04-08,7050.0,7025.4545,7091.3636,6965.4545,2250
2014-04-09,7058.1818,6981.8182,7058.1818,6931.8182,1479
2014-04-10,6983.6364,6786.3636,6987.2727,6750.0,2952
2014-04-11,6740.9091,6796.3636,6850.9091,6653.6364,4626
2014-04-14,6890.0,6825.4545,6890.0,6755.4545,3104
2014-04-15,6854.5455,6836.3636,6923.6364,6738.1818,3348
2014-04-16,6876.3636,6922.7273,6931.2727,6802.7273,1987
2014-04-17,6923.6364,6954.5455,6963.6364,6878.1818,2400
2014-04-21,6954.5455,6964.5455,7006.3636,6934.5455,1560
2014-04-22,6980.9091,6942.7273,7029.0909,6937.2727,3134
2014-04-23,6919.0909,6950.0,6986.8182,6901.8182,2377
2014-04-24,6973.6364,6835.4545,7014.5364,6818.1818,3803
2014-04-25,6746.3636,6712.7273,6833.6364,6681.8182,5580
2014-04-28,6741.8182,6621.8182,6772.7273,6564.5455,2672
2014-04-29,6651.8182,6596.3636,6687.7273,6577.2727,2803
2014-04-30,6581.8182,6597.2727,6608.1818,6545.4545,4080
2014-05-01,6597.2727,6570.0,6619.0909,6521.8182,2484
2014-05-02,6586.3636,6617.2727,6730.0,6582.7273,3193
2014-05-05,6529.0909,6526.3636,6587.2727,6500.0,2981
2014-05-06,6503.6364,6434.5455,6535.4545,6425.4545,3058
2014-05-07,6454.5455,6490.9091,6497.2727,6357.4545,3297
2014-05-08,6482.7273,6452.7273,6552.7273,6441.8182,2613
2014-05-09,6450.0,6511.8182,6532.7273,6386.8182,6782
2014-05-12,6558.1818,6643.6364,6672.7273,6521.8182,2501
2014-05-13,6655.4545,6533.6364,6655.4545,6530.9091,1978
2014-05-14,6512.7273,6291.8182,6512.7273,6265.4545,6553
2014-05-15,6250.0,6287.2727,6295.4545,6122.7273,4839
2014-05-16,6295.4545,6276.3636,6303.6364,6215.4545,2721
2014-05-19,6268.1818,6381.8182,6396.3636,6268.1818,2808
2014-05-20,6398.1818,6372.7273,6398.1818,6316.3636,3041
2014-05-21,6424.5455,6433.6364,6506.3636,6409.0909,3875
2014-05-22,6428.1818,6420.0,6472.7273,6413.6364,2029
2014-05-23,6420.9091,6455.4545,6486.3636,6401.8182,1659
2014-05-27,6456.3636,6533.6364,6550.0,6456.3636,2552
2014-05-28,6527.2727,6497.2727,6527.2727,6458.1818,2445
2014-05-29,6507.2727,6487.2727,6514.5455,6458.1818,1555
2014-05-30,6480.0,6462.7273,6564.5455,6454.5455,2453
2014-06-02,6481.8182,6580.0,6598.1818,6439.0909,2605
2014-06-03,6557.2727,6656.3636,6670.0,6551.8182,3844
2014-06-04,6650.0,6690.9091,6712.7273,6650.0,2665
2014-06-05,6688.1818,6764.5455,6789.0909,6665.4545,2465
2014-06-06,6788.1818,6830.0,6870.9091,6742.7273,2232
2014-06-09,6830.0,6952.7273,6982.7273,6830.0,2959
2014-06-10,6918.1818,6959.0909,6965.4545,6884.5455,2830
2014-06-11,6921.8182,6880.9091,6937.2727,6860.0,1681
2014-06-12,6865.4545,6844.5455,6911.8182,6815.4545,2044
2014-06-13,6859.0909,6833.6364,6923.6364,6809.0909,1679
2014-06-16,6806.3636,6773.6364,6806.3636,6742.7273,2235
2014-06-17,6764.5455,6864.5455,6933.6364,6730.9091,4343
2014-06-18,6865.4545,6908.1818,6923.6364,6820.9091,2974
2014-06-19,6912.7273,6879.0909,6912.7273,6806.3636,2291
2014-06-20,6886.3636,6903.6364,6980.0,6885.4545,3808
2014-06-23,6897.2727,6881.8182,6924.5455,6834.5455,1655
2014-06-24,6860.0,6817.2727,6941.8182,6812.7273,1907
2014-06-25,6807.2727,6875.4545,6892.7273,6710.0,1952
2014-06-26,6854.5455,6905.4545,6912.7273,6756.3636,2123
2014-06-27,6900.0,6879.0909,6914.5455,6848.1818,2092
2014-06-30,6871.8182,6887.2727,6894.5455,6823.6364,2405
2014-07-01,6914.5455,6956.3636,7050.9091,6912.7273,3744
2014-07-02,6947.2727,6918.1818,7004.5455,6900.9091,1743
2014-07-03,7078.1818,7052.7273,7121.8182,6969.0909,1301
2014-07-07,7050.9091,7025.4545,7054.5455,6980.9091,2213
2014-07-08,7002.7273,6883.6364,7030.0,6879.0909,2979
2014-07-09,6910.9091,6912.7273,6974.5455,6885.9091,1804
2014-07-10,6802.7273,6856.3636,6900.9091,6782.7273,1805
2014-07-11,6825.4545,6853.6364,6873.6364,6785.4545,1527
2014-07-14,6910.0,6841.8182,6935.4545,6823.6364,1260
2014-07-15,6813.6364,6915.4545,6924.5455,6813.6364,1895
2014-07-16,6951.8182,6821.8182,6966.8182,6796.3636,4484
2014-07-17,6796.3636,6615.4545,6796.3636,6598.1818,4280
2014-07-18,6644.5455,6715.4545,6766.3636,6622.7273,2147
2014-07-21,6679.0909,6646.3636,6707.2727,6619.0909,1982
2014-07-22,6690.9091,6616.3636,6702.7273,6598.1818,2114
2014-07-23,6613.6364,6589.0909,6630.9091,6564.5455,3694
2014-07-24,6594.5455,6745.4545,6759.0909,6594.5455,5269
2014-07-25,6735.4545,6984.5455,7036.3636,6728.1818,8017
2014-07-28,6995.4545,6921.8182,7005.4545,6917.2727,5700
2014-07-29,6963.6364,6921.8182,7002.7273,6916.3636,4207
2014-07-30,6958.1818,7030.0,7042.9091,6922.7273,3167
2014-07-31,6965.4545,6840.9091,6990.0,6838.1818,4730
2014-08-01,6809.0909,6701.8182,6872.7273,6647.2727,4069
2014-08-04,6704.5455,6639.0909,6710.0,6580.9091,2049
2014-08-05,6615.4545,6616.3636,6680.0,6571.8182,2064
2014-08-06,6595.4545,6704.5455,6708.1818,6593.6364,2453
2014-08-07,6727.2727,6635.4545,6747.2727,6623.1818,2665
2014-08-08,6661.8182,6652.7273,6668.1818,6606.8182,2110
2014-08-11,6676.3636,6620.9091,6682.2727,6604.5455,2788
2014-08-12,6603.6364,6623.6364,6667.2727,6590.9091,1368
2014-08-13,6656.3636,6691.8182,6731.8182,6635.4545,1681
2014-08-14,6705.4545,6671.8182,6744.5455,6660.0,1004
2014-08-15,6710.9091,6630.9091,6731.8182,6582.7273,1405
2014-08-18,6668.1818,6742.7273,6750.9091,6641.3636,1178
2014-08-19,6740.9091,6770.0,6787.2727,6720.4545,1274
2014-08-20,6744.5455,6774.5455,6791.8182,6708.1818,2237
2014-08-21,6783.6364,6870.0,6884.5455,6726.3636,2529
2014-08-22,6851.8182,6870.0,6930.9091,6823.6364,2561
2014-08-25,6909.0909,6906.3636,6915.4545,6875.4545,2765
2014-08-26,6909.0909,6967.2727,6972.7273,6893.1818,2986
2014-08-27,7002.7273,6891.8182,7002.7273,6877.2727,2165
2014-08-28,6865.4545,6857.2727,6903.6364,6807.2727,1760
2014-08-29,6859.0909,6898.1818,6903.6364,6846.3636,1085
2014-09-02,6927.2727,6960.9091,7028.1818,6900.0,3687
2014-09-03,6970.0,6950.9091,6996.3636,6938.1818,2861
2014-09-04,6951.8182,6947.2727,7021.8182,6924.0909,1489
2014-09-05,6944.5455,6956.3636,6961.8182,6872.7273,965
2014-09-08,6935.4545,6980.9091,6992.7273,6919.0909,1287
2014-09-09,6954.5455,6927.2727,6954.5455,6878.1818,1737
2014-09-10,6931.8182,7062.7273,7081.3636,6931.8182,3591
2014-09-11,7020.9091,7086.3636,7095.4545,6999.2727,2738
2014-09-12,7090.9091,7139.0909,7181.8182,7052.7273,3304
2014-09-15,7131.8182,7099.0909,7131.8182,7063.6364,2181
2014-09-16,7090.9091,7070.0,7180.9091,7051.8182,4004
2014-09-17,7064.5455,7142.7273,7185.4545,7001.8182,4968
2014-09-18,7181.8182,7234.5455,7271.8182,7166.3636,4596
2014-09-19,7283.6364,7156.3636,7323.6364,7146.3636,4362
2014-09-22,7125.4545,7058.1818,7168.1818,7053.6364,2137
2014-09-23,7028.1818,6973.6364,7065.4545,6958.1818,2830
2014-09-24,6984.5455,7005.4545,7021.8182,6932.7273,2907
2014-09-25,6968.1818,6881.8182,6993.6364,6870.9091,2260
2014-09-26,6880.9091,6912.7273,6938.1818,6843.6364,1977
2014-09-29,6829.0909,6910.0,6933.6364,6817.2727,2475
2014-09-30,6949.0909,6879.0909,6950.0,6816.3636,3385
2014-10-01,6875.4545,6806.3636,6902.7273,6767.2727,4612
2014-10-02,6792.7273,6838.1818,6873.6364,6742.7273,2037
2014-10-03,6870.9091,6883.6364,6956.3636,6865.4545,1964
2014-10-06,6900.0,6827.2727,6919.0909,6802.7273,1983
2014-10-07,6784.5455,6726.3636,6813.6364,6716.3636,3125
2014-10-08,6732.7273,6792.7273,6796.3636,6698.1818,3003
2014-10-09,6798.1818,6623.6364,6798.1818,6613.6364,3380
2014-10-10,6640.0,6568.1818,6704.5455,6563.6364,3001
2014-10-13,6575.4545,6497.2727,6613.6364,6494.5455,3929
2014-10-14,6500.0,6502.7273,6611.8182,6465.4545,6600
2014-10-15,6488.1818,6341.8182,6488.1818,6219.0909,6144
2014-10-16,6240.9091,6441.8182,6463.6364,6219.0909,5705
2014-10-17,6510.9091,6442.7273,6523.6364,6385.4545,2565
2014-10-20,6443.6364,6507.2727,6523.6364,6427.3,2726
2014-10-21,6580.9091,6656.3636,6662.7273,6559.0909,2716
2014-10-22,6674.5455,6620.0,6745.4545,6614.5455,2496
2014-10-23,6699.0909,6697.2727,6760.9091,6658.1818,2829
2014-10-24,6733.6364,6724.5455,6796.1818,6644.5455,2785
2014-10-27,6703.6364,6810.0,6815.4545,6651.8182,3667
2014-10-28,6815.4545,6979.0909,6982.7273,6782.7273,3654
2014-10-29,6980.9091,7080.9091,7117.2727,6925.4545,3752
2014-10-30,7065.4545,7065.4545,7093.6364,6984.5455,2376
2014-10-31,7160.9091,7155.4545,7193.6364,7091.8182,2829
2014-11-03,7132.7273,7111.8182,7184.5455,7083.6364,3049
2014-11-04,7107.2727,7115.4545,7127.7273,7037.2727,2092
2014-11-05,7178.1818,7170.0,7217.1818,7121.8182,1692
2014-11-06,7168.1818,7243.6364,7254.5455,7127.4545,2390
2014-11-07,7219.0909,7223.6364,7250.0,7172.5455,2405
2014-11-10,7218.1818,7194.5455,7269.5455,7169.0909,2588
2014-11-11,7209.0909,7220.9091,7270.9091,7194.5455,1755
2014-11-12,7184.5455,7293.6364,7313.6364,7184.5455,1973
2014-11-13,7293.6364,7231.8182,7305.4545,7226.3636,194
2014-11-14,7174.5455,7146.3636,7226.3636,7119.5455,1462
2014-11-17,7121.8182,7090.9091,7132.2727,7050.9091,1622
2014-11-18,7085.4545,7110.0,7165.9091,7049.0909,1588
2014-11-19,7083.6364,7056.3636,7088.1818,6994.5455,1481
2014-11-20,7015.4545,7110.0,7110.9091,7008.1818,1346
2014-11-21,7169.0909,7042.7273,7225.2273,7019.0909,1588
2014-11-24,7045.4545,7113.6364,7134.5455,7040.9091,1250
2014-11-25,7131.8182,7136.3636,7141.8182,7085.4545,1495
2014-11-26,7111.8182,7136.3636,7153.6364,7107.2727,1445
2014-11-28,7141.8182,7017.2727,7170.9091,6989.5455,1131
2014-12-01,6985.4545,6877.2727,6985.4545,6873.6364,2474
2014-12-02,6900.9091,6954.5455,7000.0,6900.9091,2771
2014-12-03,6944.5455,7081.8182,7091.8182,6890.0,2493
2014-12-04,7056.3636,7115.4545,7119.0909,7050.0,2744
2014-12-05,7160.9091,7283.6364,7344.5455,7160.9091,3642
2014-12-08,7272.7273,7284.5455,7374.5455,7222.7273,4173
2014-12-09,7175.4545,7359.0909,7368.1818,7161.8182,3372
2014-12-10,7316.3636,7076.3636,7356.3636,7069.0909,4350
2014-12-11,7130.9091,7125.4545,7195.4545,7085.4545,3705
2014-12-12,7050.9091,7068.1818,7125.4545,7010.9091,3136
2014-12-15,7113.6364,7027.2727,7143.1818,6970.0,4493
2014-12-16,7000.0,7046.3636,7112.7273,6936.3636,4496
2014-12-17,7058.1818,7181.8182,7189.0909,7007.5,4459
2014-12-18,7272.7273,7342.7273,7350.0,7235.4545,2961
2014-12-19,7308.1818,7237.2727,7338.1818,7230.9091,9566
2014-12-22,7259.0909,7252.7273,7288.6364,7194.5455,2459
2014-12-23,7286.3636,7383.6364,7393.6364,7235.4545,3503
2014-12-24,7384.5455,7351.8182,7400.9091,7299.0909,1428
2014-12-26,7386.3636,7360.0,7425.4455,7342.7273,1183
2014-12-29,7343.6364,7440.9091,7485.4545,7343.6364,1506
2014-12-30,7399.0909,7408.1818,7467.2727,7374.5455,1468
2014-12-31,7432.7273,7346.3636,7454.1818,7346.3636,1635
2015-01-02,7370.9091,7264.5455,7377.1636,7152.7273,2543
2015-01-05,7234.5455,7061.8182,7243.4545,7058.1818,2194
2015-01-06,7058.1818,6917.2727,7076.3636,6854.5455,2702
2015-01-07,7082.7273,7050.9091,7127.2727,6974.5455,3343
2015-01-08,7120.0,7166.3636,7187.7273,7077.2727,3163
2015-01-09,7167.2727,6999.0909,7167.2727,6977.2727,2489
2015-01-12,7002.7273,6945.4545,7002.7273,6901.8182,2047
2015-01-13,7048.1818,6929.0909,7110.0,6861.8182,2357
2015-01-14,6820.9091,6811.8182,6887.2727,6713.6364,2451
2015-01-15,6791.8182,6711.8182,6824.5455,6692.7273,1989
2015-01-16,6696.3636,6830.0,6834.5455,6681.8182,2436
2015-01-20,6841.8182,6785.4545,6904.5455,6752.7273,2571
2015-01-21,6782.7273,6779.0909,6858.1818,6727.2727,2428
2015-01-22,8020.0,8061.8182,8103.6364,7966.3636,163534
2015-01-23,8045.4545,8090.0,8186.8182,8040.9091,28218
2015-01-26,8025.4545,8131.8182,8155.4545,7985.4545,16294
2015-01-27,8084.5455,8125.4545,8145.4545,8059.0909,7379
2015-01-28,8172.7273,8018.1818,8172.7273,8018.1818,15435
2015-01-29,8026.3636,8005.4545,8041.8182,7943.6364,13617
2015-01-30,7948.1818,7880.9091,7953.6364,7846.3636,17489
2015-02-02,7890.0,7947.2727,7969.0909,7890.0,18671
2015-02-03,8004.5455,8059.0909,8099.0909,7966.3636,25103
2015-02-04,8030.9091,7950.0,8043.6364,7922.7273,12080
2015-02-05,7982.7273,8066.3636,8087.2727,7969.0909,18692
2015-02-06,8084.5455,8081.8182,8166.3636,8050.0,6931
2015-02-09,8087.2727,8104.5455,8142.7273,8025.4545,5398
2015-02-10,8136.3636,8098.1818,8136.3636,8051.8182,3733
2015-02-11,8069.0909,8087.2727,8103.6364,8061.8182,3377
2015-02-12,8104.5455,8166.3636,8169.0909,8104.5455,5840
2015-02-13,8169.0909,8210.9091,8246.3636,8169.0909,4337
2015-02-17,8187.2727,8241.8182,8242.7273,8184.5455,4479
2015-02-18,8196.3636,8155.4545,8204.5455,8143.6364,4169
2015-02-19,8135.4545,8161.8182,8182.7273,8065.4545,1983
2015-02-20,8138.1818,8120.0,8165.4545,8087.2727,3536
2015-02-23,8103.6364,8053.6364,8103.6364,8014.5455,2212
2015-02-24,8085.4545,8081.8182,8090.0,8002.7273,3788
2015-02-25,8098.1818,8225.4545,8235.4545,8082.7273,7644
2015-02-26,8224.5455,8210.0,8268.1818,8204.5455,3387
2015-02-27,8190.9091,8215.4545,8259.0909,8190.9091,5742
2015-03-02,8232.7273,8205.4545,8232.7273,8181.8182,2100
2015-03-03,8195.4545,8170.9091,8223.6364,8154.5455,3619
2015-03-04,8141.8182,8170.9091,8179.0909,8114.5455,3173
2015-03-05,8175.4545,8146.3636,8220.0,8145.4545,1988
2015-03-06,8139.0909,8113.6364,8180.9091,8094.5455,3854
2015-03-09,8121.8182,8122.7273,8140.0,8100.9091,2657
2015-03-10,8070.0,8051.8182,8106.3636,8020.0,5344
2015-03-11,8051.8182,8049.0909,8078.1818,8028.9091,2238
2015-03-12,8084.5455,8101.8182,8143.7273,8084.5455,4020
2015-03-13,8082.7273,8048.1818,8087.2727,7998.1818,2516
2015-03-16,8075.4545,8089.0909,8111.8182,8039.0909,1682
2015-03-17,8052.7273,8096.3636,8107.2727,8038.1818,2159
2015-03-18,8058.1818,8140.9091,8150.9091,8058.1818,9404
2015-03-19,8096.3636,8056.3636,8105.4545,8053.6364,9364
2015-03-20,8107.2727,8144.5455,8168.1818,8077.2727,8518
2015-03-23,8136.3636,8199.0909,8213.6364,8136.3636,3576
2015-03-24,8178.1818,8198.1818,8227.2727,8173.6364,4370
2015-03-25,8209.0909,8141.8182,8243.6364,8133.6364,6680
2015-03-26,8146.3636,8144.5455,8182.7273,8120.0,6212
2015-03-27,8129.0909,8059.0909,8145.4545,8057.2727,3567
2015-03-30,8059.0909,8031.8182,8091.8182,8031.8182,6832
2015-03-31,7999.0909,8098.1818,8110.0,7979.0909,6960
2015-04-01,8110.0,8128.1818,8132.7273,8078.1818,4478
2015-04-02,8105.4545,8164.5455,8192.7273,8105.4545,2232
2015-04-06,8154.5455,8198.1818,8243.6364,8148.1818,5725
2015-04-07,8182.7273,8217.2727,8256.3636,8182.7273,3357
2015-04-08,8232.7273,8241.8182,8291.8182,8230.9091,2032
2015-04-09,8220.0,8257.2727,8275.4545,8220.0,3015
2015-04-10,8260.0,8275.4545,8276.3636,8240.0,6325
2015-04-13,8280.9091,8309.0909,8319.0909,8270.0,1023
2015-04-14,8317.2727,8357.2727,8376.3636,8309.0909,2211
2015-04-15,8368.1818,8462.7273,8478.1818,8348.1818,3019
2015-04-16,8470.9091,8507.2727,8525.4545,8455.4545,2383
2015-04-17,8468.1818,8460.9091,8510.9091,8441.8182,3350
2015-04-20,8511.8182,8490.0,8511.8182,8475.4545,2434
2015-04-21,8518.1818,8466.3636,8518.1818,8450.9091,2148
2015-04-22,8468.1818,8471.8182,8473.6364,8423.6364,1356
2015-04-23,8439.0909,8506.3636,8538.3636,8439.0909,3674
2015-04-24,8535.4545,8515.4545,8536.3636,8500.9091,1803
2015-04-27,8536.3636,8526.3636,8559.0909,8517.2727,2957
2015-04-28,8490.9091,8553.6364,8560.9091,8481.8182,5725
2015-04-29,8511.8182,8522.7273,8576.3636,8511.8182,4243
2015-04-30,8502.7273,8472.7273,8510.9091,8439.7727,2664
2015-05-01,8470.9091,8451.8182,8475.4545,8439.0909,2546
2015-05-04,8436.3636,8476.3636,8492.7273,8436.3636,2100
2015-05-05,8458.1818,8469.0909,8508.1818,8447.2727,2348
2015-05-06,8483.6364,8469.0909,8505.4545,8425.4545,2773
2015-05-07,8445.4545,8421.8182,8445.4545,8369.0909,4999
2015-05-08,8473.6364,8468.1818,8489.0909,8443.6364,2845
2015-05-11,8458.1818,8472.7273,8502.7273,8455.4545,1601
2015-05-12,8458.1818,8485.4545,8512.7273,8443.1818,2413
2015-05-13,8505.4545,8456.3636,8512.7273,8452.7273,2739
2015-05-14,8488.1818,8484.5455,8504.5455,8436.3636,8853
2015-05-15,8486.3636,8459.0909,8486.3636,8427.2727,16786
2015-05-18,8473.6364,8463.6364,8480.0,8448.7273,3664
2015-05-19,8496.3636,8491.8182,8504.5455,8395.4545,11300
2015-05-20,8520.9091,8470.9091,8520.9091,8460.9091,12633
2015-05-21,8456.3636,8502.7273,8521.8182,8456.3636,10671
2015-05-22,8460.0,8454.5455,8481.8182,8447.7273,3269
2015-05-26,8430.0,8390.0,8452.7273,8341.8182,2130
2015-05-27,8396.3636,8431.8182,8434.5455,8378.1818,2506
2015-05-28,8445.4545,8430.9091,8456.3636,8371.8182,3257
2015-05-29,8445.4545,8380.0,8445.4545,8349.0909,2370
2015-06-01,8420.9091,8340.0,8420.9091,8305.4545,2242
2015-06-02,8339.0909,8392.7273,8419.5455,8339.0909,2445
2015-06-03,8422.7273,8448.1818,8456.3636,8376.3636,7130
2015-06-04,8411.8182,8415.4545,8445.4545,8384.5455,3388
2015-06-05,8391.8182,8413.6364,8446.3636,8384.5455,4888
2015-06-08,8420.0,8380.0,8422.7273,8347.2727,2347
2015-06-09,8380.0,8375.4545,8425.4545,8358.1818,2836
2015-06-10,8417.2727,8420.0,8476.3636,8414.5455,4324
2015-06-11,8410.0,8420.9091,8440.0,8377.2727,2862
2015-06-12,8399.0909,8392.7273,8399.0909,8360.0,1389
2015-06-15,8327.2727,8384.5455,8395.4545,8300.9091,2651
2015-06-16,8362.7273,8404.5455,8410.9091,8359.0909,3064
2015-06-17,8396.3636,8420.0,8431.3636,8379.0909,5547
2015-06-18,8443.6364,8403.6364,8449.0909,8383.0545,3093
2015-06-19,8339.0909,8308.1818,8387.2727,8306.3636,4739
2015-06-22,8356.3636,8377.2727,8390.0,8340.0,2187
2015-06-23,8391.8182,8398.1818,8403.6364,8358.1818,2034
2015-06-24,8366.3636,8357.2727,8405.4545,8357.2727,1825
2015-06-25,8380.0,8388.1818,8415.4545,8360.9091,2723
2015-06-26,8380.9091,8381.8182,8399.0909,8365.4545,7981
2015-06-29,8320.9091,8251.8182,8333.6364,8240.0,2114
2015-06-30,8271.8182,8217.2727,8306.3636,8217.2727,4503
2015-07-01,8266.3636,8250.0,8292.7273,8225.4545,5235
2015-07-02,8266.3636,8230.0,8266.3636,8176.8182,4819
2015-07-06,8170.9091,8215.4545,8236.3636,8162.7273,5623
2015-07-07,8211.8182,8181.8182,8211.8182,8105.4545,13109
2015-07-08,8120.9091,8138.1818,8178.1818,8120.9091,12291
2015-07-09,8195.4545,8164.5455,8282.7273,8163.6364,9926
2015-07-10,8206.3636,8249.0909,8252.7273,8175.0,3588
2015-07-13,8233.6364,8254.5455,8279.0909,8233.6364,4523
2015-07-14,8239.0909,8241.8182,8242.7273,8190.9091,11032
2015-07-15,8227.2727,8208.1818,8256.3636,8174.5455,2840
2015-07-16,8250.0,8230.9091,8279.0909,8206.3636,2864
2015-07-17,8221.8182,8184.5455,8232.7273,8171.8182,2783
2015-07-20,8192.7273,8175.4545,8200.0,8144.5455,2804
2015-07-21,8170.0,8162.7273,8198.1818,8144.5455,4669
2015-07-22,8137.2727,8130.9091,8158.1818,8112.7273,1714
2015-07-23,8110.0,8121.8182,8154.5455,8088.1818,2784
2015-07-24,8062.7273,8060.9091,8106.3636,8054.5455,1834
2015-07-27,8044.5455,8021.8182,8058.1818,8003.1818,2538
2015-07-28,8040.9091,8074.5455,8084.5455,8004.5455,2210
2015-07-29,8063.6364,8163.6364,8166.3636,8063.6364,7214
2015-07-30,8142.7273,8158.1818,8169.0909,8115.4545,1739
2015-07-31,8181.8182,8173.6364,8209.0909,8155.4545,6520
2015-08-03,8127.2727,8109.0909,8144.5455,8080.0,2803
2015-08-04,8099.0909,8133.6364,8159.0909,8099.0909,2813
2015-08-05,8175.4545,8154.5455,8187.2727,8139.0909,2735
2015-08-06,8170.9091,8186.3636,8193.1818,8142.7273,10815
2015-08-07,8181.8182,8147.2727,8189.0909,8125.4545,5574
2015-08-10,8186.3636,8242.7273,8243.6364,8152.7273,3843
2015-08-11,8190.0,8148.1818,8201.8182,8098.6364,2195
2015-08-12,8119.0909,8171.8182,8177.2727,8104.5455,6677
2015-08-13,8162.7273,8127.2727,8168.1818,8102.7273,3903
2015-08-14,8143.6364,8152.7273,8163.6364,8122.7273,2326
2015-08-17,8127.2727,8112.7273,8127.2727,8066.3636,3603
2015-08-18,8103.6364,8129.0909,8136.3636,8085.4545,1507
2015-08-19,8088.1818,8121.8182,8169.0909,8047.2727,3314
2015-08-20,8079.0909,8034.5455,8088.1818,8025.4545,6655
2015-08-21,7968.1818,7944.5455,8070.9091,7940.0,7772
2015-08-24,7673.6364,7808.1818,7920.9091,7316.3636,13207
2015-08-25,7943.6364,7865.4545,7956.3636,7858.1818,7840
2015-08-26,7970.9091,7873.6364,7970.9091,7791.8182,3969
2015-08-27,7880.0,8012.7273,8059.0909,7878.1818,3708
2015-08-28,7985.4545,7984.5455,7998.1818,7937.2727,5286
2015-08-31,7943.6364,7980.0,8002.7273,7877.7273,4237
2015-09-01,7860.0,7840.0,7924.5455,7832.7273,5693
2015-09-02,7907.2727,7865.4545,7907.2727,7821.8182,5913
2015-09-03,7880.9091,7907.2727,7940.0,7864.5455,2138
2015-09-04,7842.7273,7836.3636,7880.9091,7817.2727,5367
2015-09-08,7905.4545,7934.5455,7939.0909,7871.8182,4038
2015-09-09,7970.0,7928.1818,8000.9091,7905.4545,5258
2015-09-10,7920.0,7949.0909,7980.0,7902.7273,3510
2015-09-11,7935.4545,7957.2727,7970.0,7909.0909,5215
2015-09-14,7940.9091,7955.4545,7976.3636,7912.7273,1870
2015-09-15,7972.7273,7992.7273,8001.8182,7967.2727,2917
2015-09-16,7991.8182,8079.0909,8083.6364,7957.2727,1801
2015-09-17,8083.6364,8051.8182,8105.4545,8031.8091,7966
2015-09-18,7997.2727,7950.9091,8047.2727,7943.6364,8104
2015-09-21,7986.3636,7980.0,8015.4545,7954.5455,3520
2015-09-22,7898.1818,7905.4545,7937.2727,7883.6364,2709
2015-09-23,7912.7273,7878.1818,7928.1818,7861.8182,6669
2015-09-24,7834.5455,7879.0909,7899.0909,7832.7273,7091
2015-09-25,7930.9091,7910.9091,7941.8182,7902.7273,1850
2015-09-28,7869.0909,7833.6364,7897.2727,7832.7273,2382
2015-09-29,7838.1818,7899.0909,7900.0,7817.2727,6071
2015-09-30,7940.0,8005.4545,8010.0,7939.0909,6051
2015-10-01,8022.7273,8033.6364,8053.6364,7989.0909,3851
2015-10-02,7950.0,7990.0,7990.0,7893.6364,5436
2015-10-05,8021.8182,8037.2727,8072.7273,8007.2727,3287
2015-10-06,8041.8182,8088.1818,8108.1818,8038.1818,5729
2015-10-07,8118.1818,8117.2727,8150.9091,8092.7273,13734
2015-10-08,8129.0909,8120.0,8139.0909,8081.8182,9068
2015-10-09,8136.3636,8121.8182,8160.9091,8105.4545,4162
2015-10-12,8114.5455,8102.7273,8140.0,8087.2727,2649
2015-10-13,8067.2727,8098.1818,8119.4545,8067.2727,10415
2015-10-14,8086.3636,8100.9091,8126.3636,8080.0,3787
2015-10-15,8120.9091,8128.1818,8149.0909,8108.1818,4059
2015-10-16,8131.8182,8151.8182,8156.3636,8116.3636,4473
2015-10-19,8121.8182,8084.5455,8146.3636,8077.2727,6145
2015-10-20,8089.0909,8135.4545,8151.8182,8089.0909,4456
2015-10-21,8144.5455,8097.2727,8156.3636,8094.5455,2751
2015-10-22,8095.4545,8142.7273,8175.4545,8091.8182,4587
2015-10-23,8141.8182,8137.2727,8178.1818,8128.1818,13756
2015-10-26,8092.7273,8136.3636,8181.8182,8092.7273,5854
2015-10-27,8109.0909,8144.5455,8156.3636,8092.7273,6294
2015-10-28,8101.8182,8160.9091,8200.9091,8101.8182,10321
2015-10-29,8167.2727,8175.4545,8183.6364,8141.8182,5060
2015-10-30,8169.0909,8145.4545,8183.6364,8145.4545,154185
2021-10-20,728.18182,672.72727,790.90909,640.90909,18554
2021-10-21,654.54545,685.45455,742.72727,572.72727,21955
2021-10-22,719.09091,677.27273,770.0,620.90909,58109
2021-10-25,665.45455,762.72727,900.90909,647.27273,162428
2021-10-26,747.27273,751.81818,868.18182,684.63636,76298
2021-10-27,736.36364,742.72727,764.53636,690.90909,19130
2021-10-28,732.72727,771.81818,795.45455,681.81818,29053
2021-10-29,771.81818,717.27273,790.90909,711.81818,13267
2021-11-01,720.0,669.09091,735.45455,650.30909,30480
2021-11-02,665.45455,670.90909,795.45455,620.0,76194
2021-11-03,690.90909,691.81818,707.26364,659.09091,14169
2021-11-04,691.81818,672.72727,707.27273,668.18182,9117
2021-11-05,677.27273,676.36364,686.81818,659.09091,4576
2021-11-08,672.72727,686.36364,703.63636,666.36364,6700
2021-11-09,682.72727,661.81818,701.81818,650.0,4294
2021-11-10,650.0,660.90909,672.72727,636.36364,9502
2021-11-11,652.72727,650.0,659.63636,638.18182,3342
2021-11-12,645.45455,663.63636,668.18182,625.45455,14394
2021-11-15,662.72727,625.45455,670.0,619.09091,7624
2021-11-16,636.36364,654.54545,671.81818,621.81818,27198
2021-11-17,661.81818,630.90909,672.0,627.27273,13947
2021-11-18,627.27273,593.63636,633.63636,580.91818,9088
2021-11-19,591.81818,600.90909,609.58182,585.45455,5316
2021-11-22,592.72727,490.90909,597.26364,484.63636,9482
2021-11-23,500.0,473.63636,510.96364,453.63636,4815
2021-11-24,464.54545,483.63636,501.81818,455.45455,4189
2021-11-26,469.09091,482.72727,492.71818,438.18182,2039
2021-11-29,484.54545,508.18182,514.54545,467.27273,3471
2021-11-30,505.45455,479.09091,566.36364,470.0,21993
2021-12-01,489.09091,492.72727,570.90909,486.36364,31202
2021-12-02,490.0,532.72727,540.18182,466.36364,17990
2021-12-03,522.72727,482.72727,530.9,474.54545,11487
2021-12-06,479.09091,479.09091,494.54545,454.54545,11690
2021-12-07,515.45455,519.09091,535.45455,495.45455,12014
2021-12-08,514.54545,514.54545,525.45455,487.27273,11514
2021-12-09,514.54545,512.72727,525.45455,489.09091,12690
2021-12-10,518.18182,500.90909,523.54545,487.27273,4965
2021-12-13,500.90909,506.36364,510.90909,478.18182,7065
2021-12-14,492.72727,550.0,552.72727,478.18182,16676
2021-12-15,543.63636,521.81818,543.63636,490.90909,12718
2021-12-16,497.27273,479.09091,511.81818,468.18182,7271
2021-12-17,468.18182,462.72727,477.00909,436.36364,8656
2021-12-20,451.81818,452.72727,462.72727,413.63636,12690
2021-12-21,455.45455,440.0,471.81818,431.81818,9297
2021-12-22,435.45455,448.18182,455.45455,435.45455,2835
2021-12-23,442.72727,435.45455,450.0,431.81818,4907
2021-12-27,440.90909,442.72727,454.54545,438.18182,3598
2021-12-28,440.0,439.09091,448.18182,431.15455,3273
2021-12-29,433.63636,426.36364,442.72727,422.97273,3082
2021-12-30,422.72727,408.18182,422.72727,390.90909,7050
2021-12-31,398.18182,409.09091,415.45455,390.90909,3257
2022-01-03,412.72727,436.36364,439.09091,399.09091,6920
2022-01-04,438.18182,424.54545,438.18182,411.81818,1164
2022-01-05,419.09091,401.81818,430.90909,397.27273,7157
2022-01-06,402.72727,352.72727,404.53636,348.18182,6630
2022-01-07,348.18182,330.0,354.53636,328.18182,2856
2022-01-10,317.27273,295.45455,317.27273,271.81818,6226
2022-01-11,299.09091,312.72727,322.72727,298.18182,1768
2022-01-12,306.36364,297.27273,308.37273,282.72727,3700
2022-01-13,300.0,294.54545,302.72727,282.72727,2699
2022-01-14,293.63636,294.54545,295.45455,284.54545,1349
2022-01-18,294.54545,318.18182,323.63636,281.81818,9083
2022-01-19,324.54545,319.09091,325.45455,300.90909,3353
2022-01-20,317.27273,303.63636,335.44545,302.81818,1657
2022-01-21,297.27273,267.27273,302.72727,265.45455,3954
2022-01-24,239.09091,224.54545,242.72727,208.74545,3288
2022-01-25,220.90909,219.09091,235.45455,216.36364,2572
2022-01-26,222.72727,231.81818,243.63636,220.17273,2872
2022-01-27,223.63636,147.27273,242.72727,143.63636,16868
2022-01-28,143.7,139.09091,146.36364,133.636364,4754
2022-01-31,140.90909,143.63636,145.45455,128.181818,4612
2022-02-01,150.90909,149.09091,154.54545,142.72727,1847
2022-02-02,149.09091,135.90909,149.09091,133.636364,3032
2022-02-03,131.818182,148.18182,153.63636,129.081818,3250
2022-02-04,143.63636,156.36364,159.90909,140.90909,2606
2022-02-07,151.81818,134.54545,155.45455,131.818182,3729
2022-02-08,131.818182,130.909091,136.36364,130.0,1853
2022-02-09,130.0,136.36364,138.18182,129.090909,1858
2022-02-10,131.818182,133.636364,141.81818,130.0,1630
2022-02-11,131.863636,131.818182,140.0,124.545455,1852
2022-02-14,127.272727,127.272727,129.090909,124.572727,729
2022-02-15,129.090909,128.181818,134.53636,125.454545,987
2022-02-16,130.0,131.818182,134.54545,127.272727,1159
2022-02-17,130.0,129.090909,132.727273,128.181818,868
2022-02-18,129.090909,158.18182,163.63636,126.518182,9105
2022-02-22,140.90909,155.45455,156.26364,140.90909,3731
2022-02-23,152.72727,166.36364,168.18182,149.16364,2278
2022-02-24,151.81818,177.27273,181.81818,145.45455,2095
2022-02-25,174.54545,170.90909,176.83636,169.26364,1541
2022-02-28,166.36364,163.63636,172.06364,157.27273,1270
2022-03-01,163.63636,170.0,176.36364,163.63636,2544
2022-03-02,168.63636,173.63636,179.09091,158.18182,1674
2022-03-03,173.63636,170.0,177.72727,163.63636,680
2022-03-04,166.36364,149.09091,168.36364,145.50909,1823
2022-03-07,138.18182,123.636364,140.90909,122.727273,2261
2022-03-08,120.909091,123.636364,127.272727,120.0,1237
2022-03-09,125.454545,132.727273,133.636364,125.454545,985
2022-03-10,127.272727,125.454545,128.181818,123.636364,695
2022-03-11,125.454545,120.909091,129.090909,118.181818,902
2022-03-14,122.727273,116.363636,122.727273,114.545455,685
2022-03-15,118.181818,113.636364,120.0,112.727273,911
2022-03-16,113.636364,116.363636,117.272727,110.909091,1413
2022-03-17,112.727273,122.727273,127.272727,112.727273,1515
2022-03-18,122.727273,130.909091,136.36364,122.727273,3908
2022-03-21,136.36364,131.818182,137.72727,130.909091,1219
2022-03-22,135.45455,135.45455,150.90909,128.181818,8165
2022-03-23,139.09091,136.36364,139.09091,128.5,5323
2022-03-24,129.090909,132.727273,135.45455,124.545455,4650
2022-03-25,132.727273,128.181818,134.54545,125.454545,1790
2022-03-28,128.181818,131.818182,133.636364,124.545455,4131
2022-03-29,135.45455,140.0,144.54545,131.818182,4021
2022-03-30,139.09091,133.636364,140.90909,130.0,2612
2022-03-31,135.45455,132.727273,137.27273,131.818182,1637
2022-04-01,132.727273,133.636364,136.36364,132.727273,1238
2022-04-04,134.54545,133.636364,135.45455,132.727273,708
2022-04-05,133.636364,142.72727,149.09091,133.636364,3361
2022-04-06,144.54545,140.0,144.54545,136.36364,1359
2022-04-07,140.90909,127.272727,140.90909,127.272727,1025
2022-04-08,128.181818,117.272727,128.636364,117.272727,1509
2022-04-11,121.818182,113.636364,121.836364,111.818182,1573
2022-04-12,111.818182,110.0,116.354545,110.0,1129
2022-04-13,110.909091,108.181818,114.536364,107.272727,1026
2022-04-14,109.090909,104.545455,115.454545,102.727273,1381
2022-04-18,100.0,98.181818,106.363636,98.181818,1258
2022-04-19,98.181818,107.272727,110.0,98.181818,1336
2022-04-20,110.909091,98.181818,110.909091,98.181818,1037
2022-04-21,182.72727,192.72727,222.72727,150.00909,2435611
2022-04-22,169.54545,244.54545,254.54545,167.27273,632087
2022-04-25,189.09091,220.0,272.72727,185.45455,215874
2022-04-26,210.0,334.54545,342.72727,209.09091,506281
2022-04-27,294.54545,360.45455,399.09091,292.72727,549974
2022-04-28,291.81818,357.27273,403.63636,282.72727,292662
2022-04-29,349.09091,501.81818,527.27273,343.63636,372473
2022-05-02,532.72727,420.90909,568.18182,389.09091,159516
2022-05-03,379.09091,357.27273,424.54545,336.36364,51485
2022-05-04,351.81818,288.18182,368.18182,269.09091,66444
2022-05-05,291.81818,340.0,431.81818,290.90909,478432
2022-05-06,312.72727,327.27273,352.72727,309.09091,66744
2022-05-09,343.63636,386.36364,420.0,340.90909,231288
2022-05-10,388.18182,458.18182,470.90909,381.81818,351025
2022-05-11,452.72727,335.45455,457.27273,330.90909,58395
2022-05-12,295.45455,327.27273,368.18182,293.63636,34702
2022-05-13,339.09091,299.09091,343.63636,290.90909,21031
2022-05-16,296.36364,254.54545,300.72727,250.0,18233
2022-05-17,255.45455,235.45455,264.52727,231.81818,15554
2022-05-18,235.45455,219.09091,261.81818,214.54545,35496
2022-05-19,215.0,206.36364,232.72727,204.54545,19834
2022-05-20,206.36364,184.54545,216.35455,169.09091,21980
2022-05-23,186.36364,182.72727,190.0,161.81818,24362
2022-05-24,178.18182,168.18182,178.18182,160.90909,10235
2022-05-25,160.90909,166.36364,184.54545,157.27273,16691
2022-05-26,164.54545,150.90909,196.36364,146.36364,123927
2022-05-27,149.09091,148.18182,209.09091,137.27273,197347
2022-05-31,140.90909,141.81818,145.45455,131.818182,38096
2022-06-01,141.81818,141.81818,151.81818,133.636364,25779
2022-06-02,137.27273,141.81818,151.72727,134.54545,21722
2022-06-03,140.90909,138.18182,149.87273,138.18182,12800
2022-06-06,138.18182,127.272727,142.72727,123.727273,16814
2022-06-07,126.363636,122.727273,129.927273,119.090909,13623
2022-06-08,120.909091,118.181818,127.272727,114.545455,15381
2022-06-09,120.0,111.818182,122.727273,110.909091,18214
2022-06-10,108.181818,110.909091,115.454545,106.363636,11759
2022-06-13,109.090909,149.09091,162.72727,101.818182,243715
2022-06-14,139.09091,136.36364,140.0,123.636364,42121
2022-06-15,137.28182,144.54545,163.63636,135.45455,119163
2022-06-16,140.0,127.272727,152.72727,124.545455,37348
2022-06-17,125.454545,119.090909,130.454545,116.363636,14429
2022-06-21,125.454545,118.181818,130.0,118.181818,9646
2022-06-22,114.545455,121.818182,129.090909,114.545455,16236
2022-06-23,120.909091,122.727273,126.363636,118.181818,7162
2022-06-24,122.727273,122.727273,125.454545,120.0,4947
2022-06-27,121.818182,118.181818,126.354545,116.363636,6174
2022-06-28,117.272727,109.090909,118.181818,108.172727,6658
2022-06-29,108.181818,111.818182,114.545455,102.909091,8924
2022-06-30,108.181818,104.545455,112.481818,102.727273,7107
2022-07-01,107.272727,117.272727,137.27273,103.636364,68308
2022-07-05,109.090909,119.090909,123.636364,109.090909,10042
2022-07-06,118.181818,117.272727,121.818182,113.636364,5403
2022-07-07,115.454545,115.454545,118.181818,110.909091,6804
2022-07-08,115.454545,117.272727,122.727273,115.454545,6064
2022-07-11,116.363636,112.727273,118.181818,110.0,3913
2022-07-12,110.909091,106.363636,115.909091,106.363636,3949
2022-07-13,107.272727,107.272727,111.863636,106.363636,1725
2022-07-14,109.090909,106.363636,109.090909,103.636364,3060
2022-07-15,108.181818,109.090909,110.909091,104.545455,4302
2022-07-18,108.181818,107.272727,113.7,107.272727,3546
2022-07-19,110.0,110.0,112.645455,108.181818,2904
2022-07-20,109.090909,116.363636,121.818182,109.090909,6822
2022-07-21,114.545455,113.636364,121.818182,113.636364,4352
2022-07-22,111.818182,107.272727,113.636364,106.363636,4902
2022-07-25,107.272727,107.272727,110.909091,104.545455,5070
2022-07-26,104.545455,106.363636,114.545455,104.545455,9574
2022-07-27,109.090909,106.363636,110.0,104.545455,5332
2022-07-28,111.818182,113.636364,114.545455,108.181818,10191
2022-07-29,113.636364,110.0,117.272727,106.363636,7429
2022-08-01,109.090909,109.090909,109.090909,104.545455,4517
2022-08-02,107.272727,111.818182,113.636364,104.545455,6508
2022-08-03,111.818182,115.454545,117.263636,109.090909,6002
2022-08-04,116.363636,114.545455,120.909091,111.827273,6558
2022-08-05,113.636364,115.0,117.272727,111.818182,2763
2022-08-08,116.363636,115.454545,120.0,113.636364,4180
2022-08-09,114.545455,108.181818,117.263636,105.454545,6273
2022-08-10,111.818182,109.545455,112.972727,103.636364,9348
2022-08-11,104.545455,111.818182,113.6,103.490909,5497
2022-08-12,110.909091,121.818182,123.636364,110.0,11165
2022-08-15,124.545455,118.181818,127.272727,113.636364,6081
2022-08-16,113.636364,116.363636,120.909091,113.636364,4205
2022-08-17,116.363636,110.0,116.363636,109.090909,3974
2022-08-18,113.636364,133.636364,141.81818,110.0,26471
2022-08-19,125.454545,130.909091,140.0,119.090909,18203
2022-08-22,125.454545,132.727273,156.3,122.727273,40588
2022-08-23,130.0,128.181818,132.727273,122.727273,9085
2022-08-24,130.0,127.272727,131.818182,123.636364,4324
2022-08-25,123.636364,134.54545,135.45455,123.636364,4394
2022-08-26,136.36364,125.454545,140.76364,123.636364,3343
2022-08-29,127.272727,123.636364,127.272727,114.545455,3186
2022-08-30,123.636364,123.636364,130.0,111.818182,6009
2022-08-31,117.272727,114.545455,121.818182,114.545455,2333
2022-09-01,116.363636,113.636364,118.181818,112.145455,1364
2022-09-02,113.636364,124.545455,126.363636,113.636364,6767
2022-09-06,127.272727,120.0,130.909091,119.090909,6499
2022-09-07,118.181818,117.272727,120.0,112.727273,4631
2022-09-08,117.272727,119.090909,121.818182,115.454545,1577
2022-09-09,118.181818,120.909091,123.636364,118.181818,1772
2022-09-12,120.0,119.090909,121.818182,118.636364,887
2022-09-13,118.181818,114.545455,118.709091,112.727273,2464
2022-09-14,113.636364,110.0,114.545455,110.0,2225
2022-09-15,110.909091,109.090909,113.636364,108.181818,2817
2022-09-16,110.909091,105.454545,110.909091,105.454545,3294
2022-09-19,103.636364,98.181818,106.363636,95.454545,5348
2022-09-20,97.272727,94.545455,99.545455,94.545455,2367
2022-09-21,93.636364,92.727273,96.363636,90.909091,2352
2022-09-22,92.727273,87.190909,94.9,84.063636,5197
2022-09-23,87.190909,85.545455,87.190909,83.636364,1997
2022-09-26,86.363636,93.636364,95.454545,86.363636,4659
2022-09-27,93.636364,91.818182,99.972727,88.181818,2130
2022-09-28,90.909091,90.909091,93.636364,87.927273,1120
2022-09-29,90.909091,88.209091,91.809091,87.727273,678
2022-09-30,89.545364,90.5,94.545455,89.090909,769
2022-10-03,90.0,91.363636,93.363636,88.790909,1319
2022-10-04,91.818182,90.009091,97.272727,90.0,1993
2022-10-05,89.063636,90.354545,90.909091,84.545455,992
2022-10-06,90.909091,91.818182,94.3,88.690909,702
2022-10-07,90.9,88.9,94.290909,85.454545,931
2022-10-10,88.181818,85.709091,88.9,84.545455,539
2022-10-11,85.863636,84.545455,86.818182,82.954545,1268
2022-10-12,84.581818,83.636364,85.454545,83.181818,581
2022-10-13,79.090909,81.609091,82.727273,77.272727,2180
2022-10-14,82.272727,80.454545,82.727273,80.0,704
2022-10-17,79.090909,83.636364,86.363636,77.272727,2072
2022-10-18,83.445455,81.8,84.1,80.0,855
2022-10-19,83.454545,80.909091,84.090909,80.0,1010
2022-10-20,90.545455,89.163636,90.690909,82.909091,3163
2022-10-21,86.363636,89.536364,94.545455,84.181818,1994
2022-10-24,89.090909,85.927273,94.545455,84.545455,1088
2022-10-25,85.454545,88.027273,90.0,83.636364,983
2022-10-26,89.090909,87.736364,90.445455,85.454545,1085
2022-10-27,89.090909,91.818182,95.318182,85.454545,1043
2022-10-28,94.536364,94.545455,97.272727,89.645455,999
2022-10-31,96.363636,92.727273,98.181818,90.909091,1409
2022-11-01,91.818182,93.636364,96.090909,90.909091,843
2022-11-02,95.454545,89.872727,95.454545,87.281818,1060
2022-11-03,89.090909,86.818182,92.636364,85.909091,1114
2022-11-04,88.190909,84.618182,89.081818,81.263636,390
2022-11-07,84.545455,88.863636,90.909091,84.545455,303
2022-11-08,88.181818,83.827273,92.709091,82.827273,311
2022-11-09,84.545455,75.463636,88.181818,75.463636,2233
2022-11-10,83.2,72.518182,85.445455,70.909091,4877
2022-11-11,74.554545,68.681818,78.172727,64.545455,5496
2022-11-14,70.0,72.727273,72.727273,67.918182,1442
2022-11-15,77.090909,72.727273,79.090909,69.290909,1112
2022-11-16,73.736364,73.645455,80.0,71.172727,6018
2022-11-17,75.645455,68.090909,75.645455,63.636364,3431
2022-11-18,68.381818,73.836364,75.781818,65.636364,1703
2022-11-21,73.636364,73.636364,77.272727,69.127273,302
2022-11-22,73.636364,72.018182,78.090909,69.327273,590
2022-11-23,72.009091,71.818182,75.454545,70.454545,543
2022-11-25,70.0,74.545455,77.545455,70.0,395
2022-11-28,74.545455,75.418182,78.181818,72.272727,561
2022-11-29,75.454545,74.272727,76.354545,72.736364,193
2022-11-30,72.727273,70.909091,76.0,67.363636,909
2022-12-01,70.909091,72.190909,73.636364,68.272727,671
2022-12-02,67.272727,71.272727,71.818182,66.454545,843
2022-12-05,70.727273,69.890909,71.809091,68.281818,345
2022-12-06,70.909091,66.827273,71.636364,65.972727,489
2022-12-07,68.181818,71.1,72.727273,65.545545,1206
2022-12-08,70.454545,69.454545,70.918182,69.218182,555
2022-12-09,69.090909,67.281818,71.627182,66.545545,551
2022-12-12,67.272727,68.518182,70.0,66.545455,302
2022-12-13,68.2,68.181818,70.0,67.272727,785
2022-12-14,67.545455,65.645455,69.090909,64.727273,615
2022-12-15,65.454545,62.681818,65.918273,60.972727,1265
2022-12-16,64.454545,66.363636,66.963636,60.0,1016
2022-12-19,65.272727,62.090909,65.272727,57.936364,2736
2022-12-20,60.227273,67.272727,67.563636,60.227273,888
2022-12-21,65.454545,63.645455,67.454545,63.636364,761
2022-12-22,63.636364,61.827273,64.363636,61.090909,1241
2022-12-23,61.818182,59.590909,61.818182,59.272727,949
2022-12-27,60.0,57.272727,60.0,55.918182,825
2022-12-28,56.309091,55.636364,60.454545,52.945455,1250
2022-12-29,55.654545,58.372727,60.081818,53.181818,981
2022-12-30,61.472727,61.236364,62.463636,54.545455,979
2023-01-03,62.727273,60.0,65.427273,56.318182,1591
2023-01-04,61.236364,64.527273,65.363636,58.7,746
2023-01-05,63.090909,62.272727,65.454545,61.827273,586
2023-01-06,64.454545,59.718182,65.227273,55.918182,2135
2023-01-09,59.718182,61.809,62.109091,55.672727,1020
2023-01-10,60.909091,59.272727,60.909091,56.709091,905
2023-01-11,60.0,63.418182,64.545455,59.090909,1101
2023-01-12,64.454545,64.545455,65.881818,62.727273,884
2023-01-13,64.545455,66.545455,68.172727,62.688364,1306
2023-01-17,71.736364,69.090909,72.709091,66.827273,1048
2023-01-18,74.372727,76.627273,81.818182,70.0,4667
2023-01-19,76.636364,72.727273,76.636364,70.0,785
2023-01-20,74.545455,70.0,74.545455,64.390909,1621
2023-01-23,68.181818,69.909091,71.809091,68.090818,748
2023-01-24,69.090909,69.036364,71.818182,67.327273,569
2023-01-25,71.027273,70.472727,71.140818,67.272818,943
2023-01-26,70.0,70.0,74.330909,66.454545,2539
2023-01-27,69.545455,72.827273,75.890909,69.181818,4688
2023-01-30,70.909091,76.763636,80.909091,70.909091,2798
2023-01-31,77.272727,85.163636,89.081818,77.272727,5622
2023-02-01,88.181818,86.0,103.181818,82.009091,28297
2023-02-02,84.545455,108.636364,116.909091,77.281818,24323
2023-02-03,110.0,112.727273,127.272727,105.454545,10350
2023-02-06,111.818182,100.0,112.727273,96.363636,5659
2023-02-07,108.181818,104.545455,110.909091,100.0,4864
2023-02-08,104.545455,100.0,108.181818,100.0,1439
2023-02-09,100.0,90.827273,103.627273,90.0,4277
2023-02-10,90.909091,98.181818,100.0,90.054545,1722
2023-02-13,96.363636,100.0,103.054545,94.545455,2297
2023-02-14,98.181818,106.363636,112.727273,98.181818,5488
2023-02-15,103.636364,105.454545,111.818182,103.636364,2166
2023-02-16,102.727273,100.0,109.081818,99.090909,2038
2023-02-17,98.181818,89.090909,100.0,80.009091,6247
2023-02-21,89.745455,86.363636,89.745455,79.090909,1633
2023-02-22,86.4,88.636364,92.727273,86.363636,522
2023-02-23,89.636364,87.545455,90.909091,86.363636,842
2023-02-24,89.090909,86.936364,90.0,86.409091,364
2023-02-27,87.272727,84.545455,87.618182,83.636364,1502
2023-02-28,83.636364,85.454545,88.181818,83.181818,641
2023-03-01,86.309091,90.909091,92.727273,83.636364,1100
2023-03-02,88.181818,91.818182,97.945455,88.181818,992
2023-03-03,90.909091,97.972727,101.818182,88.5,1391
2023-03-06,99.090909,94.545455,100.745455,91.818182,691
2023-03-07,96.363636,95.454545,99.090909,90.909091,1600
2023-03-08,95.454545,94.545455,99.090909,91.818182,508
2023-03-09,92.727273,90.0,97.272727,88.345455,954
2023-03-10,88.563636,82.045455,90.909091,80.909091,1167
2023-03-13,80.0,88.172727,90.909091,77.290909,1540
2023-03-14,89.090909,90.909091,92.727273,84.545455,1283
2023-03-15,90.818182,103.636364,106.363636,88.781818,5396
2023-03-16,104.545455,101.818182,109.090909,96.645455,2746
2023-03-17,99.090909,107.272727,114.545455,97.490909,2541
2023-03-20,107.272727,106.363636,107.727273,100.0,1756
2023-03-21,105.454545,114.545455,122.727273,104.545455,4330
2023-03-22,117.272727,110.909091,119.090909,109.090909,1765
2023-03-23,109.090909,113.390909,115.927273,107.272727,911
2023-03-24,114.545455,114.545455,115.0,108.181818,501
2023-03-27,113.636364,114.545455,116.363636,110.909091,593
2023-03-28,113.636364,108.181818,123.281818,106.372727,1737
2023-03-29,112.727273,110.909091,118.172727,104.545455,562
2023-03-30,106.363636,107.272727,111.818182,103.636364,978
2023-03-31,105.454545,112.727273,116.363636,105.454545,1717
2023-04-03,106.363636,104.545455,110.545455,100.0,1844
2023-04-04,112.727273,105.454545,112.727273,103.636364,459
2023-04-05,105.454545,104.8,108.6,103.636364,771
2023-04-06,104.545455,103.245455,107.027273,100.090909,571
2023-04-10,101.818182,101.818182,104.527273,100.909091,540
2023-04-11,102.727273,108.181818,110.0,102.727273,1098
2023-04-12,104.545455,103.636364,108.181818,101.818182,661
2023-04-13,102.727273,103.890909,107.272727,102.727273,444
2023-04-14,104.545455,102.727273,107.272727,101.818182,397
2023-04-17,105.454545,113.636364,113.636364,102.909091,2890
2023-04-18,120.0,128.181818,130.0,119.090909,6278
2023-04-19,129.090909,112.272727,138.08182,110.0,5827
2023-04-20,110.909091,105.454545,116.354545,102.727273,1287
2023-04-21,106.363636,106.363636,112.554545,102.727273,519
2023-04-24,109.090909,98.181818,109.090909,95.454545,1670
2023-04-25,96.363636,96.363636,100.909091,95.454545,627
2023-04-26,97.272727,96.363636,101.809091,90.909091,1170
2023-04-27,99.090909,93.636364,99.090909,91.818182,637
2023-04-28,95.454545,101.818182,104.545455,94.9,1129
2023-05-01,100.909091,95.454545,101.809091,93.636364,533
2023-05-02,92.727273,90.909091,93.636364,84.754545,1748
2023-05-03,89.090909,90.909091,99.990909,89.090909,1462
2023-05-04,90.909091,88.172727,93.636364,84.554545,736
2023-05-05,90.0,86.363636,90.0,81.818182,1440
2023-05-08,87.272727,86.363636,90.436273,81.845455,1004
2023-05-09,90.909091,90.9,91.818182,84.191,311
2023-05-10,90.027273,85.454545,93.636364,85.454545,995
2023-05-11,85.954545,81.818182,90.0,80.363636,866
2023-05-12,81.818182,74.6,86.354545,74.590909,2482
2023-05-15,75.454545,74.554545,77.509091,70.036364,1551
2023-05-16,75.454545,74.545455,78.181818,72.727273,652
2023-05-17,78.536364,77.327273,79.090909,71.390909,1076
2023-05-18,75.036364,84.090909,84.090909,75.036364,752
2023-05-19,84.327273,90.863636,91.818182,82.727273,960
2023-05-22,87.936364,88.2,92.727273,86.072727,612
2023-05-23,87.272727,89.927273,91.331818,87.272727,1405
2023-05-24,88.181818,87.263636,89.081818,86.363636,466
2023-05-25,95.454545,90.445455,95.454545,89.1,1353
2023-05-26,90.909091,92.727273,93.636364,90.0,426
