2023-08-25,20.149,20.1644,20.22,20.06,12567
2023-08-28,20.4,20.38,20.45,20.25,13777
2023-08-29,20.38,20.4698,20.4737,20.2801,4446
2023-08-30,20.5,20.4204,20.52,20.33,5646
2023-08-31,20.62,20.2964,20.62,20.2964,16072
2023-09-01,20.15,19.835,20.15,19.7,18012
2023-09-05,19.91,19.745,20.0,19.745,13274
2023-09-06,19.72,19.6727,19.74,19.5811,10086
2023-09-07,19.68,19.59,19.68,19.4699,21276
2023-09-08,19.57,19.7869,19.81,19.505,11177
2023-09-11,19.99,19.9653,20.065,19.79,12358
2023-09-12,20.29,20.13,20.29,20.12,5303
2023-09-13,20.18,20.159,20.23,20.159,2686
2023-09-14,20.2,20.2333,20.31,20.11,5380
2023-09-15,20.25,20.295,20.36,20.23,6746
2023-09-18,20.28,20.29,20.325,20.25,28073
2023-09-19,20.16,19.9277,20.16,19.9,6477
2023-09-20,19.96,20.0629,20.1899,19.96,7863
2023-09-21,20.07,20.121,20.2296,20.07,5872
2023-09-22,20.18,19.8128,20.18,19.8128,5420
2023-09-25,19.86,19.7663,19.86,19.66,2954
2023-09-26,19.6176,19.5671,19.62,19.52,3015
2023-09-27,19.699,19.5061,19.699,19.32,3529
2023-09-28,19.55,19.5755,19.62,19.4685,7133
2023-09-29,19.765,19.7975,19.7975,19.61,4899
2023-10-02,19.825,19.9227,19.9227,19.74,3263
2023-10-03,19.91,19.4785,19.91,19.4691,2853
2023-10-04,19.425,19.4514,19.4584,19.29,3534
2023-10-05,19.4,19.4946,19.82,19.4,10206
2023-10-06,19.5,20.0182,20.06,19.5,6755
2023-10-09,20.15,20.3121,20.3321,20.04,4801
2023-10-10,20.14,20.395,20.4394,20.0,6808
2023-10-11,20.49,20.385,20.49,20.3,7934
2023-10-12,20.4399,20.3778,20.4399,20.37,1793
2023-10-13,20.429,20.43,20.43,20.24,4934
2023-10-16,20.37,20.6696,20.7,20.37,4563
2023-10-17,20.6872,20.722,20.75,20.64,5752
2023-10-18,20.5,20.5295,20.77,20.5,5021
2023-10-19,20.44,20.2739,20.5797,20.2739,6154
2023-10-20,20.14,20.1871,20.2892,20.14,1911
2023-10-23,19.86,20.2874,20.34,19.86,3278
2023-10-24,20.48,20.1896,20.49,20.13,7118
2023-10-25,20.1529,19.7189,20.17,19.71,9973
2023-10-26,19.7092,19.5613,19.7294,19.5498,5665
2023-10-27,19.6987,19.4738,19.805,19.4738,3135
2023-10-30,19.57,19.7959,19.8393,19.56,3062
2023-10-31,19.859,19.9939,20.0,19.83,1588
2023-11-01,19.98,19.9049,19.98,19.8301,1277
2023-11-02,20.3,20.2837,20.3,20.2837,1462
2023-11-03,20.43,20.3951,20.43,20.341,4739
2023-11-06,20.5499,20.369,20.5499,20.299,6814
2023-11-07,20.4198,19.6873,20.439,20.3277,51556
2023-11-08,19.96,19.7122,19.96,19.62,37912
2023-11-09,20.04,20.46,20.4699,20.04,24403
2023-11-10,20.41,20.46,20.46,20.41,13754
2023-11-13,20.41,20.7026,20.725,20.33,6033
2023-11-14,20.87,21.0116,21.06,20.87,14642
2023-11-15,21.241,21.195,21.25,21.1593,27772
2023-11-16,21.2003,21.2357,21.31,21.16,18994
2023-11-17,21.39,21.225,21.4099,21.2,18925
2023-11-20,21.2375,21.4473,21.51,21.2375,7448
2023-11-21,21.41,21.3407,21.6566,21.29,7254
2023-11-22,21.2,21.5369,21.59,21.2,11459
2023-11-24,21.63,21.6702,21.71,21.6099,11598
2023-11-27,21.67,21.5284,21.67,21.47,14050
2023-11-28,21.39,21.02,21.43,21.02,28287
2023-11-29,21.05,21.12,21.17,20.8292,21620
2023-11-30,21.01,20.9736,21.045,20.95,15595
2023-12-01,20.95,20.9366,21.0097,20.8515,11380
2023-12-04,20.9,20.99,20.99,20.79,19310
2023-12-05,20.94,20.6643,20.94,20.51,30509
2023-12-06,20.8,20.4075,21.02,20.649,25079
2023-12-07,20.52,20.66,20.7551,20.35,17897
2023-12-08,20.36,20.7716,20.8,20.27,7820
2023-12-11,20.61,20.6553,20.8,20.6,10983
2023-12-12,20.5801,20.473,20.64,20.36,6855
2023-12-13,20.49,20.7806,20.8399,20.34,13613
2023-12-14,20.8,21.0,21.15,20.8,23417
2023-12-15,21.0,20.9721,21.059,20.885,6922
2023-12-18,20.9,20.9208,21.26,20.9,7739
2023-12-19,20.99,21.1136,21.1136,20.9,6776
2023-12-20,21.23,20.6225,21.23,20.6001,9622
2023-12-21,20.655,20.7164,20.7164,20.52,9364
2023-12-22,20.6766,20.5444,20.74,20.51,11922
2023-12-26,20.64,20.5774,20.64,20.5,12344
2023-12-27,20.5,20.4231,20.52,20.4101,13511
2023-12-28,20.5,20.4693,20.5117,20.4315,6659
2023-12-29,20.51,20.51,20.51,20.3901,13028
2024-01-02,20.48,20.5388,20.71,20.41,15493
2024-01-03,20.55,20.79,20.8211,20.55,10886
2024-01-04,20.7499,20.0388,20.78,20.42,12963
2024-01-05,20.2,20.0733,20.2,19.97,13471
2024-01-08,20.19,20.22,20.33,20.16,10805
2024-01-09,20.01,19.9062,20.3257,19.9062,13157
2024-01-10,19.8426,19.8215,19.9299,19.8,6861
2024-01-11,19.82,19.8421,19.89,19.7001,15069
2024-01-12,19.95,20.06,20.11,19.8801,18007
2024-01-16,20.29,20.3153,20.3299,19.9405,14840
2024-01-17,20.22,19.9902,20.25,19.92,12931
2024-01-18,20.06,20.28,20.3099,20.0599,20300
2024-01-19,20.2,20.3187,20.3592,20.2,6127
2024-01-22,20.5,20.6636,20.73,20.42,10829
2024-01-23,20.69,20.5032,20.69,20.48,6041
2024-01-24,20.59,20.525,20.67,20.5001,3742
2024-01-25,20.52,20.7564,20.78,20.52,8261
2024-01-26,20.78,20.9401,20.99,20.78,11085
2024-01-29,20.93,21.2137,21.2137,20.88,14889
2024-01-30,21.23,21.23,21.27,21.15,14117
2024-01-31,20.91,20.91,21.22,20.91,4898
2024-02-01,21.16,21.2341,21.27,21.1,7021
2024-02-02,21.5,21.5,21.5,21.125,3856
2024-02-05,21.5,21.2872,21.5,21.2499,10387
2024-02-06,22.14,21.3716,22.14,21.23,19279
2024-02-07,21.26,21.274,21.379,21.1259,13017
2024-02-08,22.0,22.3302,22.3899,22.0,25173
2024-02-09,22.03,21.52,22.03,21.4,26929
2024-02-12,21.59,21.6849,22.01,21.55,19392
2024-02-13,22.33,21.9865,22.33,21.58,17209
2024-02-14,21.85,22.25,22.25,21.85,8873
2024-02-15,22.36,22.3425,22.42,22.25,8679
2024-02-16,22.48,22.2428,22.48,22.2428,10900
2024-02-20,22.34,22.12,22.34,21.9301,6213
2024-02-21,22.01,21.55,22.01,21.5,15619
2024-02-22,21.7,21.5729,21.7,21.56,4845
2024-02-23,21.58,21.72,21.72,21.26,7045
2024-02-26,21.6604,21.75,21.78,21.56,7131
2024-02-27,21.73,21.8574,21.8574,21.66,14514
2024-02-28,21.817,21.9613,22.03,21.817,4711
2024-02-29,22.03,22.022,22.06,21.97,3327
2024-03-01,22.18,22.055,22.24,22.02,9215
2024-03-04,22.42,22.3,22.42,22.1301,11093
2024-03-05,22.37,21.4318,22.37,22.1899,5242
2024-03-06,21.61,21.0191,21.61,20.87,43112
2024-03-07,21.09,21.14,21.14,20.8447,6270
2024-03-08,21.17,21.09,21.22,21.0,14236
2024-03-11,21.23,21.4,21.4499,21.2,5917
2024-03-12,21.4,21.5208,21.53,21.35,5984
2024-03-13,21.63,21.5,21.63,21.4401,5479
2024-03-14,21.28,21.3526,21.3526,20.98,11132
2024-03-15,21.4,21.52,21.5899,21.39,10395
2024-03-18,21.54,21.72,21.79,21.51,11265
2024-03-19,21.75,21.86,21.9099,21.6001,18859
2024-03-20,21.94,21.9988,22.029,21.86,10266
2024-03-21,22.0,22.07,22.098,21.92,9562
2024-03-22,22.07,22.0708,22.15,22.0,7692
2024-03-25,22.19,22.48,22.48,22.19,17019
2024-03-26,22.54,22.4245,22.54,22.35,17467
2024-03-27,22.51,22.53,22.56,22.4529,13215
2024-03-28,22.54,22.5283,22.61,22.43,13512
2024-04-01,22.52,22.4,22.5285,22.23,19612
2024-04-02,22.07,22.5454,22.61,22.07,9347
2024-04-03,22.69,21.2603,22.69,21.82,27857
2024-04-04,21.54,20.98,21.54,20.8524,13119
2024-04-05,20.87,21.1468,21.22,20.87,6610
2024-04-08,21.29,21.0542,21.29,20.97,13730
2024-04-09,21.23,21.1319,21.23,21.05,7063
2024-04-10,21.09,21.0369,21.09,20.905,8769
2024-04-11,21.12,21.05,21.21,20.91,7827
2024-04-12,20.94,20.4546,20.94,20.4303,17185
2024-04-15,20.42,20.3387,20.6341,20.29,27304
2024-04-16,20.28,20.515,20.6,20.25,6780
2024-04-17,20.52,20.49,20.52,20.33,3703
2024-04-18,20.43,20.25,20.54,20.25,5146
2024-04-19,20.2,20.2446,20.25,20.11,11494
2024-04-22,20.3,20.2,20.38,20.168,27262
2024-04-23,20.44,20.4407,20.5,20.395,3897
2024-04-24,20.26,20.5,20.5,20.26,13061
2024-04-25,20.34,20.4224,20.46,20.11,6690
2024-04-26,20.45,20.4045,20.48,20.35,4235
2024-04-29,20.59,20.48,20.59,20.32,3185
2024-04-30,20.44,20.2577,20.459,20.19,10886
2024-05-01,20.29,20.17,20.35,20.16,13587
2024-05-02,20.3,20.5313,20.54,20.3,4128
2024-05-03,20.7,19.9544,20.81,20.55,25616
2024-05-06,20.3,20.45,20.45,20.18,14211
2024-05-07,19.49,18.79,19.49,18.55,73100
2024-05-08,18.89,18.81,18.95,18.7,18915
2024-05-09,18.92,18.9,18.93,18.7,15468
2024-05-10,19.0,18.83,19.0,18.75,15268
2024-05-13,18.94,18.95,18.969,18.81,13024
2024-05-14,18.94,18.8692,18.94,18.73,10617
2024-05-15,18.67,18.4545,18.67,18.15,37361
2024-05-16,18.45,18.5393,18.5997,18.45,23162
2024-05-17,18.55,18.535,18.6199,18.47,8009
2024-05-20,18.54,18.51,18.54,18.4443,72620
2024-05-21,18.51,18.5399,18.5888,18.4201,13545
2024-05-22,18.54,18.5509,18.6299,18.47,13708
2024-05-23,18.45,18.1259,18.452,18.03,19540
2024-05-24,18.2,18.2804,18.35,18.13,4127
2024-05-28,18.41,18.3856,18.5,18.25,17300
2024-05-29,18.4,18.2369,18.4,18.2369,21530
2024-05-30,18.29,18.322,18.4685,18.29,11444
2024-05-31,18.4851,18.62,18.62,18.45,10769
2024-06-03,18.89,18.67,18.89,18.5462,25276
2024-06-04,18.69,18.6679,18.73,18.51,11546
2024-06-05,18.68,17.9677,18.68,18.27,22540
2024-06-06,18.11,17.9433,18.11,17.915,15301
2024-06-07,17.94,17.9969,18.06,17.8614,29364
2024-06-10,17.94,18.1733,18.18,17.88,11382
2024-06-11,17.96,17.912,18.17,17.901,10854
2024-06-12,18.0345,17.9154,18.0345,17.9,8439
2024-06-13,17.9,17.7399,17.9,17.69,18864
2024-06-14,17.82,17.7651,17.87,17.6601,17373
2024-06-17,17.77,17.9596,18.02,17.77,16414
2024-06-18,17.83,17.88,18.0046,17.83,55090
2024-06-20,17.86,17.99,18.12,17.86,18809
2024-06-21,18.08,18.2,18.21,18.08,20223
2024-06-24,18.2,18.1632,18.24,18.15,5461
2024-06-25,18.07,18.2163,18.265,18.07,5413
2024-06-26,18.34,18.2308,18.34,18.06,7519
2024-06-27,18.02,18.26,18.3,18.02,13921
2024-06-28,18.35,17.7123,18.35,17.65,12494
2024-07-01,17.6,17.6,17.8247,17.56,13419
2024-07-02,17.5,17.64,17.64,17.44,23672
2024-07-03,17.47,17.3654,17.7499,17.47,11122
2024-07-05,17.45,17.29,17.52,17.23,22857
2024-07-08,17.2,17.26,17.38,17.2,9357
2024-07-09,17.17,17.26,17.32,17.07,38842
2024-07-10,17.11,17.2,17.24,17.11,17798
2024-07-11,17.13,17.3,17.34,17.13,20393
2024-07-12,17.15,17.34,17.3899,17.15,8135
2024-07-15,17.42,17.28,17.42,17.22,21852
2024-07-16,17.17,17.51,17.5799,17.17,17411
2024-07-17,17.37,17.3843,17.57,17.2301,19229
2024-07-18,17.395,17.22,17.4492,17.22,12522
2024-07-19,17.22,17.07,17.22,17.03,73831
2024-07-22,16.96,16.85,17.11,16.77,15787
2024-07-23,16.5,16.3465,16.525,16.14,32060
2024-07-24,16.28,16.1147,16.28,16.09,10466
2024-07-25,16.07,16.0494,16.21,16.01,6299
2024-07-26,16.05,16.1527,16.28,16.05,8756
2024-07-29,16.3421,16.477,16.5399,16.3,16537
2024-07-30,16.6,16.6139,16.6139,16.49,8109
2024-07-31,16.63,16.67,16.7199,16.63,9827
2024-08-01,16.67,16.6505,16.6899,16.62,7145
2024-08-02,16.4483,16.1649,16.4483,16.03,8505
2024-08-05,15.77,15.9228,16.1422,15.77,15251
2024-08-06,16.28,15.8766,16.52,16.06,10888
2024-08-07,16.01,15.41,16.01,15.27,17786
2024-08-08,15.4,15.17,15.4,14.95,17041
2024-08-09,15.18,15.2621,15.2621,15.0801,6387
2024-08-12,15.28,15.3057,15.339,15.2501,6787
