2022-03-17,9.86,9.88,9.88,9.86,2292
2022-03-18,9.88,9.84,9.93,9.84,206837
2022-03-21,9.86,9.88,9.93,9.85,285375
2022-03-22,9.82,9.84,9.8598,9.82,936
2022-03-23,9.84,9.84,9.84,9.84,660
2022-03-24,9.86,9.88,9.88,9.86,1526
2022-03-25,9.85,9.84,9.88,9.78,681650
2022-03-28,9.87,9.87,9.87,9.87,377
2022-03-29,9.88,9.88,9.88,9.88,3401
2022-03-31,9.86,9.89,9.89,9.86,53802
2022-04-07,9.8782,9.8782,9.8782,9.8782,712
2022-04-08,9.87,9.87,9.87,9.87,1844
2022-04-11,9.88,9.88,9.88,9.88,50000
2022-04-12,9.9,9.9,9.9,9.9,26414
2022-04-14,9.9,9.9,9.9,9.9,10330
2022-04-18,9.9,9.91,9.91,9.9,15078
2022-04-19,9.93,9.93,9.93,9.93,4312
2022-04-21,9.94,9.94,9.94,9.94,4908
2022-04-26,9.9,9.9,9.9,9.9,107478
2022-04-28,9.9,9.9,9.9,9.9,300
2022-04-29,9.9,9.9,9.9,9.9,200010
2022-05-02,9.92,9.92,9.92,9.92,1152
2022-05-06,9.93,9.93,9.93,9.93,677
2022-05-11,9.89,9.89,9.89,9.89,2800
2022-05-12,9.88,9.87,9.88,9.87,2806
2022-05-26,9.9,9.9,9.9,9.9,108
2022-05-27,9.89,9.88,9.89,9.88,193021
2022-05-31,9.91,9.91,9.91,9.91,183
2022-06-06,9.91,9.87,9.91,9.87,251
2022-06-07,9.92,9.92,9.92,9.92,5854
2022-06-09,9.92,9.92,9.92,9.92,4099
2022-06-15,9.88,9.88,9.88,9.88,1725
2022-07-01,9.92,9.92,9.92,9.92,100
2022-07-05,9.92,9.92,9.92,9.92,100
2022-07-15,9.95,9.95,9.95,9.95,472
2022-07-18,9.9,9.9,9.9,9.89,267016
2022-07-25,9.93,9.935,9.9364,9.93,43418
2022-07-26,9.95,9.95,9.95,9.95,160
2022-07-27,9.93,9.93,9.93,9.93,42536
2022-08-03,9.95,9.9499,9.95,9.9499,400
2022-08-08,10.45,9.95,10.45,9.95,1340
2022-08-12,9.9219,9.9219,9.9219,9.9219,1376
2022-08-22,10.45,9.97,10.45,9.94,2800
2022-09-02,9.97,9.97,9.97,9.97,2545
2022-09-06,9.91,9.93,9.93,9.91,20110
2022-09-07,9.91,9.91,9.91,9.91,1600
2022-09-09,10.4,9.92,10.4,9.91,37788
2022-09-13,9.97,9.97,9.97,9.97,530
2022-09-14,9.91,9.91,9.91,9.905,11000
2022-09-15,10.4,9.94,10.4,9.94,2001
2022-09-19,10.4,9.94,10.4,9.93,701
2022-09-20,9.95,9.95,9.95,9.95,400
2022-09-22,9.93,9.9,9.93,9.85,155000
2022-09-23,9.91,9.91,9.91,9.91,80000
2022-09-26,9.9,9.9,9.9,9.9,2461
2022-09-27,10.34,9.92,10.38,9.92,1207
2022-09-28,9.9,9.9,9.9,9.9,400
2022-09-29,9.9,9.9,9.9,9.9,57322
2022-09-30,9.94,9.94,9.94,9.94,21600
2022-10-11,9.935,9.94,9.94,9.935,400
2022-10-13,10.37,9.94,10.37,9.94,32701
2022-10-17,9.97,9.99,9.99,9.97,3102
2022-10-18,10.25,10.02,10.25,9.97,2015
2022-10-21,9.96,9.96,9.96,9.96,304
2022-10-24,9.95,9.975,9.975,9.95,900
2022-10-26,9.98,9.98,9.98,9.98,31284
2022-10-27,9.98,9.98,9.98,9.965,51300
2022-11-15,10.02,10.02,10.02,10.02,1511
2022-11-16,10.03,10.03,10.03,10.03,231
2022-11-17,9.96,9.96,9.96,9.96,9500
2022-11-18,10.02,10.04,10.04,10.02,3200
2022-11-21,10.05,10.05,10.05,10.05,100
2022-11-22,10.04,10.04,10.04,10.04,155
2022-11-29,10.04,10.04,10.04,10.04,20000
2022-11-30,10.04,10.04,10.04,10.03,813
2022-12-05,10.04,10.05,10.05,10.04,71070
2022-12-06,10.05,10.04,10.05,10.04,60402
2022-12-07,10.04,10.04,10.04,10.04,104
2022-12-08,10.04,10.02,10.04,10.02,55940
2022-12-12,10.5,10.06,10.5,10.005,33250
2022-12-14,10.5,10.08,10.5,10.075,2400
2022-12-15,10.04,10.04,10.04,10.04,100
2022-12-19,10.09,10.09,10.09,10.09,10012
2022-12-20,10.09,10.09,10.09,10.09,40097
2022-12-22,9.99,9.99,9.99,9.99,5845
2023-01-03,10.1,10.12,10.12,10.1,1500
2023-01-04,10.11,10.13,10.13,10.11,2777
2023-01-05,10.12,10.14,10.1521,10.12,63101
2023-01-06,10.14,10.15,10.15,10.13,456414
2023-01-09,10.14,10.14,10.14,10.14,14236
2023-01-10,10.14,10.14,10.14,10.14,13156
2023-01-11,10.14,10.15,10.1522,10.14,21758
2023-01-12,10.15,10.18,10.18,10.14,11578
2023-01-13,10.65,10.19,10.65,10.15,934624
2023-01-17,10.65,10.17,10.65,10.17,76999
2023-01-18,10.175,10.18,10.18,10.17,35106
2023-01-19,10.175,10.17,10.175,10.17,30220
2023-01-20,10.17,10.18,10.2,10.17,32579
2023-01-23,10.17,10.19,10.19,10.16,27338
2023-01-24,10.18,10.22,10.22,10.17,60227
2023-01-25,10.18,10.2,10.2,10.18,12833
2023-01-26,10.2,10.21,10.21,10.2,39820
2023-01-27,10.22,10.24,10.24,10.22,5500
2023-02-01,10.235,10.22,10.235,10.21,15264
2023-02-14,10.24,10.26,10.27,10.24,16563
2023-02-15,10.27,10.26,10.27,10.26,1299
2023-02-16,10.27,10.27,10.27,10.26,4713
2023-02-17,10.25,10.25,10.25,10.25,2023
2023-02-21,10.26,10.26,10.26,10.26,257
2023-02-23,10.3,10.3001,10.31,10.29,16544
2023-02-27,10.31,10.31,10.31,10.31,874
2023-03-03,10.26,10.25,10.26,10.25,1700
2023-03-08,10.3,10.3,10.32,10.295,3869
2023-03-10,10.3,10.3,10.3,10.3,4003
2023-03-16,10.3,10.3,10.31,10.3,5594
2023-03-20,10.31,10.32,10.32,10.31,600
2023-03-21,10.32,10.32,10.32,10.32,1100
2023-03-24,10.34,10.3366,10.35,10.3366,7307
2023-03-27,10.35,10.34,10.35,10.34,139972
2023-03-30,10.345,10.345,10.345,10.345,800
2023-03-31,10.3492,10.3499,10.35,10.345,11504
2023-04-03,10.35,10.36,10.36,10.3499,800
2023-04-04,10.36,10.36,10.36,10.36,101
2023-04-05,10.355,10.36,10.37,10.355,618305
2023-04-06,10.36,10.37,10.37,10.36,69100
2023-04-10,10.37,10.38,10.38,10.37,8510
2023-04-11,10.375,10.375,10.38,10.375,1142
2023-04-12,10.38,10.4001,10.4333,10.38,82530
2023-04-13,10.39,10.405,10.41,10.39,159390
2023-04-14,10.4,10.4101,10.4118,10.39,851878
2023-04-17,10.39,10.38,10.39,10.38,7718
2023-04-18,10.4113,10.4,10.5,10.39,8205
2023-04-19,10.4,10.41,10.42,10.4,10900
2023-04-20,10.41,10.41,10.41,10.41,7267
2023-04-21,10.41,10.41,10.41,10.41,4700
2023-04-25,10.41,10.4,10.41,10.4,490250
2023-04-26,10.42,10.4,10.42,10.4,25100
2023-04-27,10.4001,10.4,10.4001,10.4,2501
2023-04-28,10.41,10.41,10.41,10.41,1100
2023-05-01,10.42,10.45,10.45,10.42,3454
2023-05-04,10.41,10.41,10.41,10.41,2596
2023-05-05,10.45,10.45,10.45,10.45,1513
2023-05-10,10.42,10.42,10.42,10.42,1000
2023-05-11,10.45,10.445,10.45,10.43,1277
2023-05-17,10.45,10.46,10.46,10.45,107366
2023-05-19,10.46,10.46,10.46,10.46,50000
2023-05-22,10.46,10.46,10.46,10.46,100007
2023-05-23,10.48,10.54,10.54,10.48,2061
2023-05-26,10.53,10.53,10.53,10.53,250000
2023-05-30,10.5273,10.5282,10.53,10.5273,3046
2023-06-01,10.53,10.51,10.53,10.505,613
2023-06-02,10.54,10.54,10.54,10.54,101
2023-06-05,10.52,10.55,10.55,10.5,23740
2023-06-12,10.5,10.5,10.5,10.5,320
2023-06-21,10.51,10.51,10.51,10.51,126
2023-06-22,10.51,10.51,10.51,10.51,100
2023-06-23,10.5125,10.51,10.52,10.51,3270
2023-06-27,10.511,10.53,10.53,10.51,11379
2023-06-29,10.51,10.51,10.51,10.51,381
2023-07-03,10.56,10.52,10.56,10.51,2664
2023-07-07,10.56,10.56,10.56,10.56,100
2023-07-10,10.56,10.56,10.56,10.56,100
2023-07-18,10.56,10.54,10.56,10.54,2708
2023-07-19,10.61,10.67,10.9,10.56,8531
2023-07-20,10.56,10.56,10.56,10.56,100
2023-07-28,10.56,10.56,10.56,10.56,107
2023-07-31,10.57,10.58,10.58,10.57,1703
2023-08-02,10.65,10.65,10.65,10.65,2000
2023-08-03,10.75,10.75,10.75,10.75,112
2023-08-11,10.75,10.73,10.75,10.7,37488
2023-08-14,10.74,10.75,10.75,10.73,2754
2023-08-15,10.732,10.73,11.83,10.73,11345
2023-08-16,10.73,10.72,10.74,10.72,1041467
2023-08-17,10.72,10.7233,10.725,10.72,101827
2023-08-18,10.725,10.72,10.725,10.72,4302
2023-08-21,10.73,10.73,10.73,10.73,25007
2023-08-23,10.72,10.72,10.72,10.72,5700
2023-08-24,10.73,10.73,10.73,10.73,12001
2023-09-01,10.68,10.7299,10.73,10.68,13941
2023-09-06,10.71,10.67,10.71,10.66,503
2023-09-12,10.73,10.7,10.73,10.7,300
2023-09-13,10.7,10.7,10.7,10.7,350063
2023-09-14,10.7,10.7,10.7,10.7,100
2023-09-15,10.7,10.6999,10.7,10.68,12533
2023-09-19,10.68,10.6801,10.6801,10.68,3407
2023-09-20,10.68,10.68,10.68,10.68,1000
2023-09-21,10.69,10.69,10.6901,10.69,1829
2023-09-22,10.7,10.71,10.71,10.7,321382
2023-09-26,10.7,10.7,10.7,10.7,1070
2023-09-27,10.69,10.69,10.69,10.69,455
2023-09-29,10.7,10.7,10.7,10.7,677
2023-10-03,10.7,10.7,10.7,10.7,2003
2023-10-09,10.72,10.72,10.72,10.72,74800
2023-10-10,10.7,10.7,10.7,10.7,100
2023-10-11,10.7,10.71,10.71,10.7,297524
2023-10-17,10.72,10.72,11.1,10.7,49305
2023-10-18,10.72,10.71,10.72,10.71,12724
2023-10-19,10.73,10.7194,10.74,10.71,51824
2023-10-20,10.79,10.79,10.79,10.79,131
2023-10-24,10.71,10.71,10.7278,10.71,2009
2023-10-26,10.75,10.76,10.76,10.74,22392
2023-10-30,10.76,10.76,10.76,10.76,11352
2023-10-31,10.76,10.76,10.76,10.76,5524
2023-11-01,10.75,10.76,10.76,10.74,309175
2023-11-03,10.7515,10.7515,10.7515,10.7515,100
2023-11-06,10.76,10.76,10.76,10.76,7251
2023-11-07,10.76,10.77,10.77,10.76,7170
2023-11-08,10.76,10.76,10.76,10.76,100030
2023-11-10,10.76,10.76,10.76,10.76,2025
2023-11-13,10.7559,10.7559,10.7559,10.7559,450
2023-11-16,10.8,10.8,10.8,10.8,2204
2023-11-27,10.78,10.78,10.78,10.78,6038
2023-11-29,10.8,10.8076,10.8076,10.8,262980
2023-11-30,10.82,10.82,10.82,10.82,9424
2023-12-05,10.86,10.8699,10.87,10.8599,18083
2023-12-06,10.8805,10.8805,10.8805,10.8805,200
2023-12-07,10.91,10.91,10.91,10.91,3163
2023-12-11,10.86,10.91,10.91,10.86,2395
2023-12-13,10.8999,10.82,10.9,10.82,1406
2023-12-14,10.9,10.9,10.9,10.9,10400
2023-12-15,10.92,10.92,10.92,10.92,132
2023-12-18,10.92,10.92,10.92,10.92,207
2023-12-20,10.91,10.9099,10.92,10.9,5225
2023-12-21,10.95,10.9501,10.9501,10.95,17541
2023-12-26,10.98,10.9801,10.9801,10.98,2004
2023-12-27,10.9801,10.9701,10.9801,10.97,6157
2023-12-28,10.98,11.0,11.0,10.98,5045
2024-01-08,10.96,10.97,10.97,10.96,217
2024-01-10,10.96,10.96,10.96,10.96,1070
2024-01-16,10.99,10.99,10.99,10.99,141
2024-01-17,11.0,11.0,11.0,11.0,4315
2024-01-19,11.0,11.0,11.0,11.0,1537
2024-01-22,10.99,11.0,11.0,10.99,264
2024-01-25,11.0,10.95,11.0,10.95,752
2024-01-29,10.941,10.94,10.941,10.94,250
2024-01-30,10.94,10.94,10.94,10.94,232
2024-02-01,10.93,10.93,10.93,10.93,1250
2024-02-05,10.96,10.9618,10.9618,10.96,1568
2024-02-06,10.98,10.98,10.98,10.97,2239
2024-02-07,10.98,10.98,10.98,10.98,1166
2024-02-12,10.97,10.97,10.97,10.97,2084
2024-02-20,11.1,11.1,11.1,11.1,221
2024-02-21,10.97,10.97,10.99,10.97,41984
2024-02-28,10.98,10.98,10.98,10.98,500
2024-03-04,11.0,11.0,11.0,11.0,1480
2024-03-06,10.9607,10.9607,10.9607,10.9607,475
2024-03-14,10.97,10.97,10.97,10.97,100
2024-03-15,10.95,10.95,10.95,10.95,100
2024-03-18,11.015,11.02,11.02,11.015,200
2024-03-21,10.99,10.99,10.99,10.99,100
2024-03-25,11.0,11.0,11.0,11.0,100
2024-03-27,10.98,10.98,10.98,10.98,100
2024-04-01,11.0,11.0,11.0,11.0,102
2024-04-02,10.99,10.99,10.99,10.99,200
2024-04-10,10.96,10.96,10.96,10.96,100
2024-04-11,10.96,10.96,10.96,10.96,100
2024-04-12,10.96,10.96,10.96,10.96,100
2024-04-15,10.96,10.96,10.96,10.96,100
2024-04-16,10.96,10.96,10.96,10.96,100
2024-04-17,11.05,10.96,11.05,10.96,500
2024-04-24,10.96,10.96,10.96,10.96,100
2024-04-29,10.95,11.0,11.0,10.91,5215
2024-05-07,11.0,11.0,11.0,11.0,1281
2024-05-08,11.0,11.0,11.0,11.0,1000
2024-05-13,11.0,11.02,11.02,11.0,3476
2024-05-21,11.0,11.0,11.0,11.0,100
2024-05-22,11.01,11.0,11.01,11.0,1401
2024-05-23,11.0,11.05,11.05,11.0,5714
2024-05-24,11.03,11.05,11.05,11.03,4401
2024-06-05,11.05,11.05,11.05,11.05,36663
2024-06-06,11.05,11.06,11.06,11.04,12794
2024-06-07,11.06,11.06,11.06,11.06,1611
2024-06-10,11.06,11.07,11.07,11.06,2178
2024-06-11,11.12,11.12,11.12,11.12,1001
2024-06-13,11.085,11.12,11.12,11.085,1301
2024-06-18,11.13,11.14,11.14,11.13,2000
2024-06-24,11.11,11.11,11.11,11.11,1000
2024-06-26,11.11,11.11,11.11,11.105,2200
2024-06-27,11.13,11.13,11.13,11.13,10001
2024-07-05,11.13,11.13,11.13,11.13,2000
2024-07-10,11.13,11.13,11.13,11.13,1002
2024-07-11,11.13,11.13,11.13,11.13,2000
2024-07-17,11.14,11.17,11.17,11.14,5599
2024-07-19,11.18,11.19,11.19,11.18,2499
2024-07-29,11.19,11.19,11.19,11.19,100
2024-07-30,11.11,11.11,11.11,11.11,100
2024-07-31,11.19,11.2,11.2,11.19,3300
2024-08-05,11.245,11.32,11.32,11.245,2500
2024-08-06,11.2,11.19,11.2,11.19,2919
2024-08-07,11.2,11.2,11.2,11.2,1100
2024-08-12,11.2,11.2,11.2,11.2,100
