2020-03-30,6.8682,6.8682,6.8682,6.8682,200
2020-04-16,6.2,6.2,6.2,6.2,475
2020-08-17,7.7,7.7,7.7,7.7,790
2020-08-24,6.4,6.4,6.4,6.4,985
2020-09-21,6.1515,6.1333,6.1515,6.1333,7321
2020-09-22,6.0479,6.1333,6.1124,6.0316,2679
2020-10-12,NaN,6.1333,NaN,NaN,1
2021-04-07,8.8,8.8,8.8,8.8,1000
2021-08-13,8.28,8.28,8.28,8.28,790
2021-12-03,8.1,8.1,8.1,8.1,475
2022-01-14,8.67,8.67,8.67,8.67,500
2022-04-07,11.0,11.0,11.0,11.0,500
2023-01-09,16.5,16.6,16.6,16.5,1450
2023-01-17,17.48,17.48,17.48,17.48,180
2023-02-08,18.7,18.7,18.7,18.7,180
2023-03-02,24.7,20.0,24.7,20.0,270
2023-03-27,26.65,26.65,26.65,26.65,100
2023-03-28,24.85,24.85,24.85,24.85,220
2023-03-30,22.73,22.73,22.73,22.73,310
2023-05-03,20.0,20.0,20.0,20.0,301
2023-06-05,20.52,20.52,20.52,20.52,110
2023-06-07,20.22,20.22,20.22,20.22,100
2023-06-08,20.52,20.52,20.52,20.52,106
2023-06-12,21.0,21.0,21.0,21.0,100
2023-06-23,22.1,22.1,22.1,22.1,2000
2023-07-03,20.7,20.7,20.7,20.7,100
2023-07-07,22.55,22.55,22.55,22.55,100
2023-08-14,26.0,25.75,26.0,25.75,6060
2023-08-15,25.25,25.25,25.25,23.0,2100
2023-08-16,25.25,25.25,25.25,25.25,2140
2023-08-18,24.5,24.5,24.5,24.5,200
2023-08-22,25.08,25.08,25.08,25.08,100
2023-08-23,24.25,24.2,24.25,23.8345,2700
2023-08-28,25.5,25.5,25.5,25.5,100
2023-08-29,25.215,25.2,25.215,25.2,200
2023-08-30,25.2,25.2,25.2,25.2,100
2023-08-31,25.5,25.2,25.51,25.2,570
2023-09-01,23.97,23.97,23.97,23.97,100
2023-09-05,22.548,22.548,22.548,22.548,1000
2023-09-06,22.5,22.5,22.5,22.5,1010
2023-09-07,22.476,22.476,22.476,22.476,600
2023-09-08,22.0,22.5,22.5,22.0,2030
2023-09-11,22.2,23.015,23.015,22.2,4225
2023-09-18,22.96,23.5625,23.5625,22.96,4000
2023-09-22,25.65,25.87,25.87,25.65,310
2023-09-27,25.99,26.11,26.11,25.99,1200
2023-09-28,25.92,25.92,25.92,25.92,100
2023-10-09,24.0,24.0,24.0,24.0,100
2023-10-16,26.4,27.49,27.49,26.4,5200
2023-10-30,29.04,29.04,29.04,29.04,360
2023-11-03,29.37,30.51,30.51,29.37,1000
2023-11-08,29.9,29.6165,29.9,29.6165,2500
2023-11-09,27.87,26.8,27.87,26.19,5140
2023-11-10,26.95,27.1,27.1,26.95,2410
2023-11-13,27.13,27.13,27.13,27.13,150
2023-11-14,26.5,26.1,26.5,26.0,661
2023-11-16,26.3,25.73,26.3,25.73,590
2023-11-20,26.355,26.355,26.355,26.355,325
2023-11-28,24.73,26.43,26.43,24.73,1100
2023-11-30,24.1,24.1,24.15,24.0,765
2023-12-08,27.14,27.21,27.21,27.14,333
2023-12-11,56.5654,56.3141,56.773,55.8818,0
2023-12-12,56.3141,54.874,56.3141,54.2571,0
2023-12-13,54.874,58.4883,58.5263,54.2543,0
2023-12-14,58.4883,61.7114,63.3662,58.4883,0
2023-12-15,62.5203,61.7114,63.2516,61.3582,0
2023-12-18,61.7114,60.6685,62.2036,60.3695,0
2023-12-19,60.6685,26.9,62.9387,60.6685,36729
2023-12-20,27.13,26.74,27.47,26.69,51653
2023-12-21,27.46,27.94,27.97,27.4,19458
2023-12-22,28.23,29.27,32.46,28.185,40626
2023-12-26,29.4,28.5832,29.4,28.03,28538
2023-12-27,27.68,27.55,27.91,27.46,48859
2023-12-28,27.0,27.01,27.12,26.88,41830
2023-12-29,26.75,26.8,26.92,26.51,12713
2024-01-02,27.2,27.5,27.69,27.2,40576
2024-01-03,27.36,28.27,28.65,27.2,76439
2024-01-04,28.61,28.48,28.835,28.37,37155
2024-01-05,27.74,29.05,29.305,27.74,65370
2024-01-08,28.18,28.33,28.4299,27.99,49459
2024-01-09,28.57,28.47,28.87,27.75,40733
2024-01-10,28.02,27.98,28.17,27.72,49088
2024-01-11,27.07,27.0,27.4,26.55,109725
2024-01-12,28.2,28.32,28.86,28.1129,35453
2024-01-16,29.14,29.0,29.37,28.7901,46611
2024-01-17,28.57,28.85,29.0,28.41,33263
2024-01-18,29.02,28.56,29.02,28.36,31763
2024-01-19,28.49,28.34,28.49,28.02,46690
2024-01-22,28.1,27.7167,28.25,27.7,25966
2024-01-23,27.44,28.23,28.25,27.08,68698
2024-01-24,28.5,29.04,29.29,28.5,65614
2024-01-25,28.65,28.52,28.72,28.25,61266
2024-01-26,28.28,29.72,30.0399,28.1664,68825
2024-01-29,29.6,29.29,29.61,28.88,39919
2024-01-30,29.14,30.05,30.05,29.14,29396
2024-01-31,29.95,29.53,29.9699,29.32,22656
2024-02-01,29.9,28.9,30.2,27.76,103346
2024-02-02,28.1,28.23,28.6,28.05,78479
2024-02-05,28.22,28.0,28.22,27.77,32656
2024-02-06,27.85,27.79,28.37,27.74,35078
2024-02-07,27.51,28.08,28.21,27.48,34438
2024-02-08,28.0,28.47,28.47,27.73,35305
2024-02-09,27.77,27.92,28.3,27.77,33467
2024-02-12,28.65,28.96,29.05,28.6,21760
2024-02-13,28.76,28.52,28.76,28.09,49080
2024-02-14,29.05,29.28,29.86,28.76,62265
2024-02-15,28.5,29.65,29.7167,28.45,88102
2024-02-16,29.95,30.17,30.28,29.88,42886
2024-02-20,30.5,30.07,30.51,29.905,34441
2024-02-21,29.62,29.76,30.59,29.3201,54651
2024-02-22,28.81,29.29,29.62,28.61,40121
2024-02-23,28.7,29.2,29.38,28.41,48709
2024-02-26,29.35,31.22,31.26,29.35,138029
2024-02-27,30.0,30.27,30.45,29.74,272110
2024-02-28,30.19,30.15,30.6356,30.03,53751
2024-02-29,29.69,29.23,30.31,29.11,121994
2024-03-01,29.78,29.63,29.89,29.055,85371
2024-03-04,29.6,29.62,29.63,28.99,59342
2024-03-05,30.03,30.06,30.54,29.93,66841
2024-03-06,30.06,30.3,30.6399,30.06,37651
2024-03-07,30.29,29.63,30.61,30.06,59638
2024-03-08,29.61,29.0,29.61,28.85,63897
2024-03-11,29.35,28.95,29.35,28.95,21339
2024-03-12,28.95,28.6,28.95,28.34,49783
2024-03-13,29.2,29.09,29.45,29.07,33248
2024-03-14,29.54,30.18,30.19,29.22,45311
2024-03-15,30.84,31.34,31.53,30.61,169018
2024-03-18,31.07,31.05,31.19,30.66,72756
2024-03-19,30.59,30.22,30.76,30.12,53448
2024-03-20,30.02,29.98,30.11,29.5001,46186
2024-03-21,30.01,30.41,30.548,29.98,37097
2024-03-22,30.0,29.89,30.09,29.8315,26835
2024-03-25,29.93,30.02,30.24,29.91,14338
2024-03-26,29.94,29.84,29.94,29.65,35679
2024-03-27,30.03,30.05,30.17,29.95,15529
2024-03-28,30.25,29.99,30.25,29.97,10093
2024-04-01,30.17,30.1,30.7,30.1,104233
2024-04-02,30.36,30.36,30.39,30.03,43021
2024-04-03,30.62,31.38,31.39,30.62,38650
2024-04-04,31.16,30.71,31.41,30.71,34084
2024-04-05,31.0,31.18,31.51,30.82,37570
2024-04-08,31.0,30.62,31.08,30.53,55757
2024-04-09,30.68,30.44,30.8225,30.4,21626
2024-04-10,29.8,30.7,30.78,29.694,56128
2024-04-11,31.43,31.86,31.86,31.39,58802
2024-04-12,32.0,30.91,32.14,30.78,76727
2024-04-15,31.1,30.48,31.13,30.42,48325
2024-04-16,30.73,30.56,30.8,30.26,31002
2024-04-17,30.97,30.6,31.14,30.5,19555
2024-04-18,30.79,30.07,30.79,29.89,38708
2024-04-19,30.0,30.55,30.65,30.0,20999
2024-04-22,29.92,30.35,30.35,29.7,26561
2024-04-23,30.29,30.39,30.6605,30.14,21837
2024-04-24,30.41,30.39,30.45,30.07,13671
2024-04-25,30.0,30.8,30.81,29.87,18989
2024-04-26,31.16,31.41,31.48,30.79,57689
2024-04-29,31.56,31.51,31.56,30.9,29803
2024-04-30,31.24,31.31,31.74,31.19,24413
2024-05-01,31.46,30.64,31.46,30.39,15694
2024-05-02,30.78,31.1,31.29,30.53,25802
2024-05-03,31.87,31.88,32.08,31.63,28380
2024-05-06,31.97,32.15,32.2,31.75,29445
2024-05-07,31.67,32.24,32.31,31.67,37274
2024-05-08,32.01,32.63,32.9,31.9,43628
2024-05-09,32.85,33.31,33.59,32.84,44319
2024-05-10,33.43,33.08,33.69,33.01,53315
2024-05-13,33.15,33.68,33.81,33.15,26399
2024-05-14,33.72,33.86,34.49,33.08,68895
2024-05-15,33.86,34.43,34.79,33.2,44684
2024-05-16,35.21,34.89,35.29,34.25,66318
2024-05-17,35.5,34.93,35.5,34.84,37296
2024-05-20,35.14,35.94,36.46,35.0,63468
2024-05-21,35.84,36.13,36.22,35.59,47884
2024-05-22,35.6,35.55,35.82,35.06,60685
2024-05-23,35.86,35.04,36.07,34.51,53426
2024-05-24,35.45,36.04,36.25,35.45,40576
2024-05-28,36.35,36.35,36.38,35.67,37450
2024-05-29,35.89,35.75,35.94,35.51,33958
2024-05-30,35.78,35.76,35.92,35.42,29944
2024-05-31,35.76,36.14,36.14,35.55,26418
2024-06-03,36.37,36.24,36.69,35.78,54554
2024-06-04,35.43,33.7,35.6554,34.7,65990
2024-06-05,33.7,33.9,34.2,33.7,46093
2024-06-06,33.99,33.26,34.045,32.97,49832
2024-06-07,33.1,33.65,33.84,33.08,35063
2024-06-10,33.32,33.6,34.01,33.21,29442
2024-06-11,32.41,32.71,32.78,32.0,71548
2024-06-12,33.02,32.73,33.0441,32.59,24552
2024-06-13,31.67,31.3,31.79,31.14,80780
2024-06-14,30.74,30.15,30.835,29.94,137733
2024-06-17,30.32,30.2,30.66,30.11,59744
2024-06-18,30.2,31.12,31.17,30.2,43145
2024-06-20,31.24,31.88,32.4298,31.15,72689
2024-06-21,32.34,32.36,32.47,31.93,50697
2024-06-24,32.6,32.18,32.63,31.82,62315
2024-06-25,31.89,31.42,31.93,31.2844,33385
2024-06-26,31.33,32.11,32.14,31.33,34208
2024-06-27,32.43,31.99,32.43,31.94,17571
2024-06-28,32.17,32.14,32.26,31.852,22888
2024-07-01,31.49,31.2,31.49,30.98,68221
2024-07-02,31.2,31.92,32.04,31.2,35422
2024-07-03,31.99,32.27,32.31,31.79,12811
2024-07-05,31.59,31.17,31.59,31.05,65381
2024-07-08,30.94,30.49,30.94,30.26,79712
2024-07-09,30.3,30.46,30.54,30.05,64712
2024-07-10,30.3,30.68,30.69,30.1,37055
2024-07-11,30.0,30.25,30.3,29.9,112635
2024-07-12,30.02,30.11,30.17,29.73,68146
2024-07-15,29.82,30.48,30.59,29.59,55555
2024-07-16,30.51,30.98,31.0,30.24,33668
2024-07-17,30.9,30.6,31.05,30.51,36336
2024-07-18,30.51,30.03,30.51,29.85,53396
2024-07-19,30.07,30.43,30.49,30.0201,29064
2024-07-22,30.62,32.0,32.105,30.62,67534
2024-07-23,31.87,32.47,32.62,31.49,100631
2024-07-24,32.25,31.52,32.25,31.32,93899
2024-07-25,31.18,31.11,31.32,30.8,80466
2024-07-26,31.25,31.16,31.25,30.83,35147
2024-07-29,31.25,31.78,31.87,31.25,39312
2024-07-30,31.29,31.89,32.1,31.225,56832
2024-07-31,32.15,32.49,32.63,32.05,58421
2024-08-01,32.37,31.63,32.37,31.44,54455
2024-08-02,29.85,29.4,30.18,29.31,166868
2024-08-05,28.0,29.01,29.25,27.75,72782
2024-08-06,28.74,29.4,29.6,28.59,53770
2024-08-07,29.74,29.35,30.16,29.35,55391
2024-08-08,29.56,29.62,29.69,29.21,32766
2024-08-09,30.02,30.47,30.89,29.6146,124871
2024-08-12,30.06,30.49,30.795,29.82,86789
