2023-05-15,25.55,25.45,25.55,25.45,1955
2023-05-16,25.16,25.0,25.16,24.98,110010
2023-05-17,24.91,25.0865,25.0865,24.91,272
2023-05-18,25.06,24.87,25.06,24.785,2108
2023-05-19,24.89,24.895,24.92,24.86,5761
2023-05-22,25.22,25.1818,25.26,25.06,12753
2023-05-23,24.92,24.8129,25.0314,24.8129,744
2023-05-24,24.61,24.54,24.64,24.5019,2021
2023-05-25,24.47,24.3944,24.47,24.3607,2279
2023-05-26,24.8853,24.8551,24.895,24.77,8737
2023-05-30,24.431,24.495,24.495,24.431,2332
2023-05-31,24.25,24.385,24.399,24.12,8675
2023-06-01,24.83,24.77,24.84,24.77,6768
2023-06-02,25.22,25.26,25.335,25.22,2021
2023-06-05,25.17,25.26,25.1998,25.04,3419
2023-06-06,25.48,25.52,25.555,25.48,1281
2023-06-07,25.45,25.2,25.51,25.02,20421
2023-06-08,25.36,25.54,25.54,25.36,877
2023-06-09,25.68,25.7009,25.78,25.57,3984
2023-06-12,25.69,25.54,25.78,25.54,28336
2023-06-13,25.925,25.86,25.925,25.73,10019
2023-06-14,26.03,26.0504,26.06,26.02,10613
2023-06-15,26.295,26.3455,26.48,26.295,1490
2023-06-16,26.35,26.3008,26.35,26.21,7855
2023-06-20,25.7749,25.8001,25.8199,25.65,5191
2023-06-21,25.6717,25.6717,25.6717,25.6717,107
2023-06-22,25.61,25.61,25.61,25.61,441
2023-06-23,24.7982,25.2065,25.2065,24.7982,428
2023-06-26,25.11,25.1937,25.1937,25.11,291
2023-06-27,25.3906,25.535,25.535,25.3906,569
2023-06-28,25.42,25.399,25.42,25.399,185
2023-06-29,25.17,25.2207,25.2207,25.17,5104
2023-06-30,25.3612,25.4141,25.4141,25.3612,542
2023-07-03,25.7039,25.74,25.74,25.7039,880
2023-07-05,25.45,25.52,25.52,25.45,172
2023-07-06,25.0788,25.0021,25.0788,24.96,18088
2023-07-07,25.07,25.3852,25.42,25.07,1290
2023-07-10,25.451,25.451,25.451,25.451,53
2023-07-11,25.59,25.77,25.77,25.56,1963
2023-07-12,26.15,26.24,26.24,26.15,2362
2023-07-13,26.54,26.5886,26.62,26.5003,907
2023-07-14,26.38,26.367,26.38,26.367,316
2023-07-17,26.33,26.445,26.445,26.33,622
2023-07-18,26.2955,26.2955,26.2955,26.2955,93
2023-07-19,26.2899,26.2899,26.2899,26.2899,123
2023-07-20,26.15,26.105,26.15,26.04,948
2023-07-21,25.95,25.9643,25.9643,25.95,241
2023-07-24,26.36,26.25,26.36,26.191,2263
2023-07-25,26.4154,26.3242,26.4154,26.28,961
2023-07-26,26.6357,26.6357,26.6357,26.6357,1
2023-07-27,26.64,26.3221,26.66,26.2843,2640
2023-07-28,26.865,27.0005,27.0005,26.81,796
2023-07-31,27.02,27.0818,27.1,27.02,4834
2023-08-01,26.87,26.7335,26.87,26.71,3600
2023-08-02,26.18,26.0825,26.249,26.0,1606
2023-08-03,26.09,26.2106,26.2599,26.09,738
2023-08-04,26.44,26.27,26.44,26.27,1635
2023-08-07,26.36,26.215,26.59,26.15,22419
2023-08-08,25.785,25.89,25.89,25.74,5963
2023-08-09,26.1,25.97,26.1,25.91,1993
2023-08-10,26.25,26.13,26.27,26.02,4992
2023-08-11,25.8,25.78,25.8,25.73,536
2023-08-14,25.63,25.608,25.66,25.59,1183
2023-08-15,25.49,25.28,25.49,25.24,2229
2023-08-16,25.21,25.05,25.21,24.9671,3365
2023-08-17,25.44,25.09,25.44,25.08,3063
2023-08-18,24.87,24.9194,25.0,24.87,1259
2023-08-21,24.88,24.959,24.959,24.87,510
2023-08-22,25.0,24.9383,25.0,24.9383,279
2023-08-23,25.39,25.4301,25.49,25.37,2193
2023-08-24,25.3,25.211,25.312,25.211,1634
2023-08-25,25.2,25.2293,25.27,25.19,1430
2023-08-28,25.46,25.4886,25.4886,25.455,1463
2023-08-29,25.8026,25.8026,25.8026,25.8026,806
2023-08-30,25.81,25.8507,25.8507,25.81,419
2023-08-31,25.61,25.47,25.63,25.47,3297
2023-09-01,25.82,25.8883,25.8883,25.82,1247
2023-09-05,25.47,25.5525,25.5525,25.47,709
2023-09-06,25.3,25.3781,25.3781,25.3,1226
2023-09-07,25.19,25.0002,25.19,24.9714,733
2023-09-08,25.11,25.1201,25.195,25.09,5734
2023-09-11,25.35,25.2978,25.35,25.25,3044
2023-09-12,25.26,25.328,25.405,25.18,4881
2023-09-13,25.24,25.1959,25.24,25.1959,176
2023-09-14,25.45,25.3459,25.45,25.3459,2386
2023-09-15,22.95,25.1701,25.22,22.76,510
2023-09-18,25.06,25.095,25.095,25.05,1605
2023-09-19,24.8998,24.8998,24.8998,24.8998,56
2023-09-20,24.9,24.7264,24.9,24.7264,334
2023-09-21,24.46,24.3136,24.46,24.305,1627
2023-09-22,24.73,24.5,24.73,24.5,1788
2023-09-25,24.4,24.4393,24.4393,24.4,465
2023-09-26,24.16,24.117,24.23,24.117,776
2023-09-27,24.2,24.2001,24.2001,24.19,853
2023-09-28,24.17,24.224,24.224,24.17,807
2023-09-29,24.4196,24.4196,24.4196,24.4196,11
2023-10-02,24.3021,24.2839,24.31,24.25,654
2023-10-03,24.1,23.82,24.1,23.82,2383
2023-10-04,23.89,23.9099,23.92,23.89,1185
2023-10-05,23.88,23.9802,24.03,23.88,1091
2023-10-06,24.04,24.3061,24.3061,24.04,365
2023-10-09,24.0301,24.0901,24.0901,24.0301,193
2023-10-10,24.4473,24.4762,24.4762,24.41,1738
2023-10-11,24.7156,24.734,24.74,24.7156,1072
2023-10-12,24.6599,24.4769,24.66,24.4769,900
2023-10-13,24.4118,24.3501,24.555,24.3501,1472
2023-10-16,24.4966,24.4787,24.4966,24.4787,869
2023-10-17,24.42,24.44,24.66,24.4,6611
2023-10-18,24.14,24.0247,24.14,24.0247,275
2023-10-19,24.03,23.8999,24.03,23.8999,1177
2023-10-20,23.602,23.602,23.602,23.602,73
2023-10-23,23.68,23.6735,23.89,23.62,4259
2023-10-24,23.83,23.9449,23.9449,23.83,1070
2023-10-25,23.546,23.5649,23.71,23.51,8066
2023-10-26,23.442,23.3962,23.442,23.34,525
2023-10-27,23.55,23.438,23.55,23.438,9863
2023-10-30,23.78,23.5874,23.78,23.5874,323
2023-10-31,23.41,23.4719,23.4719,23.41,289
2023-11-01,23.4865,23.6243,23.6243,23.4865,1176
2023-11-02,23.88,24.0196,24.1,23.88,3489
2023-11-03,24.3,24.4837,24.4837,24.3,1470
2023-11-06,24.83,24.6701,24.83,24.58,7113
2023-11-07,24.73,24.6407,24.92,24.62,3611
2023-11-08,24.53,24.5849,24.5849,24.53,409
2023-11-09,24.49,24.3005,24.49,24.16,871
2023-11-10,24.42,24.5209,24.64,24.32,5296
2023-11-13,24.4819,24.4509,24.4819,24.36,2325
2023-11-14,24.75,24.9956,24.9956,24.75,620
2023-11-15,25.3,25.1858,25.345,25.18,3542
2023-11-16,24.99,24.8676,24.99,24.82,1867
2023-11-17,24.84,24.9863,25.005,24.84,3222
2023-11-20,25.2207,25.26,25.26,25.22,1640
2023-11-21,25.1,25.0,25.1,24.89,1447
2023-11-22,25.0,24.98,25.0,24.97,1559
2023-11-24,24.98,24.9864,24.9864,24.98,203
2023-11-27,24.8629,24.8899,24.8899,24.83,1587
2023-11-28,24.99,25.04,25.075,24.99,1147
2023-11-29,24.98,24.9,24.98,24.85,625
2023-11-30,24.87,24.97,24.97,24.87,554
2023-12-01,24.99,25.0175,25.0175,24.95,754
2023-12-04,24.92,24.79,24.92,24.69,2100
2023-12-05,24.58,24.6258,24.6258,24.5308,3335
2023-12-06,24.76,24.64,24.7701,24.6106,2141
2023-12-07,24.67,24.78,24.84,24.67,379
2023-12-08,24.72,24.76,24.82,24.62,2741
2023-12-11,24.8686,24.9595,24.9595,24.8686,348
2023-12-12,24.92,24.9701,24.9701,24.92,113
2023-12-13,24.9716,25.2868,25.2868,24.82,2228
2023-12-14,25.6119,25.6193,25.6193,25.55,1092
2023-12-15,25.52,25.5487,25.63,25.52,3872
2023-12-18,25.4753,25.54,25.54,25.4753,1131
2023-12-19,25.7396,25.7628,25.77,25.6803,2565
2023-12-20,25.581,25.352,25.644,25.352,6704
2023-12-21,25.71,25.8133,25.8133,25.67,2699
2023-12-22,25.749,25.7103,25.7541,25.66,3884
2023-12-26,25.91,25.9462,25.9462,25.91,217
2023-12-27,26.11,25.857872,26.11,25.99,1763
2023-12-28,26.15,26.0319,26.34,26.0319,11685
2023-12-29,26.11,26.14,26.19,25.98,4831
2024-01-02,25.9217,25.8037,25.9217,25.8037,580
2024-01-03,25.58,25.6529,25.72,25.58,1798
2024-01-04,25.6754,25.5948,25.72,25.5948,1362
2024-01-05,25.6549,25.6549,25.6549,25.6549,130
2024-01-08,25.51,25.87,25.87,25.51,553
2024-01-09,25.56,25.56,25.56,25.56,220
2024-01-10,25.525,25.504,25.525,25.49,1325
2024-01-11,25.6,25.6838,25.6838,25.56,1241
2024-01-12,25.68,25.7348,25.7348,25.68,407
2024-01-16,25.29,25.1419,25.3199,25.1419,2420
2024-01-17,24.67,24.78,24.81,24.64,2706
2024-01-18,25.09,25.18,25.22,25.04,2003
2024-01-19,25.19,25.4701,25.4701,25.19,1529
2024-01-22,25.39,25.32,25.39,25.29,992
2024-01-23,25.4272,25.4499,25.4499,25.4272,294
2024-01-24,25.73,25.674,25.73,25.674,263
2024-01-25,25.75,25.6452,25.75,25.63,1647
2024-01-26,25.6,25.6,25.64,25.6,525
2024-01-29,25.65,25.59,25.65,25.45,3885
2024-01-30,25.45,25.46,25.46,25.36,5148
2024-01-31,25.37,25.2844,25.58,25.2844,2613
2024-02-01,25.47,25.6152,25.6152,25.47,2826
2024-02-02,25.5233,25.6332,25.6332,25.5233,1117
2024-02-05,25.55,25.74,25.74,25.55,717
2024-02-06,25.97,26.1831,26.1831,25.97,532
2024-02-07,25.98,26.226,26.23,25.98,621
2024-02-08,26.06,26.1315,26.1407,26.06,1612
2024-02-09,26.18,26.3378,26.3378,26.18,866
2024-02-12,26.4371,26.4371,26.4371,26.4371,29
2024-02-13,26.03,25.9506,26.03,25.94,76033
2024-02-14,26.25,26.3704,26.41,26.25,1517
2024-02-15,26.409,26.4926,26.53,26.409,764
2024-02-16,26.485,26.4818,26.62,26.4818,2432
2024-02-20,26.52,26.4948,26.52,26.42,3543
2024-02-21,26.37,26.451,26.49,26.33,2575
2024-02-22,26.68,26.75,26.88,26.68,1664
2024-02-23,26.75,26.7793,26.85,26.75,1546
2024-02-26,26.665,26.6,26.71,26.6,1938
2024-02-27,26.69,26.7361,26.79,26.69,1868
2024-02-28,26.483,26.4462,26.483,26.3701,946
2024-02-29,26.52,26.5195,26.54,26.46,1402
2024-03-01,26.71,26.93,27.055,26.71,3000
2024-03-04,26.96,26.9915,26.9915,26.93,2833
2024-03-05,26.83,26.7642,26.85,26.68,4296
2024-03-06,27.0,26.9964,27.07,26.99,6010
2024-03-07,27.04,27.28,27.33,27.0,2337
2024-03-08,27.36,27.1565,27.36,27.14,2118
2024-03-11,27.06,27.0914,27.18,27.06,3139
2024-03-12,27.19,27.3408,27.36,27.19,2818
2024-03-13,27.24,27.1423,27.24,27.075,5355
2024-03-14,27.11,26.9,27.11,26.82,4626
2024-03-15,26.79,26.7602,26.88,26.73,1091
2024-03-18,26.855,26.8608,26.94,26.855,1215
2024-03-19,26.5608,26.6933,26.74,26.5608,1212
2024-03-20,26.89,27.1118,27.1118,26.89,5925
2024-03-21,27.21,27.2441,27.31,27.21,758
2024-03-22,27.1095,27.085,27.19,27.08,1972
2024-03-25,27.185,27.164,27.23,27.13,1043
2024-03-26,27.1,27.05,27.44,27.05,4762
2024-03-27,27.235,27.2465,27.31,27.235,3699
2024-03-28,27.35,27.3545,27.45,27.35,2566
2024-04-01,27.63,27.6,27.665,27.4988,2151
2024-04-02,27.615,27.6097,27.7,27.5317,12173
2024-04-03,27.58,27.6843,27.7512,27.58,1477
2024-04-04,27.995,27.6241,28.0,27.6241,876
2024-04-05,27.66,27.7402,27.76,27.66,2804
2024-04-08,27.92,27.845,27.92,27.8,1044
2024-04-09,27.83,27.8399,27.86,27.75,1747
2024-04-10,27.49,27.4201,27.49,27.375,3018
2024-04-11,27.54,27.622,27.68,27.5399,1880
2024-04-12,27.0,26.966,27.06,26.96,1173
2024-04-15,27.0,26.635,27.0,26.635,965
2024-04-16,26.36,26.3419,26.4099,26.21,7074
2024-04-17,26.52,26.3086,26.52,26.27,2401
2024-04-18,26.2312,26.2302,26.26,26.205,1607
2024-04-19,26.0925,26.0278,26.0925,25.95,515
2024-04-22,25.86,26.0803,26.19,25.86,2993
2024-04-23,26.03,26.3386,26.3386,25.94,1597
2024-04-24,26.44,26.4048,26.44,26.33,1495
2024-04-25,26.03,26.4466,26.4466,26.03,2389
2024-04-26,26.64,26.7224,26.7224,26.64,1058
2024-04-29,26.81,26.861,26.9197,26.75,5696
2024-04-30,26.805,26.5739,26.805,26.5739,1175
2024-05-01,26.61,26.5597,26.65,26.5597,14609
2024-05-02,26.78,26.8745,26.94,26.58,5112
2024-05-03,27.12,27.1704,27.1704,27.12,879
2024-05-06,27.21,27.1779,27.21,27.175,404
2024-05-07,27.005,26.9761,27.005,26.975,318
2024-05-08,27.03,27.085,27.085,26.98,5014
2024-05-09,26.7,26.8653,26.8653,26.64,6910
2024-05-10,26.91,26.865,26.94,26.81,2752
2024-05-13,27.06,26.99,27.06,26.85,1040
2024-05-14,27.18,27.2923,27.3,27.0825,6334
2024-05-15,27.5799,27.6659,27.69,27.54,4058
2024-05-16,27.67,27.5737,27.88,27.5213,1620
2024-05-17,27.68,27.725,27.79,27.66,6150
2024-05-20,27.6301,27.6821,27.71,27.6301,4202
2024-05-21,27.62,27.5849,27.62,27.51,6654
2024-05-22,27.6003,27.459,27.63,27.39,6480
2024-05-23,27.81,27.4643,27.81,27.4643,475
2024-05-24,27.68,27.6751,27.695,27.62,1417
2024-05-28,27.76,27.6772,27.76,27.62,1561
2024-05-29,27.35,27.215,27.35,27.18,1567
2024-05-30,27.1808,27.1783,27.29,27.17,3299
2024-05-31,26.81,26.8888,26.8888,26.745,2020
2024-06-03,27.2707,27.3642,27.3642,27.2707,647
2024-06-04,26.78,26.6759,26.78,26.675,1407
2024-06-05,27.19,27.3463,27.3463,27.16,10257
2024-06-06,27.53,27.555,27.6,27.52,9204
2024-06-07,27.54,27.3626,27.54,27.3626,692
2024-06-10,27.55,27.603,27.603,27.53,1744
2024-06-11,27.4,27.5172,27.5599,27.37,3776
2024-06-12,27.97,27.9445,28.0591,27.9445,5345
2024-06-13,28.06,27.8609,28.06,27.76,4292
2024-06-14,27.915,28.0343,28.0431,27.915,141164
2024-06-17,28.19,28.275,28.288,28.02,1520
2024-06-18,28.6068,28.6145,28.65,28.56,2439
2024-06-20,28.725,28.6459,28.75,28.51,5198
2024-06-21,28.4306,28.5005,28.55,28.4306,2201
2024-06-24,28.4,28.2806,28.56,28.28,2380
2024-06-25,28.33,28.3325,28.38,28.2001,3108
2024-06-26,28.35,28.263608,28.35,28.27,3757
2024-06-27,28.33,28.389,28.67,28.33,8117
2024-06-28,28.65,28.5039,28.71,28.5039,4753
2024-07-01,28.48,28.4292,28.5098,28.405,5560
2024-07-02,28.26,28.515,28.515,28.26,1262
2024-07-03,28.69,28.8318,28.8318,28.66,2389
2024-07-05,28.99,29.1489,29.1999,28.99,2888
2024-07-08,29.43,29.2145,29.43,29.15,22518
2024-07-09,29.51,29.3798,29.51,29.31,3122
2024-07-10,29.68,29.6789,29.69,29.52,2215
2024-07-11,29.94,29.59,29.94,29.5018,3604
2024-07-12,29.49,29.627,29.93,29.49,15694
2024-07-15,29.44,29.3497,29.56,29.3277,1349
2024-07-16,29.5499,29.67,29.7,28.86,16770
2024-07-17,28.98,28.7773,28.99,28.73,7396
2024-07-18,28.71,28.3402,28.71,28.33,1637
2024-07-19,28.25,28.0775,28.26,28.02,4603
2024-07-22,28.19,28.3324,28.34,28.19,3109
2024-07-23,28.2043,28.1651,28.2461,28.1651,1144
2024-07-24,27.867,27.715,27.867,27.68,1581
2024-07-25,27.44,27.5863,27.7526,27.44,1849
2024-07-26,27.98,27.9163,27.9999,27.8501,2520
2024-07-29,27.84,27.7817,27.84,27.7286,1051
2024-07-30,27.78,27.55,27.78,27.47,2863
2024-07-31,28.16,28.3814,28.4,28.16,1754
2024-08-01,28.06,27.6751,28.14,27.52,5199
2024-08-02,26.97,27.0517,27.0899,26.84,2840
2024-08-05,25.89,26.0554,26.14,25.87,5755
2024-08-06,26.06,26.2392,26.435,26.06,3781
2024-08-07,27.04,26.5667,27.04,26.5667,1766
2024-08-08,27.1404,27.2471,27.31,27.1404,1613
2024-08-09,27.49,27.4596,27.5399,27.38,592
2024-08-12,27.6238,27.5604,27.635,27.5604,898
