2016-10-11,21252.0,20916.0,23478.0,20454.0,27
2016-10-12,21042.0,23016.0,23016.0,21000.0,29
2016-10-13,23310.0,21630.0,23520.0,21504.0,10
2016-10-14,22428.0,22092.0,22469.58,21046.2,18
2016-10-17,22134.0,21042.0,22428.0,21000.0,28
2016-10-18,21420.0,20874.0,21588.0,16716.0,11
2016-10-19,21000.0,20790.0,21178.5,20370.0,8
2016-10-20,20580.0,21000.0,21000.0,20580.0,3
2016-10-21,20968.5,20916.0,21000.0,20790.0,4
2016-10-24,20842.92,21000.0,21210.0,20792.1,1
2016-10-25,20832.0,20916.0,20947.5,20790.0,1
2016-10-26,20999.58,21000.0,21180.6,20999.58,3
2016-10-27,21336.0,21000.0,21357.0,21000.0,0
2016-10-28,21378.0,20790.0,21378.0,20790.0,1
2016-10-31,20454.0,21294.0,21294.0,20370.0,0
2016-11-01,21126.0,21156.66,21156.66,21126.0,0
2016-11-02,20370.0,20999.58,20999.58,19938.24,0
2016-11-03,NaN,20999.58,NaN,NaN,0
2016-11-04,20580.0,19950.0,20580.0,19950.0,0
2016-11-07,20505.24,20505.24,20505.24,20505.24,0
2016-11-08,20874.0,20874.0,20953.8,20874.0,0
2016-11-09,19950.0,19950.0,19992.0,19950.0,0
2016-11-10,19513.2,19908.0,20915.58,18900.0,1
2016-11-11,20370.0,19076.4,20370.0,19076.4,0
2016-11-14,18928.56,19446.0,19926.9,18900.0,4
2016-11-15,19740.0,19446.0,19740.0,18900.0,2
2016-11-16,19740.0,19425.0,20513.64,18900.0,4
2016-11-17,20160.0,19530.0,20897.1,19530.0,1
2016-11-18,19530.0,19656.0,19656.0,18900.0,3
2016-11-21,19488.0,18060.0,19488.0,16506.0,9
2016-11-22,19194.0,18018.0,20580.0,16800.0,8
2016-11-23,17724.0,17430.0,17766.0,16800.0,2
2016-11-25,17514.0,18732.0,18732.0,17505.6,3
2016-11-28,18530.4,17220.0,19992.0,17016.3,4
2016-11-29,17850.0,16842.0,17850.0,16842.0,1
2016-11-30,17220.0,17640.0,17640.0,16800.0,2
2016-12-01,18438.0,17199.0,18480.0,17010.0,2
2016-12-02,17262.0,17262.0,17262.0,17262.0,0
2016-12-05,17010.0,17850.0,18480.0,16800.0,4
2016-12-06,18480.0,18291.0,20580.0,18060.0,7
2016-12-07,18872.28,18601.8,18872.28,18480.0,0
2016-12-08,19152.0,19278.0,19446.0,17346.0,11
2016-12-09,20034.0,19110.0,20370.0,17976.0,4
2016-12-12,18984.0,18900.0,20370.0,17598.0,8
2016-12-13,19656.0,18984.0,19866.0,18186.0,6
2016-12-14,19110.0,18942.0,19320.0,18774.0,0
2016-12-15,19026.0,18480.0,19110.0,17724.0,1
2016-12-16,17430.0,16632.0,17766.0,16632.0,7
2016-12-19,17724.0,16926.0,17724.0,16884.0,0
2016-12-20,17220.0,16800.0,17220.0,16800.0,1
2016-12-21,17220.0,17607.66,20699.7,16907.52,8
2016-12-22,18228.0,17850.0,18690.0,17010.0,2
2016-12-23,17304.0,17178.0,17819.76,17010.0,1
2016-12-27,17178.0,17010.0,17178.0,16800.0,1
2016-12-28,16884.0,16968.0,18356.1,16800.0,1
2016-12-29,18900.0,18270.0,18900.0,16968.0,2
2016-12-30,18270.0,19908.0,20250.72,18270.0,1
2017-01-03,18606.0,17850.0,19299.0,17850.0,1
2017-01-04,17346.0,17850.0,17934.0,17178.0,3
2017-01-05,18690.0,19530.0,20832.0,17850.0,5
2017-01-06,19950.0,19740.0,19950.0,19634.16,1
2017-01-09,21000.0,20844.6,21000.0,20370.0,1
2017-01-10,20958.0,20958.0,20958.0,20370.0,1
2017-01-11,20855.94,19782.0,20855.94,19782.0,0
2017-01-12,19782.0,18480.0,20197.8,17850.0,2
2017-01-13,19614.0,19446.0,19614.0,18606.0,0
2017-01-17,18432.12,18270.0,18900.0,18186.0,4
2017-01-18,18270.0,18144.0,19385.52,18144.0,0
2017-01-19,18291.0,18144.0,19054.98,18144.0,0
2017-01-20,18900.0,19152.0,19656.0,18774.0,0
2017-01-23,20916.0,18270.0,20916.0,18144.0,0
2017-01-24,18106.2,18283.02,18283.02,18106.2,0
2017-01-25,18690.0,18690.0,18690.0,18690.0,0
2017-01-26,18774.0,19530.0,19530.0,18774.0,0
2017-01-27,20580.0,19950.0,20916.0,19370.4,3
2017-01-30,20622.0,18900.0,20622.0,18900.0,2
2017-01-31,18900.0,18396.0,18900.0,18396.0,0
2017-02-01,18826.5,18826.5,18826.5,18826.5,0
2017-02-02,18857.58,18647.58,18857.58,18612.72,0
2017-02-03,18858.0,18816.0,19110.0,18564.0,1
2017-02-06,19152.0,17850.0,19278.0,17850.0,5
2017-02-07,17850.0,16800.0,17850.0,16800.0,3
2017-02-08,16800.0,16800.0,17220.0,16800.0,1
2017-02-09,17010.0,16999.92,17010.0,16999.92,0
2017-02-10,17010.0,17010.0,17010.0,17010.0,0
2017-02-14,17052.0,17790.78,17790.78,17010.42,1
2017-02-15,17766.0,17178.0,17916.78,16800.0,3
2017-02-16,17220.0,17220.0,17220.0,17220.0,0
2017-02-17,17010.0,17388.0,17529.12,17010.0,0
2017-02-21,17388.0,17388.0,17472.0,16800.0,3
2017-02-22,17262.0,16842.0,17262.0,16842.0,1
2017-02-23,17108.7,16968.0,17346.0,16930.62,1
2017-02-24,16842.0,17598.0,18060.0,16842.0,15
2017-02-27,17472.0,18018.0,18900.0,17472.0,15
2017-02-28,17822.7,17430.0,18018.0,17346.0,4
2017-03-01,17509.8,17304.0,17535.0,16926.0,3
2017-03-02,17430.0,17136.0,18060.0,16968.0,5
2017-03-03,17215.8,17136.0,17215.8,16884.0,2
2017-03-06,16926.0,17388.0,18060.0,16926.0,8
2017-03-07,17388.0,17514.0,18060.0,17010.42,7
2017-03-08,17430.0,17304.0,17682.0,17088.12,4
2017-03-09,17220.0,16842.0,17467.8,16842.0,5
2017-03-10,17178.0,17178.0,17178.0,17178.0,0
2017-03-13,17136.0,17165.4,17220.0,16800.0,6
2017-03-14,16968.0,15624.0,16968.0,15053.64,2
2017-03-15,16170.0,16212.0,16380.0,15708.42,2
2017-03-16,16253.16,16002.0,16253.16,15708.0,3
2017-03-17,15708.0,15865.08,15918.0,15624.0,5
2017-03-20,16296.0,15918.0,16338.0,15802.5,0
2017-03-21,15750.0,15288.0,15750.0,15288.0,1
2017-03-22,14804.58,15120.0,15120.0,14448.0,2
2017-03-23,14784.0,14980.14,14980.14,14700.0,2
2017-03-24,14826.0,15246.0,15372.0,14826.0,2
2017-03-27,15767.64,15960.0,15960.0,15330.0,2
2017-03-28,15918.0,16842.0,18018.0,15894.06,7
2017-03-29,17178.0,16380.0,17178.0,16044.0,2
2017-03-31,15624.0,16207.8,16758.0,15540.0,3
2017-04-03,16196.04,15825.6,16196.04,15624.0,1
2017-04-04,17136.0,16674.0,17136.0,15960.0,2
2017-04-05,16254.0,16716.0,17556.0,15991.5,3
2017-04-06,16800.0,16590.0,16800.0,16212.0,1
2017-04-07,15750.0,16571.94,16590.0,15540.0,2
2017-04-10,16968.0,16170.0,16968.0,15582.0,4
2017-04-11,16800.0,16687.02,17352.72,16293.06,3
2017-04-12,16800.0,16884.0,17640.0,15330.0,5
2017-04-13,16968.0,15666.0,16968.0,14490.0,22
2017-04-17,16380.0,17220.0,17640.0,15750.0,14
2017-04-18,16968.0,16800.0,17346.0,16758.0,6
2017-04-19,16758.0,16800.0,17190.6,16422.0,3
2017-04-20,16884.0,16674.0,16884.0,16506.0,1
2017-04-21,16548.0,16800.0,16800.0,15540.0,5
2017-04-24,16758.0,16128.0,16800.0,15880.2,8
2017-04-25,16128.0,14742.0,16128.0,14585.76,22
2017-04-26,14742.0,14910.0,15933.12,14658.0,4
2017-04-27,14910.0,14742.0,14994.0,14658.42,5
2017-04-28,14910.0,16380.0,16799.58,14154.0,10
2017-05-01,16422.0,15120.0,16422.0,14868.0,7
2017-05-02,14910.0,16380.0,16799.58,14700.0,19
2017-05-03,16212.0,15750.0,16800.0,14784.0,5
2017-05-04,16758.0,15036.0,16758.0,14868.0,3
2017-05-05,15750.0,14826.0,15750.0,14826.0,1
2017-05-08,15036.0,15498.0,16002.0,15036.0,3
2017-05-09,15498.0,15498.0,16300.62,15456.0,1
2017-05-10,15918.0,14364.0,16023.0,13650.0,9
2017-05-11,14826.0,14364.0,15261.96,14280.0,5
2017-05-12,14364.0,14826.0,14826.0,14196.0,12
2017-05-15,14910.0,15246.0,15246.0,14280.0,2
2017-05-16,14700.42,15330.0,15529.5,14658.0,4
2017-05-17,15120.0,14553.0,15247.68,14280.0,6
2017-05-18,14658.0,14616.0,14700.0,14616.0,0
2017-05-19,14952.0,15120.0,15120.0,14616.0,1
2017-05-22,14975.1,15246.0,15246.0,14532.0,4
2017-05-23,14952.0,15078.0,15099.0,14910.0,1
2017-05-24,15306.9,15414.0,16127.58,15078.0,2
2017-05-25,15540.0,15750.0,15750.0,15414.0,8
2017-05-26,15624.0,15708.0,15708.0,15456.42,3
2017-05-30,15792.0,15540.0,15792.0,15204.0,5
2017-05-31,15886.08,14742.0,15886.08,14700.0,5
2017-06-01,14784.0,15036.0,15330.0,14700.0,8
2017-06-02,15540.0,15834.0,15918.0,15036.0,5
2017-06-05,15833.58,15624.0,15876.0,14700.0,7
2017-06-06,15204.0,15372.0,15498.0,14616.0,8
2017-06-07,15146.46,15204.0,16170.0,15120.0,4
2017-06-08,15414.0,16968.0,16968.0,14910.0,8
2017-06-09,16716.0,16758.0,17010.0,16128.0,10
2017-06-12,16380.0,15834.0,16842.0,15750.0,3
2017-06-13,15834.0,15918.0,16170.0,14910.0,9
2017-06-14,15666.0,15204.0,16044.0,15120.0,6
2017-06-15,14910.42,15204.0,15498.0,14910.0,2
2017-06-16,15414.0,14532.0,15624.0,14532.0,6
2017-06-19,14700.0,14910.0,15051.96,13650.0,2
2017-06-20,14742.0,14868.0,14952.0,14700.0,2
2017-06-21,14742.0,15162.0,15288.0,14702.1,3
2017-06-22,14910.0,15036.0,15245.58,14700.0,6
2017-06-23,15120.0,16380.0,16380.0,14700.0,10
2017-06-26,15918.0,15918.0,16758.0,15577.8,3
2017-06-27,15162.0,16800.0,17178.0,15120.0,12
2017-06-28,16968.0,16926.0,17361.96,16464.0,13
2017-06-29,16716.0,16632.0,17136.0,15750.0,0
2017-06-30,16590.0,16884.0,16884.0,16590.0,4
2017-07-03,16968.0,16464.0,16968.0,16044.42,0
2017-07-05,15904.98,16128.0,16632.0,15750.0,5
2017-07-06,16254.0,15960.0,16799.58,15597.96,22
2017-07-07,16376.64,15456.0,16758.0,15456.0,9
2017-07-10,15498.0,15204.0,16590.0,15162.0,7
2017-07-11,15498.0,14574.0,16170.0,14574.0,7
2017-07-12,14700.0,14952.0,15666.0,14448.0,4
2017-07-13,15582.0,14700.0,15666.0,14406.0,4
2017-07-14,14616.0,15204.0,15456.0,14490.0,3
2017-07-17,15120.0,14868.0,15624.0,14322.0,10
2017-07-18,14868.0,13734.0,15078.0,13734.0,11
2017-07-19,14280.0,13650.0,14280.0,12894.0,9
2017-07-20,13817.58,14448.0,14616.0,13553.82,4
2017-07-21,14280.0,15960.0,16758.0,14280.0,6
2017-07-24,16170.0,17262.0,18480.0,15960.0,24
2017-07-25,18354.0,19320.0,19950.0,17288.04,17
2017-07-26,19488.0,20412.0,20580.0,19488.0,10
2017-07-27,20219.64,19110.0,20389.74,18144.0,10
2017-07-28,19110.0,17976.0,20034.0,17850.0,6
2017-07-31,17556.0,18438.0,19320.0,17178.0,6
2017-08-01,18816.0,18732.0,19277.58,17094.0,9
2017-08-02,19068.0,18648.0,19068.0,17178.0,7
2017-08-03,17682.0,17472.0,18858.0,17388.0,8
2017-08-04,18102.0,17850.0,18816.0,17304.0,5
2017-08-07,17220.0,17892.0,18815.58,17220.0,4
2017-08-08,18186.0,18270.0,18417.0,17304.0,5
2017-08-09,18228.0,17598.0,18228.0,17304.0,3
2017-08-10,17556.0,16506.0,17556.0,16422.0,1
2017-08-11,15750.0,16212.0,16800.0,15498.0,5
2017-08-14,15146.88,15960.0,16800.0,15146.88,7
2017-08-15,16170.0,15960.0,16800.0,15078.0,7
2017-08-16,16883.58,15792.0,16883.58,15414.0,5
2017-08-17,15918.0,16044.0,16590.0,15204.0,5
2017-08-18,15960.0,15582.0,16716.0,14280.0,17
2017-08-21,15750.0,15582.0,16464.0,15330.0,8
2017-08-22,16002.0,15414.0,16380.0,15126.3,5
2017-08-23,15540.0,15120.0,15918.0,14826.0,9
2017-08-24,14935.2,16254.0,16296.0,14826.0,15
2017-08-25,15834.0,14952.0,16800.0,14490.0,27
2017-08-28,15120.0,14070.0,15288.0,14070.0,10
2017-08-29,14070.0,15330.0,15540.0,13692.0,14
2017-08-30,15330.0,15876.0,16128.0,14700.0,2
2017-08-31,15792.0,15540.0,16380.0,15120.0,7
2017-09-01,15540.0,16086.0,16086.0,15540.0,0
2017-09-05,16380.0,17010.0,17388.0,16128.0,8
2017-09-06,16758.0,18816.0,18816.0,16758.0,23
2017-09-07,18774.0,18858.0,18900.0,17094.0,22
2017-09-08,18396.0,18690.0,19236.0,17763.9,16
2017-09-11,18900.0,19887.0,19950.0,18900.0,19
2017-09-12,19786.2,19950.0,19950.0,19530.42,6
2017-09-13,19656.0,19908.0,19950.0,18816.0,9
2017-09-14,19950.0,19614.0,20160.0,19320.0,14
2017-09-15,19530.0,17934.0,20328.0,17934.0,13
2017-09-18,18144.0,18060.0,18774.0,17472.0,8
2017-09-19,17850.0,18270.0,18564.0,17220.0,9
2017-09-20,18270.0,20160.0,20160.0,17304.42,16
2017-09-21,20160.0,18774.0,20160.0,17724.0,11
2017-09-22,17808.0,19026.0,19516.14,17598.0,8
2017-09-25,19152.0,18438.0,19152.0,17970.12,10
2017-09-26,18858.0,18144.0,19740.0,17682.42,23
2017-09-27,20160.0,18900.0,22050.0,18270.0,114
2017-09-28,19320.0,17850.0,19320.0,16842.0,37
2017-09-29,17850.0,16758.0,18144.0,16212.0,23
2017-10-02,16548.0,15918.0,16716.0,14742.0,26
2017-10-03,16128.0,15498.0,16128.0,15204.0,12
2017-10-04,15666.0,15162.0,15763.44,14868.0,10
2017-10-05,15330.0,15162.0,16506.0,14700.0,10
2017-10-06,15120.0,15078.0,16170.0,14742.0,14
2017-10-09,15288.0,14994.0,15330.0,14868.0,11
2017-10-10,14952.0,15036.0,15498.0,14868.0,9
2017-10-11,15120.0,15380.4,15666.0,15120.0,10
2017-10-12,15288.0,14112.0,15552.6,13860.0,15
2017-10-13,14112.0,14280.0,14616.0,12870.06,33
2017-10-16,14154.0,13440.0,14154.0,12768.0,24
2017-10-17,13482.0,13776.0,14154.0,13440.0,7
2017-10-18,13734.0,13692.0,14154.0,13440.0,5
2017-10-19,13608.0,14322.0,14364.0,13444.2,11
2017-10-20,15120.0,14742.0,15120.0,13902.84,9
2017-10-23,14868.0,13860.0,14868.0,13692.42,7
2017-10-24,14196.0,13818.0,14737.8,13692.42,3
2017-10-25,13902.0,13692.0,13969.2,13650.0,3
2017-10-26,13682.34,13398.0,13902.0,13272.0,12
2017-10-27,13398.0,13440.0,13733.58,13272.0,4
2017-10-30,13524.0,13146.0,13524.0,12810.0,8
2017-10-31,13146.0,13272.0,13440.0,11764.2,14
2017-11-01,13020.42,12768.0,13196.4,11970.0,4
2017-11-02,12810.0,12558.0,12810.0,12264.0,2
2017-11-03,12642.0,12600.0,13125.0,12390.0,3
2017-11-06,12810.0,12684.0,12810.0,12474.0,1
2017-11-07,12642.0,12936.0,13608.0,12600.0,9
2017-11-08,12768.0,12600.0,13650.0,12600.0,9
2017-11-09,12768.0,12642.0,12852.0,12390.0,4
2017-11-10,12768.0,12516.0,12810.0,12222.0,1
2017-11-13,12642.0,11802.0,12642.0,10920.0,20
2017-11-14,11330.34,11424.0,11466.0,11172.0,5
2017-11-15,11340.0,10962.0,11340.0,10080.0,20
2017-11-16,10962.0,12180.0,13020.0,10920.0,21
2017-11-17,12978.0,12222.0,12978.0,10962.0,22
2017-11-20,12222.0,12767.58,13020.0,11001.48,9
2017-11-21,12810.0,12516.0,13271.58,11760.0,16
2017-11-22,12187.14,12012.0,12600.0,12012.0,5
2017-11-24,11970.0,12474.0,12502.56,11970.0,3
2017-11-27,12600.0,12054.0,12600.0,12054.0,0
2017-11-28,12306.0,13440.0,13440.0,12226.2,5
2017-11-29,13314.0,13062.0,13482.0,12768.0,5
2017-11-30,13356.0,13566.0,13860.0,12936.0,17
2017-12-01,13482.0,14028.0,14322.0,13220.76,7
2017-12-04,13482.0,13608.0,13818.0,13146.0,1
2017-12-05,13608.0,14028.0,14112.0,13062.0,7
2017-12-06,13482.0,12894.0,13604.22,12264.0,9
2017-12-07,12726.0,12642.0,13083.0,12264.0,5
2017-12-08,12852.0,13146.0,13146.0,12097.68,5
2017-12-11,12936.0,12516.0,12936.0,12516.0,0
2017-12-12,12810.0,12306.0,12810.0,12180.0,1
2017-12-13,12642.0,12222.0,12726.0,12096.42,2
2017-12-14,12264.0,12369.0,12600.0,12156.48,3
2017-12-15,12600.0,12096.0,12642.0,12096.0,3
2017-12-18,12222.0,12096.0,12600.0,12096.0,4
2017-12-19,12454.68,12054.0,12492.9,11680.2,3
2017-12-20,12138.0,11550.0,12138.0,11403.0,5
2017-12-21,11550.0,11634.0,12810.0,11172.0,18
2017-12-22,11886.0,11676.0,12054.0,11088.0,8
2017-12-26,11130.0,12920.88,13020.42,11130.0,17
2017-12-27,13242.6,13230.0,14238.0,12630.66,20
2017-12-28,13020.0,14700.0,15715.14,12955.74,57
2017-12-29,15540.0,15276.66,15876.0,14700.0,17
2018-01-02,15918.0,15582.0,16170.0,14868.0,13
2018-01-03,15288.0,15498.0,15778.98,14310.66,20
2018-01-04,15960.0,15582.0,15983.1,15120.0,8
2018-01-05,15960.0,16044.0,16800.0,15263.64,27
2018-01-08,16464.0,16296.0,16753.8,14889.0,12
2018-01-09,16590.0,16234.68,17136.0,16128.0,12
2018-01-10,16044.0,16296.0,17094.0,15582.0,17
2018-01-11,16506.0,15288.0,16506.0,15246.0,8
2018-01-12,15456.0,14700.0,16454.34,14449.26,12
2018-01-16,15288.0,14616.0,15561.0,13776.0,28
2018-01-17,14490.0,14700.0,15835.68,14280.0,13
2018-01-18,14910.0,14322.0,15120.0,13948.2,8
2018-01-19,14280.42,14028.0,14784.0,13818.0,6
2018-01-22,14322.0,14700.0,15162.0,14070.0,12
2018-01-23,14742.0,14490.0,14868.0,14280.0,15
2018-01-24,14616.0,14406.0,14616.0,14112.0,13
2018-01-25,14074.2,13398.0,14201.04,13398.0,11
2018-01-26,13692.0,13020.0,13949.88,12600.0,7
2018-01-29,12642.0,12852.0,13020.0,11970.0,11
2018-01-30,12036.36,14616.0,15792.0,12036.36,78
2018-01-31,14994.0,15078.0,15204.0,14070.0,17
2018-02-01,15204.0,13986.0,15708.0,13860.0,5
2018-02-02,13986.0,12936.0,15582.0,12936.0,14
2018-02-05,12726.0,12515.58,13189.26,12264.0,5
2018-02-06,12600.0,12432.0,13039.74,11923.8,13
2018-02-07,12642.0,13230.0,13230.0,12600.0,5
2018-02-08,12936.42,12852.0,13649.58,12810.0,6
2018-02-09,12805.8,13061.58,13104.0,11718.0,13
2018-02-12,13104.0,13188.0,13650.0,12726.0,9
2018-02-13,13650.0,12852.0,14028.0,12810.0,8
2018-02-14,12852.0,12852.0,14367.36,12810.0,5
2018-02-15,13104.0,12474.0,13104.0,12316.5,7
2018-02-16,12393.36,12432.0,12810.0,12306.0,14
2018-02-20,12516.0,12054.0,13041.0,12054.0,4
2018-02-21,12516.0,12138.0,12642.0,11858.7,3
2018-02-22,12264.0,11718.0,12301.8,11676.0,8
2018-02-23,12138.0,11466.0,12306.0,11340.0,15
2018-02-26,11844.0,11508.0,12558.0,11421.06,21
2018-02-27,11928.0,11592.0,11928.0,11130.0,19
2018-02-28,11424.0,10920.0,11425.26,10920.0,7
2018-03-01,11004.0,10962.0,11214.0,10020.36,7
2018-03-02,10164.0,10794.0,10920.0,9702.42,6
2018-03-05,11550.0,11172.0,11550.0,10794.0,3
2018-03-06,10962.0,10542.0,11214.0,9748.2,19
2018-03-07,10500.0,10920.0,11298.0,10416.0,7
2018-03-08,11088.0,11676.0,11865.0,10920.0,6
2018-03-09,11676.0,12306.0,12474.0,11382.0,5
2018-03-12,12323.22,11970.0,12390.0,11424.0,5
2018-03-13,12264.0,12138.0,12390.0,11214.0,7
2018-03-14,12096.0,11340.0,12348.0,11340.0,2
2018-03-15,11592.0,11718.0,12180.0,11592.0,5
2018-03-16,11844.0,12138.0,12180.0,11718.0,9
2018-03-19,11760.0,11970.0,12977.58,11214.0,14
2018-03-20,12600.0,12600.0,12768.0,11875.5,9
2018-03-21,12600.0,13818.0,13818.0,12558.0,10
2018-03-22,14154.0,13986.0,14572.32,13104.0,24
2018-03-23,13902.0,13776.0,14235.9,13043.1,6
2018-03-26,12768.0,12768.0,13230.0,12390.0,4
2018-03-27,12600.0,13188.0,13398.0,12180.0,8
2018-03-28,12432.0,13440.0,13440.0,11886.0,6
2018-03-29,13314.0,13188.0,14280.0,12012.0,6
2018-04-02,12936.0,12642.0,13020.0,12642.0,4
2018-04-03,12978.0,12768.0,12978.0,12179.58,6
2018-04-04,12894.0,12894.0,12894.0,12180.0,1
2018-04-05,12852.0,12600.0,12874.26,12516.0,1
2018-04-06,12474.0,12936.0,12936.0,12235.86,2
2018-04-09,12600.0,12222.0,12810.0,12180.0,2
2018-04-10,12180.0,12810.0,12978.84,12180.0,3
2018-04-11,12877.2,12978.0,13020.0,12457.2,6
2018-04-12,12922.56,13146.0,13272.0,12922.56,1
2018-04-13,13356.0,14574.0,15120.0,13314.0,11
2018-04-16,14658.0,14700.0,15078.0,14447.16,3
2018-04-17,14994.0,14700.0,15456.0,14574.0,11
2018-04-18,15330.0,15036.0,15725.22,13360.2,5
2018-04-19,14742.0,14784.0,15122.94,14238.0,2
2018-04-20,15498.0,14448.0,15501.36,14448.0,2
2018-04-23,15414.0,12726.0,15414.0,12684.0,7
2018-04-24,13146.0,12180.0,13146.0,12138.0,4
2018-04-25,12305.58,12138.0,12305.58,11130.0,4
2018-04-26,12557.58,11424.0,12557.58,11333.28,1
2018-04-27,11382.0,11970.0,12390.0,11382.0,1
2018-04-30,11886.0,11881.38,12012.42,11632.74,6
2018-05-01,10920.0,10962.0,12557.58,10500.0,62
2018-05-02,10794.42,11844.0,12096.0,10794.0,16
2018-05-03,11886.0,10710.0,12012.84,10710.0,11
2018-05-04,11361.0,11550.0,11550.0,9996.0,8
2018-05-07,11133.36,11339.58,11928.0,11046.0,6
2018-05-08,11760.0,11214.0,11844.0,10752.0,7
2018-05-09,10962.42,11340.0,11550.0,10920.0,8
2018-05-10,11298.0,10794.0,11298.0,10752.0,13
2018-05-11,11337.06,11004.0,11550.0,10752.0,14
2018-05-14,11088.0,10920.0,11101.44,10773.0,6
2018-05-15,10920.0,10794.0,10920.0,10416.0,7
2018-05-16,10542.0,10332.0,10668.0,10290.0,3
2018-05-17,10674.3,10332.0,10674.3,10086.72,3
2018-05-18,10416.0,10920.0,11261.88,10122.0,8
2018-05-21,10962.0,10458.0,10962.0,10332.0,3
2018-05-22,11193.0,10374.0,11193.0,10206.0,6
2018-05-23,10160.22,10458.0,10584.0,10160.22,8
2018-05-24,10411.8,10332.0,10500.0,10290.0,8
2018-05-25,10500.42,10500.0,10542.0,10011.12,11
2018-05-29,10332.0,9939.72,10332.0,9744.0,5
2018-05-30,9786.0,9912.0,10416.0,9450.0,11
2018-05-31,10290.0,10206.0,10374.0,9870.0,9
2018-06-01,9954.0,11046.0,11046.0,9954.0,10
2018-06-04,11214.0,11256.0,11340.0,10542.0,7
2018-06-05,10962.0,11172.0,11424.0,10668.0,9
2018-06-06,11130.0,11256.0,11844.0,11130.0,8
2018-06-07,11147.64,12264.0,12264.0,11147.64,23
2018-06-08,12264.0,13734.0,15230.88,12264.0,91
2018-06-11,13734.0,13440.0,14238.0,12600.0,85
2018-06-12,13314.0,13818.0,13818.0,13020.0,8
2018-06-13,13650.0,13230.0,13650.0,12264.0,10
2018-06-14,13234.2,13482.0,14163.24,13230.0,15
2018-06-15,13272.0,13650.0,13776.0,13230.0,9
2018-06-18,13566.0,13944.0,14322.0,13230.0,52
2018-06-19,14280.0,13692.0,14280.0,13087.2,4
2018-06-20,13986.0,13818.0,13986.0,13419.0,5
2018-06-21,13692.0,14028.0,14191.8,13650.0,18
2018-06-22,14028.0,14532.0,14574.0,13842.36,11
2018-06-25,14574.0,14238.0,14574.0,13608.0,10
2018-06-26,14490.0,13398.0,14490.0,12600.0,31
2018-06-27,13398.0,13146.0,13566.0,12726.0,21
2018-06-28,12978.0,12768.0,13566.0,12432.0,53
2018-06-29,13356.0,13482.0,13818.0,12474.0,60
2018-07-02,13440.0,13482.0,13860.0,13085.1,14
2018-07-03,13692.0,13335.0,13828.08,13146.0,6
2018-07-05,13818.0,13230.0,13818.0,13230.0,5
2018-07-06,13296.36,13272.0,13440.0,13146.0,3
2018-07-09,13230.0,13272.0,13356.0,12642.42,9
2018-07-10,13482.0,13062.0,13680.24,12684.0,16
2018-07-11,13104.0,12432.0,13351.8,11256.0,14
2018-07-12,12558.0,12642.0,12642.0,12495.0,5
2018-07-13,12604.2,11214.0,12789.0,11214.0,5
2018-07-16,12012.0,11802.0,12408.48,11760.0,2
2018-07-17,11886.0,11634.0,12054.0,11550.0,6
2018-07-18,11550.0,11172.0,11550.0,11130.0,3
2018-07-19,11886.0,11088.0,11886.0,10584.0,8
2018-07-20,11004.0,10836.0,11214.0,10836.0,1
2018-07-23,10920.0,10794.0,11214.0,10710.0,2
2018-07-24,11088.0,10332.0,11130.0,10332.0,1
2018-07-25,10458.0,10206.0,10458.0,10206.0,1
2018-07-26,9912.0,9660.0,10374.0,9450.0,16
2018-07-27,9744.0,9597.0,9854.88,9597.0,8
2018-07-30,9492.0,9576.0,9660.0,9240.0,9
2018-07-31,9618.0,10710.0,11298.0,9576.0,27
2018-08-01,10500.0,10038.0,10920.0,10038.0,3
2018-08-02,10080.0,10059.0,10500.0,9652.86,12
2018-08-03,10122.0,9702.0,10122.0,9660.0,3
2018-08-06,10164.0,9870.0,10164.0,9618.0,5
2018-08-07,9912.0,9492.0,10075.8,9492.0,11
2018-08-08,10035.06,9702.0,10080.0,9492.0,4
2018-08-09,9660.0,9828.0,9912.0,9496.2,5
2018-08-10,9660.0,9702.0,9849.0,9450.0,10
2018-08-13,9870.0,10080.0,10584.0,9492.0,34
2018-08-14,10122.0,10290.0,10416.0,9744.0,6
2018-08-15,10206.0,9975.0,10290.0,9702.0,8
2018-08-16,10080.0,9828.0,10080.0,9503.34,5
2018-08-17,9828.0,9786.0,9996.0,9660.0,5
2018-08-20,9870.0,10038.0,10080.0,9576.0,11
2018-08-21,10290.0,10500.0,10920.0,10210.2,11
2018-08-22,10668.0,10668.0,10668.0,10332.0,0
2018-08-23,10341.66,9954.0,10668.0,9870.0,6
2018-08-24,9954.0,10290.0,10668.0,9954.0,6
2018-08-27,10500.0,10458.0,10668.0,10184.58,1
2018-08-28,10374.0,10500.0,10920.0,10374.0,1
2018-08-29,10878.0,10584.0,10878.0,10542.0,1
2018-08-30,10725.54,11634.0,11634.0,10725.54,10
2018-08-31,11970.0,11760.0,11970.0,10920.0,5
2018-09-04,11340.42,10752.0,11550.0,10248.0,1
2018-09-05,10794.0,11088.0,11130.0,10500.0,2
2018-09-06,11046.0,10962.0,11088.0,10920.0,0
2018-09-07,10752.0,11130.0,11130.0,10752.0,2
2018-09-10,10794.0,11046.0,11298.0,10794.0,0
2018-09-11,11172.0,11592.0,11676.0,10892.28,5
2018-09-12,11466.0,11634.0,11634.0,11004.0,2
2018-09-13,11634.0,11130.0,11760.0,10962.0,3
2018-09-14,11172.0,10878.0,11718.0,10542.0,2
2018-09-17,10962.0,10752.0,11130.0,10000.2,5
2018-09-18,10932.6,11130.0,11298.0,10332.0,8
2018-09-19,10836.0,10584.0,11088.0,10350.06,4
2018-09-20,10836.0,10458.0,10836.0,10458.0,1
2018-09-21,10710.0,11130.0,11130.0,10542.0,7
2018-09-24,13020.0,12390.0,15750.0,10542.0,640
2018-09-25,12348.0,12600.0,12831.0,10752.0,42
2018-09-26,12600.0,11415.6,12600.0,11130.0,21
2018-09-27,11382.0,11256.0,11635.68,10290.0,22
2018-09-28,11130.0,10794.0,11130.0,10290.0,19
2018-10-01,11004.0,11760.0,11760.0,10290.42,19
2018-10-02,11676.0,10920.0,11886.0,10920.0,8
2018-10-03,11046.0,11424.0,11424.0,10500.0,5
2018-10-04,11256.0,10668.0,11424.0,10626.0,15
2018-10-05,10584.0,10458.0,10962.0,10416.0,6
2018-10-08,10374.0,9996.0,10625.58,9954.0,3
2018-10-09,9912.0,9408.0,10080.0,9324.0,7
2018-10-10,9450.0,9366.0,10038.0,9324.0,9
2018-10-11,9408.0,9870.0,10080.0,8820.0,16
2018-10-12,9912.0,10290.0,10500.0,9450.0,14
2018-10-15,10500.0,10500.0,10500.0,9828.0,13
2018-10-16,10290.0,10500.0,11130.0,10038.0,47
2018-10-17,11130.0,11172.0,11676.0,10920.0,61
2018-10-18,11298.0,11214.0,11298.0,10500.0,30
2018-10-19,11046.0,11088.0,11424.0,10752.0,26
2018-10-22,11088.0,11130.0,11424.0,11067.0,7
2018-10-23,11130.0,11130.0,11340.0,10794.0,38
2018-10-24,11298.0,10962.0,11340.0,10695.72,22
2018-10-25,10836.0,10290.0,10878.0,10290.0,8
2018-10-26,10290.0,10668.0,10668.0,10103.1,8
2018-10-29,10584.0,9912.0,10710.0,9324.0,15
2018-10-30,9996.0,9450.0,10332.0,8862.0,9
2018-10-31,9366.0,9282.0,9828.0,9240.0,8
2018-11-01,9576.0,10080.0,10164.0,9461.34,10
2018-11-02,10038.0,9744.0,10332.0,9744.0,3
2018-11-05,9912.0,9534.0,9996.0,9534.0,2
2018-11-06,9534.0,9660.0,9786.0,8862.0,3
2018-11-07,9660.0,9366.0,9744.0,9198.0,17
2018-11-08,9450.0,10332.0,10819.2,9111.48,57
2018-11-09,10584.0,10290.0,10584.0,9708.3,11
2018-11-12,10045.98,9492.0,10374.0,9492.0,5
2018-11-13,9534.0,9786.0,9828.0,9492.0,3
2018-11-14,9596.16,9030.0,9618.0,8904.0,9
2018-11-15,9618.0,9618.0,9827.58,9030.0,12
2018-11-16,9912.0,9450.0,9912.0,8988.0,6
2018-11-19,9240.0,9114.0,9450.0,8904.0,14
2018-11-20,9156.0,8946.0,9156.0,8400.0,17
2018-11-21,8988.0,8946.0,9030.0,8064.0,6
2018-11-23,8610.0,8946.0,8946.0,8610.0,0
2018-11-26,8946.0,8400.0,9030.0,8400.0,10
2018-11-27,8400.0,8316.0,8609.58,8190.0,10
2018-11-28,8442.0,8316.0,8610.0,8316.0,5
2018-11-29,8400.0,8610.0,8610.0,8190.0,22
2018-11-30,8526.0,8190.0,8526.0,8190.0,23
2018-12-03,8400.0,8484.0,8484.0,8257.2,4
2018-12-04,8400.0,8358.0,8400.0,8240.4,3
2018-12-06,8358.0,7812.0,8358.0,7812.0,27
2018-12-07,8064.0,7602.0,8064.0,7434.0,5
2018-12-10,7602.0,7770.0,7938.0,7098.42,16
2018-12-11,7434.0,7140.0,7728.0,7140.0,11
2018-12-12,7434.0,7392.0,7980.0,7392.0,21
2018-12-13,7182.0,7266.0,7770.0,7177.8,9
2018-12-14,7308.0,7392.0,7434.0,7182.0,3
2018-12-17,7434.0,6846.0,7435.68,6846.0,12
2018-12-18,6888.0,6405.0,7308.0,6384.0,10
2018-12-19,6720.0,6468.0,7098.0,6468.0,11
2018-12-20,6636.0,6048.0,6930.0,6048.0,7
2018-12-21,6174.0,5040.0,6342.0,4830.0,29
2018-12-24,5040.0,4410.0,5628.0,4326.0,7
2018-12-26,4452.0,4410.0,5250.0,4200.0,94
2018-12-27,4410.0,4872.0,5040.0,4200.0,80
2018-12-28,5145.0,5460.0,6720.0,4704.0,53
2018-12-31,5460.0,5082.0,5544.0,4620.0,27
2019-01-02,5250.0,5460.0,5460.0,5250.0,1
2019-01-03,5838.0,6846.0,7014.0,5754.0,30
2019-01-04,6720.0,6972.0,7434.0,6552.42,12
2019-01-07,7056.0,7434.0,7560.0,7056.0,11
2019-01-08,7602.0,7896.0,7896.0,7471.38,14
2019-01-09,7896.0,9282.0,9534.0,7728.0,62
2019-01-10,9408.0,9408.0,9408.0,8610.0,21
2019-01-11,9240.0,9576.0,9744.0,9233.28,5
2019-01-14,9744.0,9954.0,10038.42,9653.7,13
2019-01-15,10080.0,9660.0,10080.0,9576.0,4
2019-01-16,9534.0,9660.0,9870.0,9450.0,8
2019-01-17,9660.0,10164.0,10332.0,9660.0,26
2019-01-18,10164.0,10248.0,10584.0,9912.0,29
2019-01-22,9996.0,10416.0,10584.0,9912.0,13
2019-01-23,10290.0,9954.0,10500.0,9954.0,4
2019-01-24,9954.0,9870.0,10132.5,9870.0,5
2019-01-25,9870.0,9450.0,10121.58,9240.0,40
2019-01-28,9240.0,9072.0,9660.0,9030.0,8
2019-01-29,9030.0,8567.58,9239.16,8442.0,11
2019-01-30,8442.0,8526.0,8820.0,8400.0,19
2019-01-31,8736.0,8873.34,9030.0,8736.0,4
2019-02-01,8862.0,9156.0,9610.86,8484.0,14
2019-02-04,9240.0,9954.0,10079.58,9240.0,14
2019-02-05,9996.0,9828.0,10080.0,9828.0,7
2019-02-06,9912.0,9954.0,9954.0,9156.0,27
2019-02-07,9702.0,8694.0,9702.0,8274.0,34
2019-02-08,8694.0,7896.0,8694.0,7896.0,5
2019-02-11,7854.0,7602.0,8190.0,7392.0,17
2019-02-12,7644.0,7602.0,7769.58,7392.0,13
2019-02-13,7644.0,7203.84,7770.0,6948.9,19
2019-02-14,7392.0,7434.0,7728.0,7140.0,24
2019-02-15,7518.0,7602.0,8064.0,7140.0,38
2019-02-19,7728.0,7140.0,8059.8,6930.0,28
2019-02-20,7266.0,8442.0,9534.0,7266.0,100
2019-02-21,8610.0,8316.0,8862.0,7980.0,34
2019-02-22,8400.0,8988.0,9030.0,8400.0,25
2019-02-25,9114.0,8736.0,9340.8,8316.0,17
2019-02-26,8652.0,8862.0,9114.0,8316.0,13
2019-02-27,8737.68,8568.0,8862.0,8358.0,10
2019-02-28,8526.0,8694.0,8946.0,8358.42,8
2019-03-01,8694.0,8694.0,8820.0,8316.0,6
2019-03-04,8694.0,8610.0,8820.0,8565.9,14
2019-03-05,8561.28,8568.0,8652.0,8526.0,10
2019-03-06,8570.1,8232.0,8570.1,8232.0,16
2019-03-07,8232.0,8170.68,8318.1,7980.0,6
2019-03-08,8148.0,7728.0,8271.9,7686.0,7
2019-03-11,7812.0,7728.0,7980.0,7518.0,7
2019-03-12,7812.0,8064.0,8374.38,7770.0,7
2019-03-13,8148.0,7980.0,8400.0,7602.0,8
2019-03-14,7686.42,7980.0,8022.0,7686.42,5
2019-03-15,8148.0,8568.0,8589.0,7938.0,36
2019-03-18,10038.0,8988.0,10080.0,8820.0,203
2019-03-19,8778.0,9030.0,9408.0,8610.0,39
2019-03-20,9114.0,9660.0,9660.0,8442.0,38
2019-03-21,9660.0,9492.0,9696.12,9240.0,15
2019-03-22,9492.0,9534.0,9756.6,9240.0,11
2019-03-25,9450.0,9450.42,9491.58,9240.0,8
2019-03-26,9492.0,9763.74,9912.0,9450.0,9
2019-03-27,9828.0,10008.6,10080.0,9597.0,15
2019-03-28,10038.0,10080.0,10080.0,9750.72,5
2019-03-29,10080.0,10164.0,10290.0,9954.0,13
2019-04-01,10290.0,10458.0,10710.0,10225.32,9
2019-04-02,10332.0,10710.0,10836.0,9282.0,37
2019-04-03,10552.92,10794.0,10836.0,10416.0,12
2019-04-04,10584.0,10595.34,10668.0,10510.5,4
2019-04-05,10584.0,10405.08,10710.0,10122.0,12
2019-04-08,10458.0,10500.0,10626.0,9791.04,16
2019-04-09,10332.0,9786.0,10454.22,9744.0,2
2019-04-10,10458.0,10920.0,11340.0,10269.0,66
2019-04-11,10920.0,10710.0,10962.0,10500.0,16
2019-04-12,10878.0,10657.92,10878.0,10477.74,19
2019-04-15,10794.0,10248.0,10836.0,10248.0,12
2019-04-16,10290.0,10626.0,10878.0,10290.0,20
2019-04-17,10626.0,10332.0,10710.0,10332.0,14
2019-04-18,10290.0,10374.0,10490.34,9954.0,13
2019-04-22,10500.0,10920.0,11004.0,10500.0,61
2019-04-23,10962.0,10920.0,11298.0,10626.0,34
2019-04-24,10920.0,10710.0,10920.0,10500.0,12
2019-04-25,10710.0,10500.0,10710.0,10080.0,26
2019-04-26,10458.0,10500.0,10710.0,10198.02,14
2019-04-29,10500.0,10500.0,10542.0,9985.5,9
2019-04-30,10332.0,10416.0,10542.0,10080.0,11
2019-05-01,10332.0,10248.0,10500.0,10248.0,6
2019-05-02,10500.0,10500.0,10500.0,10290.0,5
2019-05-03,10542.0,10721.34,10752.0,10457.58,16
2019-05-06,10710.0,10794.0,11214.0,10552.5,7
2019-05-07,11130.0,10920.0,11130.0,10626.42,3
2019-05-08,11088.0,12156.06,13020.0,11004.0,59
2019-05-09,12054.0,11340.0,12600.0,10920.0,65
2019-05-10,11340.0,10836.0,11749.5,10836.0,23
2019-05-13,10836.0,10836.0,11340.0,10500.0,33
2019-05-14,10783.5,10752.0,10900.68,10668.42,55
2019-05-15,10710.0,10636.92,11004.0,10542.0,41
2019-05-16,10542.0,11046.0,11256.0,10500.0,24
2019-05-17,11004.0,10836.0,11130.0,10752.0,23
2019-05-20,10962.0,10416.0,11382.0,10080.0,118
2019-05-21,10374.0,9870.0,10374.0,9408.0,53
2019-05-22,9912.0,9156.0,9996.0,8778.0,25
2019-05-23,9156.0,8988.0,9286.2,8946.0,16
2019-05-24,9072.0,9072.0,9198.0,8820.0,12
2019-05-28,9030.0,9114.0,9534.0,8787.24,16
2019-05-29,9030.0,9282.0,9534.0,8988.0,23
2019-05-30,9282.0,9114.0,9408.0,8791.02,14
2019-05-31,9072.0,9198.0,9198.0,8568.0,20
2019-06-03,9072.0,9408.0,9534.0,8526.42,12
2019-06-04,9408.0,9282.0,9618.0,9156.0,21
2019-06-05,8924.58,8610.0,9109.8,8190.0,13
2019-06-06,8066.52,8442.0,8526.0,7980.0,23
2019-06-07,8862.0,8610.0,8862.0,7729.68,27
2019-06-10,8862.0,8190.0,8904.0,8190.0,21
2019-06-11,8190.0,7686.0,8526.42,7140.42,31
2019-06-12,7770.0,7476.0,8064.0,7140.0,12
2019-06-13,7518.0,7350.0,7665.0,7014.0,31
2019-06-14,7476.0,7014.0,7560.0,6247.08,75
2019-06-17,6972.0,6594.0,7413.0,5964.0,51
2019-06-18,6678.0,7476.0,7560.0,6678.0,34
2019-06-19,7560.0,7224.0,7560.0,6930.0,20
2019-06-20,7224.0,7182.0,7274.4,6846.0,7
2019-06-21,7098.0,7266.0,7308.0,7014.0,5
2019-06-24,7308.0,7056.0,7518.0,7014.0,32
2019-06-25,6972.0,7182.0,7434.0,6300.0,33
2019-06-26,7182.0,7182.0,7182.0,6930.0,1
2019-06-27,7140.0,6888.0,7430.64,6888.0,9
2019-06-28,6930.0,7140.0,7140.0,6846.0,14
2019-07-01,7308.0,6510.0,8106.0,6300.0,31
2019-07-02,6468.0,6468.0,6720.0,6384.0,16
2019-07-03,6426.0,6035.82,6468.0,5754.0,25
2019-07-05,6174.0,6090.0,6510.0,6048.0,19
2019-07-08,6090.0,5250.0,6510.0,5250.0,79
2019-07-09,5250.0,5166.0,5850.18,5152.14,112
2019-07-10,5292.0,5460.0,5880.0,4956.0,56
2019-07-11,5544.0,5922.0,6006.0,5418.0,62
2019-07-12,6006.0,5292.0,6006.0,5292.0,51
2019-07-15,5292.0,5139.96,5585.58,5065.2,13
2019-07-16,5124.0,4578.0,5150.04,4263.0,161
2019-07-17,4578.0,4410.0,4830.0,4410.0,73
2019-07-18,4116.0,3975.3,4410.0,3801.84,393
2019-07-19,4410.0,4410.0,4452.0,4015.2042,149
2019-07-22,4410.0,4410.0,5376.0,4149.6,258
2019-07-23,4326.0,4284.0,4620.0,4200.0,154
2019-07-24,4326.0,4368.0,4368.0,4200.0,47
2019-07-25,4326.0,4284.0,4405.8,4284.0,26
2019-07-26,4284.0,4200.0,4326.0,4158.0,55
2019-07-29,4368.0,4200.0,4368.0,4193.7,40
2019-07-30,4200.0,4452.0,4452.0,4074.0,40
2019-07-31,4410.0,4242.0,4518.36,4199.58,16
2019-08-01,4242.0,4326.0,4613.28,4242.0,27
2019-08-02,4284.0,4368.0,4410.0,4200.0,47
2019-08-05,4242.0,4195.38,4326.0,4116.0,42
2019-08-06,4200.0,4097.1,4284.0,4097.1,28
2019-08-07,4158.0,4090.38,4158.42,3612.0,92
2019-08-08,4065.18,3990.0,4074.0,3864.0,10
2019-08-09,4200.0,4163.04,4326.0,3994.2,46
2019-08-12,4242.0,4158.0,4284.0,4091.22,4
2019-08-13,4156.74,4089.54,4158.0,3990.42,22
2019-08-14,4074.0,4158.0,4200.0,3990.0,30
2019-08-15,4116.0,4036.2,4116.0,3990.42,15
2019-08-16,4032.0,4158.0,4229.4,4032.0,9
2019-08-19,4242.0,4410.0,4410.0,4158.0,26
2019-08-20,4410.0,4536.0,4620.0,4326.0,44
2019-08-21,4536.0,4389.0,4851.42,4284.0,127
2019-08-22,4410.0,4830.0,4872.0,4410.0,58
2019-08-23,4830.0,4410.0,4830.0,4410.0,70
2019-08-26,4494.0,4515.0,4756.08,4494.0,48
2019-08-27,4494.0,4284.0,4620.0,4284.0,22
2019-08-28,4326.0,4199.16,4494.0,4116.0,49
2019-08-29,4158.0,4162.62,4326.0,4158.0,16
2019-08-30,4242.0,4200.0,4326.0,4200.0,10
2019-09-03,4368.0,4159.26,4368.0,4158.0,19
2019-09-04,4242.0,4305.0,4368.0,4242.0,22
2019-09-05,4326.0,4158.0,4326.0,4116.42,35
2019-09-06,4158.84,4200.0,4284.0,4158.84,18
2019-09-09,4242.0,4116.0,4242.0,4076.94,28
2019-09-10,4200.0,4515.0,4746.0,4200.0,51
2019-09-11,4620.0,4326.0,4662.0,4242.0,64
2019-09-12,4326.0,4746.0,4746.0,4326.0,70
2019-09-13,4704.0,5166.0,5586.0,4704.0,171
2019-09-16,5292.0,5082.0,5415.9,4872.0,74
2019-09-17,5082.0,4494.0,5292.0,4368.0,139
2019-09-18,4410.0,4200.0,4494.0,4074.0,124
2019-09-19,4200.0,4200.0,4410.0,4158.0,27
2019-09-20,4200.0,4200.0,4284.0,4116.0,65
2019-09-23,4242.0,3906.0,4242.0,3743.88,81
2019-09-24,3990.0,3737.16,3994.2,3654.0,57
2019-09-25,2940.0,2952.18,3129.0,2671.2,800
2019-09-26,2982.0,2752.26,3066.0,2100.0,207
2019-09-27,2730.0,2447.76,2730.0,2148.72,115
2019-09-30,2363.76,2520.0,2689.26,2142.42,95
2019-10-01,2520.0,2731.6674,2940.0,2520.0,44
2019-10-02,2742.6,2597.7,2940.0,2596.44,39
2019-10-03,2610.72,2578.8,2772.0,2562.0,15
2019-10-04,2656.5,2403.24,2881.2,2326.8,61
2019-10-07,2436.0,2352.0,2557.8,2310.0,100
2019-10-08,2352.0,2161.32,2352.0,2100.0,87
2019-10-09,2196.6,2214.66,2320.08,2142.42,68
2019-10-10,2268.0,1994.58,2268.0,1936.62,132
2019-10-11,2100.0,2054.64,2110.08,2019.78,19
2019-10-14,2099.58,1890.0,2099.58,1747.2,31
2019-10-15,2100.0,2331.42,2478.0,1982.4,114
2019-10-16,2184.0,2714.04,2856.0,2103.36,95
2019-10-17,2772.0,3384.6918,3947.58,2772.0,277
2019-10-18,3738.0,3024.0,3738.0,2940.0,118
2019-10-21,3174.36,3338.58,3512.46,3174.36,46
2019-10-22,3391.08,3192.0,3427.62,3150.0,50
2019-10-23,3276.0,2856.0,3276.0,2772.0,66
2019-10-24,2856.0,2816.1,2960.16,2759.4,26
2019-10-25,2898.84,2863.98,3006.78,2730.0,50
2019-10-28,2856.0,2856.0,2982.0,2730.0,26
2019-10-29,2814.0,2742.18,2856.0,2730.0,51
2019-10-30,2772.0,2743.02,2940.0,2709.84,16
2019-10-31,2772.0,2760.24,2898.0,2730.0,48
2019-11-01,2856.0,2990.4,3150.0,2772.0,66
2019-11-04,3018.96,3276.84,3439.8,3018.96,70
2019-11-05,3387.72,3318.0,3570.0,3192.42,51
2019-11-06,3360.0,3116.4,3486.0,3058.8054,36
2019-11-07,3165.54,2916.48,3360.0,2688.0,101
2019-11-08,2792.58,2730.0,2897.58,2730.0,34
2019-11-11,2730.0,2788.38,2813.58,2688.0,27
2019-11-12,2788.38,2730.0,2788.38,2604.0,42
2019-11-13,2729.16,2562.0,2729.16,2520.42,63
2019-11-14,2646.0,3253.32,3486.0,2646.0,168
2019-11-15,3334.8,3321.36,3546.48,3108.0,94
2019-11-18,3486.0,3360.0,3738.0,3294.9,92
2019-11-19,3385.2,3318.42,3612.0,3318.0,63
2019-11-20,3444.0,3031.98,3444.0,2982.42,63
2019-11-21,3234.0,2982.0,3318.0,2982.0,43
2019-11-22,3087.42,2991.6936,3087.42,2900.1,31
2019-11-25,3150.0,2860.2,3318.0,2856.0,68
2019-11-26,2998.8,2715.1782,3005.1,2570.4,69
2019-11-27,2772.0,2858.94,2938.74,2688.0,52
2019-11-29,2940.0,2772.0,2940.0,2730.42,18
2019-12-02,2844.66,3009.72,3229.8,2811.9,76
2019-12-03,3087.84,3108.0,3192.0,2940.0,33
2019-12-04,3234.0,3163.44,3234.0,3108.0,31
2019-12-05,3166.8,3163.02,3232.32,3150.0,17
2019-12-06,3150.0,3210.9,3318.0,3150.0,18
2019-12-09,3318.0,3381.0,3444.0,3234.0,38
2019-12-10,3402.0,3232.74,3402.0,3108.0,31
2019-12-11,3110.52,3108.0,3360.0,3108.0,23
2019-12-12,3276.0,3312.12,3402.0,3108.42,58
2019-12-13,3360.0,3243.24,3552.78,3192.0,82
2019-12-16,3402.0,3486.0,3528.0,3341.94,105
2019-12-17,3549.42,3780.0,4158.0,3528.0,253
2019-12-18,3822.0,3994.2,4200.0,3783.78,123
2019-12-19,4284.0,4179.0,4410.0,4132.8,104
2019-12-20,4200.0,4746.0,4746.0,3990.0,102
2019-12-23,4620.0,4242.0,4620.0,3811.5,145
2019-12-24,4200.0,4284.0,4578.0,4158.42,57
2019-12-26,4284.0,4452.0,4467.96,4200.0,45
2019-12-27,4536.0,4662.0,4704.0,4284.0,48
2019-12-30,4662.0,4410.0,4662.0,4326.0,65
2019-12-31,4452.0,4368.0,4484.34,4200.0,93
2020-01-02,4410.0,4326.0,4578.0,4158.0,56
2020-01-03,4242.0,4200.0,4326.0,4200.0,41
2020-01-06,4284.0,4410.0,4410.0,4116.0,80
2020-01-07,4410.0,5544.0,6510.0,4284.0,402
2020-01-08,5544.0,5040.0,6006.0,4914.0,118
2020-01-09,5250.0,5964.0,6090.0,5082.0,193
2020-01-10,7140.0,7224.0,8140.86,6300.0,1403
2020-01-13,7224.0,7098.0,7224.0,6174.0,552
2020-01-14,6300.0,5670.0,6332.34,5040.0,400
2020-01-15,5460.0,5124.0,5544.0,4704.0,358
2020-01-16,4956.0,4830.0,5082.0,4620.0,178
2020-01-17,4956.0,4872.0,5250.0,4696.86,178
2020-01-21,4620.0,4620.0,4872.0,4494.0,164
2020-01-22,4620.0,4660.32,5124.0,4536.0,261
2020-01-23,4620.0,4538.1,4704.0,4410.0,101
2020-01-24,4746.0,4410.0,4746.0,4410.0,89
2020-01-27,4326.0,4284.0,4368.0,4032.0,130
2020-01-28,4116.0,4326.0,4452.0,4116.0,36
2020-01-29,4326.0,4284.0,4452.0,4179.42,51
2020-01-30,4200.0,3816.96,4241.58,3528.0,203
2020-01-31,3930.36,3971.1,4068.96,3864.0,51
2020-02-03,4158.0,4368.0,4536.0,4074.0,114
2020-02-04,4452.0,4452.0,4662.0,4368.0,79
2020-02-05,4452.0,4242.0,4452.0,4242.0,25
2020-02-06,4200.0,4200.0,4368.0,4158.0,48
2020-02-07,4200.0,4158.0,4281.9,4032.0,37
2020-02-10,4081.14,3968.16,4116.0,3708.6,96
2020-02-11,3864.0,3955.56,4074.0,3780.0,39
2020-02-12,3873.24,3921.96,4074.0,3822.0,41
2020-02-13,3990.0,3825.78,4032.0,3780.0,51
2020-02-14,3948.0,3885.0,4046.28,3780.0,47
2020-02-18,4074.0,4074.0,4116.0,3909.4356,62
2020-02-19,4200.0,4069.8,4242.0,3990.0,31
2020-02-20,4200.0,3942.12,4200.0,3830.82,50
2020-02-21,4065.18,3816.12,4065.18,3780.0,44
2020-02-24,3822.0,3454.08,3822.0,3322.3428,93
2020-02-25,3528.0,3529.26,3646.9146,3444.042,32
2020-02-26,3528.0,3423.0,3612.0,3375.0654,35
2020-02-27,3423.0,3150.0,3570.0,2982.0,83
2020-02-28,3150.0,3456.18,3570.0,3150.0,38
2020-03-02,3472.56,3280.62,3570.0,3234.0,29
2020-03-03,3360.0,3402.42,3555.3,3322.62,22
2020-03-04,3455.34,3612.0,3738.0,3444.0,65
2020-03-05,3603.6,3402.0,3603.6,3255.0,30
2020-03-06,3402.0,3276.42,3402.0,3215.1,31
2020-03-09,3150.0,2981.58,3150.0,2646.0,44
2020-03-10,3066.0,2898.42,3066.0,2814.0,23
2020-03-11,2883.3,2583.0,2940.0,2520.0,43
2020-03-12,1890.0,2150.4,2520.0,1557.6456,85
2020-03-13,2478.0,2310.0,2478.0,2100.0,40
2020-03-16,2058.0,2100.0,2293.2,1932.0,58
2020-03-17,2205.0,2394.0,2436.0,2100.0,50
2020-03-18,2436.0,2394.0,2478.0,2184.0,33
2020-03-19,2606.94,2520.0,2772.0,2513.7,34
2020-03-20,2646.0,2730.0,2729.37,2520.42,40
2020-03-23,2604.0,2520.0,2688.0,2192.4,19
2020-03-24,2452.8,2477.58,2687.16,2310.0,78
2020-03-25,2562.0,2394.0,2604.0,2226.0,70
2020-03-26,2436.0,2364.6,2520.0,2314.2,40
2020-03-27,2314.2,2383.5,2604.0,2314.2,23
2020-03-30,2394.0,2398.2,2562.0,2352.0,14
2020-03-31,2504.46,2436.0,2688.0,2433.9,21
2020-04-01,2436.0,2389.8,3150.0,2268.0,204
2020-04-02,2268.0,2265.9,2457.84,2142.84,41
2020-04-03,2205.0,2301.6,2478.0,2188.2,15
2020-04-06,2352.0,2436.84,2478.0,2349.9,29
2020-04-07,2478.0,2393.58,2645.58,2356.62,24
2020-04-08,2360.4,2352.0,2393.58,2320.5,21
2020-04-09,2478.0,2562.042,2730.0,2435.5758,99
2020-04-13,2646.0,2710.6842,2855.58,2562.0,93
2020-04-14,2856.0,2604.0,2919.0,2566.62,62
2020-04-15,2591.4,2436.0,2730.0,2407.86,88
2020-04-16,2517.06,2856.0,3570.0,2364.6,341
2020-04-17,2646.0,2772.0,2940.0,2566.2,57
2020-04-20,2835.0,2751.0,3225.6,2565.78,47
2020-04-21,2767.38,2499.0,2854.74,2436.0,75
2020-04-22,2730.0,2435.58,2853.06,2397.78,97
2020-04-23,2520.0,2461.62,2603.58,2440.2,50
2020-04-24,2520.0,2436.0,2604.0,2419.2,77
2020-04-27,2478.0,2478.0,2575.02,2427.6,58
2020-04-28,2601.9,2465.4,2604.0,2440.2042,40
2020-04-29,2855.58,2569.56,2856.0,2520.0,191
2020-04-30,2688.0,2646.0,2772.0,2562.0,113
2020-05-01,2641.8,2551.5,2730.0,2520.0,89
2020-05-04,2562.0,2763.18,2772.0,2562.0,45
2020-05-05,2843.4,2856.42,3024.0,2658.18,95
2020-05-06,2966.46,3095.4,3402.0,2940.0,128
2020-05-07,3262.56,3187.38,3523.8,3066.0,75
2020-05-08,3355.8,3074.4,3355.8,3074.4,60
2020-05-11,3074.4,3402.0,3444.0,3074.4,77
2020-05-12,3402.42,3822.0,4115.58,3402.0,198
2020-05-13,3862.32,3727.92,3948.0,3444.0,84
2020-05-14,3661.98,3410.4,3708.6,3192.42,62
2020-05-15,3276.0,3439.8,3780.0,3201.66,38
2020-05-18,3591.0,3847.2,3990.0,3444.42,92
2020-05-19,3805.2,3864.42,3947.58,3696.819,33
2020-05-20,3990.0,3822.0,4494.0,3738.42,108
2020-05-21,3742.2,3822.0,3948.0,3742.2,30
2020-05-22,3864.0,3780.0,3989.16,3570.0,60
2020-05-26,3780.0,3549.0,3906.0,3486.0,53
2020-05-27,3602.34,3440.64,3602.34,3281.88,48
2020-05-28,3444.0,3444.0,3570.0,3364.2,31
2020-05-29,3612.0,3372.6,3612.0,3234.0,65
2020-06-01,3372.6,3360.0,3402.0,3238.2,77
2020-06-02,3410.4,3570.84,3611.58,3364.2,33
2020-06-03,3546.48,3823.26,3868.2,3444.42,83
2020-06-04,3822.0,3948.0,4021.92,3591.42,65
2020-06-05,3943.8,3809.4,4200.0,3698.94,65
2020-06-08,3969.42,4033.26,4158.0,3766.14,126
2020-06-09,3990.0,4284.0,4998.0,3654.0,240
2020-06-10,4494.0,4176.48,4494.0,3880.8,56
2020-06-11,3939.6,3938.34,4164.3,3780.0,54
2020-06-12,3873.24,3897.18,4116.0,3780.0,34
2020-06-15,3780.0,3948.42,4040.82,3780.0,42
2020-06-16,4145.4,4061.4,4145.4,3952.2,17
2020-06-17,4050.48,3990.84,4158.0,3822.0,18
2020-06-18,4005.12,3865.26,4113.9,3865.26,18
2020-06-19,3921.96,3863.16,4242.0,3863.16,55
2020-06-22,3905.58,3780.0,4032.0,3654.0,29
2020-06-23,3780.0,3738.0,3969.0,3697.26,31
2020-06-24,3738.0,3864.0,3959.34,3676.68,46
2020-06-25,3948.0,3906.0,4032.0,3864.0,39
2020-06-26,3887.94,3779.16,3927.0,3779.16,32
2020-06-29,3822.0,3780.0,3927.0,3779.16,36
2020-06-30,3822.0,3805.62,3864.0,3683.4,31
2020-07-01,3822.0,3780.42,3864.0,3738.0,23
2020-07-02,3780.42,3765.72,3822.0,3654.0,50
2020-07-06,3696.0,3486.42,3738.0,3276.42,67
2020-07-07,3444.0,3570.42,3670.38,3402.0,17
2020-07-08,3486.0,3508.26,3822.0,3486.0,18
2020-07-09,3570.0,3506.16,3761.94,3444.0,19
2020-07-10,3511.62,3569.58,3654.0,3465.0,13
2020-07-13,3591.0,3523.8,3641.4,3444.0,20
2020-07-14,3549.0,3435.6,3591.0,3402.0,15
2020-07-15,3403.26,3477.6,3528.0,3360.0,9
2020-07-16,3444.0,3570.0,3591.0,3444.0,18
2020-07-17,3595.2,3897.6,3906.0,3549.42,56
2020-07-20,4158.0,4074.0,4471.74,3784.62,129
2020-07-21,4200.0,4410.0,4452.0,3885.42,103
2020-07-22,4536.0,4830.0,5460.0,4414.2,308
2020-07-23,4872.0,4830.0,5212.62,4830.0,80
2020-07-24,5040.0,4872.0,5040.0,4620.0,41
2020-07-27,4788.0,4662.0,4998.0,4578.0,68
2020-07-28,4368.0,4095.0,4410.0,3864.0,164
2020-07-29,4116.0,4074.0,4368.0,3990.0,45
2020-07-30,4139.52,4116.0,4200.0,4032.42,21
2020-07-31,4166.4,4072.32,4268.04,3997.14,40
2020-08-03,4284.0,4242.0,4410.0,4116.0,27
2020-08-04,4200.0,4326.0,4452.0,4200.0,28
2020-08-05,4284.0,4536.0,4620.0,4284.0,36
2020-08-06,4452.0,4578.0,4662.0,4410.0,40
2020-08-07,4662.0,4914.0,4998.0,4601.1,91
2020-08-10,4200.0,4000.5,4368.0,3822.42,433
2020-08-11,4410.0,4319.28,4410.0,4003.02,814
2020-08-12,4536.0,4746.0,5460.0,3803.1,1255
2020-08-13,4368.0,4158.0,4494.0,4032.0,229
2020-08-14,4158.0,3906.0,4199.58,3896.34,97
2020-08-17,3990.0,3927.0,4116.0,3823.68,78
2020-08-18,4092.9,3738.0,4092.9,3616.62,93
2020-08-19,3633.0,3706.5,3821.16,3633.0,47
2020-08-20,3738.0,3600.66,3738.0,3570.0,46
2020-08-21,3738.0,3612.0,3738.0,3559.5,47
2020-08-24,3696.0,3385.62,3696.0,3242.4,96
2020-08-25,3383.94,3428.04,3453.24,3366.72,37
2020-08-26,3413.76,3234.0,3483.9,3192.0,107
2020-08-27,3234.0,3276.0,3371.76,3227.952,44
2020-08-28,3276.0,3528.42,3747.66,3276.0,88
2020-08-31,3612.0,3445.26,3632.5758,3372.6,23
2020-09-01,3316.74,3406.2,3518.76,3316.74,23
2020-09-02,3406.2,3402.0,3588.06,3402.0,11
2020-09-03,3455.76,3375.96,3455.76,3360.0,18
2020-09-04,3383.1,3360.0,3427.2,3259.2,39
2020-09-08,3360.0,3071.88,3360.0,3024.0,131
2020-09-09,3124.8,3163.02,3305.4,3066.0,35
2020-09-10,3402.0,3087.0,3402.0,3087.0,63
2020-09-11,3111.36,3024.0,3266.76,2986.2,24
2020-09-14,2958.9,3024.0,3150.0,2958.9,21
2020-09-15,3113.46,3234.0,3276.0,3039.12,41
2020-09-16,3318.0,3339.42,3360.0,3116.8242,16
2020-09-17,3402.0,3466.68,3569.58,3402.0,53
2020-09-18,3024.0,3423.0,3469.2,2982.0042,137
2020-09-21,3192.0,3192.84,3359.16,3072.3,41
2020-09-22,3192.84,3192.0,3299.52,3072.3,12
2020-09-23,3251.85,3166.8,3251.85,3074.4,21
2020-09-24,3150.0,3086.58,3192.0,3024.42,28
2020-09-25,3100.02,3031.98,3181.5,2730.42,46
2020-09-28,3150.0,3108.0,3150.0,3024.84,21
2020-09-29,3423.0,3039.96,3423.0,3024.0,41
2020-09-30,3024.0,2986.2,3175.2,2940.0,29
2020-10-01,3066.0,2922.36,3107.58,2921.52,35
2020-10-02,2929.5,3005.52,3107.16,2929.5,15
2020-10-05,2981.58,3066.42,3118.5,2961.0,21
2020-10-06,3076.5,3129.0,3192.0,3076.5,20
2020-10-07,3155.88,3129.0,3155.88,3066.0,14
2020-10-08,3150.0,3294.48,3360.0,3150.0,45
2020-10-09,3318.0,3256.26,3414.6,3255.0,31
2020-10-12,3276.0,3192.0,3318.0,3192.0,19
2020-10-13,3235.26,3265.08,3309.6,3192.42,20
2020-10-14,3281.04,3276.0,3402.0,3234.0,82
2020-10-15,3275.58,3318.0,3381.0,3210.4842,26
2020-10-16,3313.8042,3226.02,3317.58,3192.0,17
2020-10-19,3234.0,3258.78,3276.0,3191.58,19
2020-10-20,3252.48,3360.0,3360.0,3192.0,34
2020-10-21,3360.0,3465.0,3540.18,3312.12,73
2020-10-22,3465.0,3318.84,3465.0,3318.4242,23
2020-10-23,3376.8,3365.04,3376.8,3276.4242,5
2020-10-26,3352.86,3276.42,3359.5758,3192.42,6
2020-10-27,3207.96,3317.58,3329.76,3192.0,14
2020-10-28,3284.4,3273.9,3357.06,3150.0,30
2020-10-29,3222.66,3108.42,3365.04,2961.0,85
2020-10-30,3129.0,3053.4,3217.2,2976.54,31
2020-11-02,3081.54,3023.58,3093.3,2940.0,33
2020-11-03,2981.58,2940.0,3023.58,2856.0,19
2020-11-04,2907.24,2975.7,3036.6,2898.0,3
2020-11-05,3011.4,3051.3,3108.0,2940.0,23
2020-11-06,2961.0,3040.8,3108.0,2940.0,9
2020-11-09,3011.4,3052.14,3109.68,2898.0,40
2020-11-10,3136.14,3003.0,3136.14,2961.0,34
2020-11-11,2940.0,3067.26,3118.92,2940.0,13
2020-11-12,2982.0,3019.8,3108.0,2982.0,20
2020-11-13,3065.16,3066.0,3120.6,3024.0,21
2020-11-16,3024.0,2942.1,3066.0,2898.0,71
2020-11-17,3099.6,2939.58,3099.6,2814.42,50
2020-11-18,3021.9,3076.92,3108.0,2898.0,53
2020-11-19,3076.5,3268.86,3365.04,3076.5,39
2020-11-20,3279.36,3255.0,3444.0,3215.394,29
2020-11-23,3234.0,3259.62,3402.0,3112.2,64
2020-11-24,3271.8,3276.42,3319.9026,3207.12,23
2020-11-25,3360.0,3280.62,3360.0,3276.0,19
2020-11-27,3276.0,3252.9,3337.425,3158.4,17
2020-11-30,3402.0,3336.06,3434.34,3234.0,69
2020-12-01,3334.8,3328.5,3383.94,3318.0,17
2020-12-02,3318.0,3262.14,3339.0,3234.0,14
2020-12-03,3294.9,3320.1,3322.2,3213.42,31
2020-12-04,3303.72,3255.0,3653.58,3234.0,244
2020-12-07,3238.62,3239.04,3477.6,3192.0,38
2020-12-08,3234.0,3289.86,3318.0,3192.42,17
2020-12-09,3317.58,3193.26,3326.4,3150.0,38
2020-12-10,3150.0,3192.0,3192.0,3129.0,25
2020-12-11,3192.0,3108.0,3233.1558,3073.56,27
2020-12-14,3066.42,3171.42,3360.0,3066.42,62
2020-12-15,3221.4,3288.18,3339.0,3217.62,17
2020-12-16,3351.6,3428.04,3565.38,3351.6,97
2020-12-17,3439.8,3402.0,3561.18,3297.042,61
2020-12-18,3403.26,3360.0,3533.04,3318.0,80
2020-12-21,3351.6,3234.42,3444.0,3163.02,63
2020-12-22,3234.0,3276.42,3325.56,3196.62,48
2020-12-23,3235.68,3360.0,3484.32,3197.88,56
2020-12-24,3402.0,3320.94,3402.0,3297.0,28
2020-12-28,3318.0,3318.0,3360.0,3264.24,49
2020-12-29,3323.46,3278.94,3444.0,3234.0,74
2020-12-30,3296.58,4368.0,4662.0,3276.84,781
2020-12-31,4158.0,4074.0,4326.0,3864.0,477
2021-01-04,3780.0,3780.0,4073.58,3519.6,1607
2021-01-05,3763.62,3570.0,3780.0,3475.5,468
2021-01-06,3469.62,3477.6,3528.0,3337.32,508
2021-01-07,3477.6,3426.78,3564.96,3318.0,289
2021-01-08,3607.8,3444.0,3742.2,3433.92,793
2021-01-11,3927.0,3874.5,4284.0,3730.02,3258
2021-01-12,4704.0,3816.12,5208.0,3810.24,5421
2021-01-13,3990.0,3856.86,4074.0,3582.18,1440
2021-01-14,3864.0,3738.0,3906.0,3531.36,807
2021-01-15,3593.1,3654.0,3677.1,3546.9,484
2021-01-19,3696.0,3822.0,3990.0,3612.0,949
2021-01-20,3887.52,3870.72,3987.48,3699.78,636
2021-01-21,4200.0,5208.0,6384.0,3948.0,17497
2021-01-22,5133.24,7728.0,11046.0,5124.0,42674
2021-01-25,9198.0,9114.0,10500.0,8190.0,8058
2021-01-26,9408.0,8358.0,9450.0,7350.0,3438
2021-01-27,7476.0,6888.0,7770.0,6846.0,2252
2021-01-28,7300.86,6300.0,7350.0,6090.0,1241
2021-01-29,6594.0,6132.0,7140.0,5964.0,979
2021-02-01,6468.0,5754.0,6594.0,5586.0,940
2021-02-02,6048.0,6678.0,7434.0,5796.0,3845
2021-02-03,6510.0,6678.0,6762.0,6132.0,985
2021-02-04,6678.0,6426.0,6846.0,6384.0,718
2021-02-05,6547.38,6468.0,6720.0,6132.0,663
2021-02-08,6510.0,7098.0,7140.0,6342.0,1279
2021-02-09,8400.0,7644.0,8600.76,7350.0,2068
2021-02-10,8442.0,7938.0,8526.0,7350.0,1804
2021-02-11,8316.0,7308.0,8358.0,7182.0,1233
2021-02-12,7350.0,7602.0,7602.0,7014.0,695
2021-02-16,8106.0,7770.0,8106.0,7518.0,915
2021-02-17,7770.0,7392.0,7812.0,7182.0,623
2021-02-18,7140.0,6972.0,7290.78,6804.0,478
2021-02-19,7056.0,7182.0,7266.0,6930.0,344
2021-02-22,7014.0,6678.0,7141.26,6510.0,522
2021-02-23,6006.0,6216.0,6216.0,5265.12,651
2021-02-24,6174.0,7098.0,7264.32,6090.42,589
2021-02-25,6972.0,6342.0,6972.0,6216.0,500
2021-02-26,6300.0,6048.0,6384.0,5670.0,327
2021-03-01,6300.0,6300.0,6384.0,6090.0,148
2021-03-02,6300.0,5838.0,6335.7,5712.0,341
2021-03-03,5880.0,5460.0,6090.0,5418.0,550
2021-03-04,5250.0,4956.0,5460.0,4746.0,627
2021-03-05,4956.0,5082.0,5208.0,4452.0,447
2021-03-08,5124.0,5082.0,5502.0,4956.0,304
2021-03-09,5376.0,5208.0,5376.0,5124.0,384
2021-03-10,5376.0,5292.0,5628.0,5082.0,350
2021-03-11,5418.0,5334.0,5418.0,5166.0,549
2021-03-12,5334.0,5712.0,5880.0,5166.42,1153
2021-03-15,6846.0,6468.0,7182.0,6216.0,5533
2021-03-16,7767.48,7056.0,7812.0,6720.0,6280
2021-03-17,6300.0,6405.0,6804.0,6090.0,1762
2021-03-18,6258.0,6216.0,6678.0,6132.0,841
2021-03-19,6300.0,5838.0,6342.0,5838.0,770
2021-03-22,6174.0,6006.0,6258.0,5796.0,953
2021-03-23,6006.0,5502.0,6006.0,5418.0,600
2021-03-24,5502.0,5166.0,5628.0,5103.0,489
2021-03-25,5040.0,5670.0,5670.0,4788.0,736
2021-03-26,5502.0,5502.0,5880.0,5250.0,423
2021-03-29,5586.0,5292.0,5622.96,5082.0,356
2021-03-30,5376.0,5460.0,5460.0,5124.0,382
2021-03-31,5796.0,5628.0,5838.0,5292.0,4226
2021-04-01,3990.0,4284.0,4326.0,3915.66,3964
2021-04-05,4200.0,4116.0,4284.0,4001.76,851
2021-04-06,4137.84,4192.44,4284.0,4074.0,787
2021-04-07,4040.4,4018.56,4116.0,3948.0,460
2021-04-08,4032.0,4015.2,4032.0,3948.84,271
2021-04-09,3987.9,3906.0,3990.0,3839.22,359
2021-04-12,3780.0,3549.42,3780.0,3486.0,590
2021-04-13,3360.0,3336.06,3402.0,3217.62,624
2021-04-14,3376.8,3570.0,3611.58,3234.0,395
2021-04-15,3578.82,3420.06,3611.58,3360.0,349
2021-04-16,3360.0,3333.96,3401.58,3192.0,381
2021-04-19,3402.0,3293.64,3486.0,3234.0,205
2021-04-20,3255.84,3653.16,4157.16,3246.8814,5222
2021-04-21,3213.0,3543.96,3569.16,3192.0,813
2021-04-22,3412.92,3511.2,3687.6,3360.0,407
2021-04-23,3492.3,3545.64,3570.0,3444.42,263
2021-04-26,3640.56,3733.8,3843.0,3490.62,538
2021-04-27,3799.74,4326.0,4493.58,3669.12,3571
2021-04-28,4109.7,3967.32,4116.0,3801.0,1252
2021-04-29,4032.0,4006.38,4032.0,3832.08,289
2021-04-30,3927.0,3842.58,3977.82,3822.42,262
2021-05-03,3900.12,3759.0,3900.12,3675.42,356
2021-05-04,3714.48,3570.84,3750.6,3444.42,564
2021-05-05,3532.2,3495.24,3779.58,3486.0,472
2021-05-06,3654.0,3360.0,3656.52,3276.42,365
2021-05-07,3389.4,3443.58,3465.0,3318.0,167
2021-05-10,3358.32,3267.6,3444.0,3255.0,212
2021-05-11,3053.4,3158.4,3273.48,2982.0,246
2021-05-12,3229.8,3064.32,3234.0,3048.78,226
2021-05-13,3360.0,3022.32,3385.2,2940.0,656
2021-05-14,3023.16,3274.74,3275.58,2940.0,192
2021-05-17,3234.0,3217.62,3234.0,3150.0,134
2021-05-18,3210.9,3402.0,3444.0,3210.9,210
2021-05-19,3402.0,3401.16,3402.0,3277.2642,198
2021-05-20,3402.0,3570.0,3716.37,3367.14,475
2021-05-21,3614.94,3738.0,3779.58,3570.0,227
2021-05-24,3708.6,3461.64,3736.74,3372.6,246
2021-05-25,3360.0,3477.18,3544.8,3360.0,68
2021-05-26,3384.36,3515.4,3607.8,3162.6,323
2021-05-27,3518.34,3517.5,3611.58,3402.84,142
2021-05-28,3486.42,3570.0,3654.0,3444.42,123
2021-06-01,3568.74,3612.0,3654.0,3444.42,155
2021-06-02,3486.0,3616.2,3670.8,3486.0,180
2021-06-03,3696.0,3557.4,3717.0,3526.8618,208
2021-06-04,3570.0,3606.96,3651.9,3562.02,119
2021-06-07,3562.86,3839.64,4074.0,3561.6,511
2021-06-08,3906.0,3772.02,3927.0,3696.0,179
2021-06-09,3780.0,3779.16,3864.0,3717.0,247
2021-06-10,3780.0,3721.2,3780.0,3616.2,203
2021-06-11,3696.0,3579.24,3780.0,3579.24,171
2021-06-14,3607.38,3644.76,3717.0,3573.78,172
2021-06-15,3654.0,3606.96,3717.0,3606.96,236
2021-06-16,3613.26,3640.98,3691.3758,3488.52,216
2021-06-17,3641.4,3667.44,3710.7,3585.96,304
2021-06-18,3528.0,3507.84,3654.0,3490.2,289
2021-06-21,3439.8,3374.28,3444.0,3255.0,373
2021-06-22,3276.0,3435.18,3435.18,3276.0,242
2021-06-23,3369.24,3339.0,3431.4,3333.54,124
2021-06-24,3360.0,3444.0,3444.0,3339.0,125
2021-06-25,3444.0,3485.16,3502.38,3365.04,180
2021-06-28,3517.5,3485.58,3569.58,3444.0,152
2021-06-29,3444.0,3444.0,3528.0,3331.86,187
2021-06-30,3402.0,3444.0,3453.66,3366.3,128
2021-07-01,3486.0,3423.0,3486.0,3374.7,134
2021-07-02,3360.0,3359.58,3486.0,3322.62,181
2021-07-06,3360.0,3326.4,3376.8,3318.0,120
2021-07-07,3326.4,3246.6,3359.58,3233.16,190
2021-07-08,3192.0,3168.48,3444.0,3133.2,707
2021-07-09,3150.0,3137.4,3186.96,3069.78,286
2021-07-12,3130.68,3024.0,3149.16,2923.2,315
2021-07-13,2940.0,2940.42,3005.1,2877.0,171
2021-07-14,2970.24,3003.42,3024.0,2858.1,165
2021-07-15,3066.0,2976.12,3066.0,2924.04,161
2021-07-16,2940.0,2856.0,2976.96,2856.0,160
2021-07-19,2772.0,2982.0,2982.0,2688.0,285
2021-07-20,2982.0,2990.4,3024.0,2856.42,119
2021-07-21,3030.72,3107.16,3137.4,2944.62,143
2021-07-22,3137.4,2974.44,3137.4,2940.0,311
2021-07-23,2291.94,2389.8,2394.0,2260.02,1665
2021-07-26,2514.54,2436.0,2674.98,2331.0,3080
2021-07-27,2387.7,2331.0,2436.0,2268.42,615
2021-07-28,2310.0,2377.2,2388.54,2310.0,427
2021-07-29,2360.4,2343.18,2360.4,2276.4,462
2021-07-30,2310.0,2283.96,2346.12,2270.52,236
2021-08-02,2270.94,2351.16,2389.8,2268.0,401
2021-08-03,2318.4,2331.84,2383.5,2295.3,233
2021-08-04,2373.0,2428.44,2702.7,2334.402,1489
2021-08-05,2436.0,2458.26,2520.0,2389.8,206
2021-08-06,2470.44,2460.36,2502.78,2415.0,160
2021-08-09,2757.72,2597.7,2759.4,2530.5,2125
2021-08-10,2604.0,2520.0,2660.7,2513.7,420
2021-08-11,2520.0,2479.68,2562.0,2355.78,285
2021-08-12,2528.82,2562.0,2646.0,2493.54,562
2021-08-13,2513.7,2479.26,2540.16,2388.54,243
2021-08-16,2416.26,2331.42,2421.3,2310.0,357
2021-08-17,2310.0,2214.24,2318.4,2184.21,487
2021-08-18,3011.4,2916.48,3598.98,2772.0,26961
2021-08-19,2674.56,2672.46,2750.16,2436.42,2799
2021-08-20,2436.0,2439.36,2645.58,2436.0,882
2021-08-23,2453.64,2441.46,2477.58,2354.1,810
2021-08-24,2519.58,2554.44,2630.04,2478.84,889
2021-08-25,2550.66,2612.82,2761.92,2520.42,880
2021-08-26,2604.0,2620.38,2688.0,2562.84,372
2021-08-27,2601.9,2626.26,2687.58,2601.9,293
2021-08-30,2626.26,2517.9,2626.26,2517.9,397
2021-08-31,2562.0,2641.8,2641.8,2525.25,368
2021-09-01,2688.0,2686.32,2805.18,2585.1,639
2021-09-02,2630.46,2680.44,2804.76,2627.52,396
2021-09-03,2670.36,2633.82,2670.78,2625.42,195
2021-09-07,2633.4,2721.18,2742.6,2625.0,394
2021-09-08,2746.8,2632.56,2746.8,2591.4,438
2021-09-09,2734.62,2685.48,2772.0,2633.4,730
2021-09-10,2689.26,2289.42,2961.0,2268.0,3176
2021-09-13,22961.82,17220.0,23100.0,17136.0,334
2021-09-14,19320.0,18606.0,25200.0,16968.0,2770
2021-09-15,17556.0,16548.0,18438.0,16464.0,351
2021-09-16,16422.0,16128.0,16590.0,15792.0,125
2021-09-17,16128.0,15750.0,16149.0,14994.0,229
2021-09-20,15540.0,14196.0,15540.0,14112.0,137
2021-09-21,14196.0,14490.0,15372.0,14196.0,149
2021-09-22,14490.0,14784.0,16359.84,14331.66,193
2021-09-23,14910.0,14532.0,15234.24,14364.0,95
2021-09-24,14658.0,14322.0,14658.0,14238.0,51
2021-09-27,14280.0,14280.0,15040.2,13902.0,187
2021-09-28,14364.0,13356.0,14366.1,13269.06,98
2021-09-29,13272.0,12138.0,13388.76,12000.24,153
2021-09-30,12138.0,11802.0,12138.0,11550.0,73
2021-10-01,11886.0,11886.0,12789.0,11634.0,103
2021-10-04,11970.0,11676.0,12180.0,11256.0,96
2021-10-05,11886.0,11550.0,11928.0,11382.0,42
2021-10-06,11424.0,11130.0,11592.0,10982.16,44
2021-10-07,11340.0,11508.0,11844.0,10962.0,124
2021-10-08,11466.0,11382.0,11508.0,11130.0,39
2021-10-11,11382.0,11676.0,11760.0,11214.0,49
2021-10-12,11424.0,11844.0,11886.0,11342.1,48
2021-10-13,11802.0,12474.0,12936.0,11611.74,146
2021-10-14,12348.0,12054.0,12348.0,11886.0,23
2021-10-15,12054.0,11970.0,12222.0,11676.0,53
2021-10-18,12306.0,11466.0,12306.0,11382.0,60
2021-10-19,12180.0,11802.0,12348.0,11592.0,117
2021-10-20,12180.0,12390.0,14910.0,11844.0,4755
2021-10-21,12852.0,12432.0,13104.0,11886.0,605
2021-10-22,11718.0,11382.0,11928.0,11004.0,540
2021-10-25,11130.84,11592.0,11718.0,10542.0,507
2021-10-26,11340.0,11256.0,11760.0,11046.0,108
2021-10-27,11172.0,10626.0,11340.0,10542.0,142
2021-10-28,10500.0,10584.0,10877.58,10374.0,86
2021-10-29,10374.0,10752.0,10962.0,10374.0,73
2021-11-01,10836.0,11424.0,12978.0,10794.0,1161
2021-11-02,11256.0,11004.0,11298.0,10794.0,117
2021-11-03,10920.0,11214.0,11340.0,10878.0,63
2021-11-04,11088.0,10752.0,11172.0,10752.0,54
2021-11-05,10752.0,10920.0,11159.4,10626.0,86
2021-11-08,10836.0,11340.0,11340.0,10752.0,57
2021-11-09,11214.0,11088.0,11340.0,10920.0,36
2021-11-10,11046.0,10416.0,11856.18,10038.0,304
2021-11-11,10290.0,10080.0,10625.58,9912.0,101
2021-11-12,10080.0,9870.0,10164.0,9744.0,55
2021-11-15,9996.0,9702.0,9996.0,9534.0,55
2021-11-16,9576.0,8988.0,9660.0,8484.0,151
2021-11-17,8736.0,8694.0,9450.0,8568.0,150
2021-11-18,8694.0,8274.0,8820.0,8106.0,74
2021-11-19,8064.0,8358.0,9240.0,8064.0,289
2021-11-22,8316.0,7896.0,8379.0,7812.0,56
2021-11-23,7896.0,7812.0,8064.0,7644.0,46
2021-11-24,7770.0,8232.0,9156.0,7602.42,356
2021-11-26,7854.0,8148.0,8232.0,7812.0,21
2021-11-29,8064.0,7938.0,8148.0,7854.0,28
2021-11-30,11424.0,8610.0,11466.0,8106.0,9803
2021-12-01,7896.0,7938.0,8316.0,7770.0,775
2021-12-02,7728.0,6636.0,7770.0,6426.0,719
2021-12-03,6342.0,6006.0,6546.12,5670.0,173
2021-12-06,5754.0,5880.0,6048.0,5334.0,156
2021-12-07,5838.0,6552.0,6594.0,5838.0,154
2021-12-08,6426.0,6846.0,6888.0,6258.0,93
2021-12-09,6720.0,6930.0,7056.0,6552.0,97
2021-12-10,7224.0,6678.0,7728.0,6594.0,293
2021-12-13,6552.0,6258.0,6720.0,6216.0,103
2021-12-14,6216.0,6804.0,6972.0,6090.0,337
2021-12-15,6846.0,6258.0,6846.0,6048.0,154
2021-12-16,6342.0,6048.0,6510.0,6048.0,89
2021-12-17,6006.0,6174.0,6468.0,5796.0,92
2021-12-20,5964.0,5922.0,6174.0,5680.92,74
2021-12-21,6006.0,6090.0,6300.0,5880.0,51
2021-12-22,6132.0,6174.0,6300.0,5922.0,49
2021-12-23,6090.0,6174.0,6384.0,6090.0,57
2021-12-27,6174.0,5838.0,6212.22,5712.0,155
2021-12-28,5712.0,5670.0,5838.0,5544.0,105
2021-12-29,5628.0,5670.0,5880.0,5376.0,67
2021-12-30,5628.0,5880.0,5964.0,5623.8,59
2021-12-31,5754.0,6069.0,6132.0,5754.0,73
2022-01-03,6258.0,6972.0,7033.32,6132.0,176
2022-01-04,6930.0,6636.0,7014.0,6552.0,47
2022-01-05,6678.0,6426.0,6930.0,6342.0,44
2022-01-06,6426.0,6174.0,6594.0,5754.0,195
2022-01-07,6216.0,6090.0,6384.0,5964.0,53
2022-01-10,6132.0,5964.0,6132.0,5712.0,52
2022-01-11,6006.0,6174.0,6342.0,5712.0,40
2022-01-12,6384.0,6132.0,6384.0,5922.0,32
2022-01-13,6426.0,6090.0,6549.06,6006.0,32
2022-01-14,6090.0,5922.0,6090.0,5712.0,32
2022-01-18,5880.0,5670.0,5922.0,5544.0,19
2022-01-19,5838.0,5544.0,5922.0,5502.0,19
2022-01-20,5544.0,5544.0,5796.0,5502.42,29
2022-01-21,5586.0,5250.0,5586.0,5057.64,31
2022-01-24,4662.0,5040.0,5157.6,4578.0,36
2022-01-25,4830.0,5082.0,5166.0,4830.0,11
2022-01-26,5124.0,5166.0,5418.0,5082.0,23
2022-01-27,5124.0,5040.0,5418.0,4914.0,26
2022-01-28,4872.0,5040.0,5166.0,4830.0,24
2022-01-31,5040.0,5376.0,5376.0,5040.0,6
2022-02-01,5250.0,5922.0,6048.0,5250.0,40
2022-02-02,6006.0,5754.0,6090.0,5712.0,14
2022-02-03,5544.0,5502.0,5707.8,5460.0,18
2022-02-04,5334.0,5712.0,5880.0,5334.0,11
2022-02-07,6006.0,6090.0,6090.0,5544.0,17
2022-02-08,6090.0,6321.0,6510.0,6050.94,39
2022-02-09,6189.96,6678.0,6678.0,6189.96,23
2022-02-10,6552.0,6678.0,6972.0,6520.5,38
2022-02-11,6762.0,6279.0,6762.0,6174.0,12
2022-02-14,6132.0,6006.0,6258.0,6006.0,9
2022-02-15,6048.0,6888.0,6888.0,6048.0,16
2022-02-16,6720.0,6761.58,6930.0,6510.0,23
2022-02-17,6846.0,6300.0,6846.0,6300.0,18
2022-02-18,6216.0,6258.0,6368.46,6090.0,20
2022-02-22,6090.0,5418.0,6258.0,5250.0,55
2022-02-23,5670.0,5292.0,5670.0,5208.42,8
2022-02-24,5040.0,5334.0,5376.0,4956.0,27
2022-02-25,5250.0,5292.0,5418.0,5111.4,9
2022-02-28,4746.0,4977.0,5149.2,4746.0,26
2022-03-01,5040.0,4956.0,5208.0,4956.0,15
2022-03-02,4872.0,4914.0,5208.0,4788.0,19
2022-03-03,4830.0,4746.0,5019.0,4746.0,26
2022-03-04,4746.0,4536.0,4787.58,4410.0,27
2022-03-07,4452.0,4452.0,4662.0,4326.0,23
2022-03-08,4368.0,4494.0,4620.0,4200.0,34
2022-03-09,4746.0,4914.0,5166.0,4746.0,35
2022-03-10,4746.0,4788.0,4935.0,4704.0,13
2022-03-11,4883.34,4788.0,5040.0,4704.0,10
2022-03-14,4704.0,4410.0,4914.0,4410.0,20
2022-03-15,4284.0,4452.0,4620.0,4284.0,23
2022-03-16,4620.0,4536.0,4788.0,4536.0,27
2022-03-17,4620.0,4536.0,4788.0,4536.0,23
2022-03-18,4578.0,4536.0,4788.0,4536.0,32
2022-03-21,4620.0,4662.0,4998.0,4368.0,53
2022-03-22,4830.0,4788.0,4914.0,4620.0,23
2022-03-23,4788.0,4914.0,5040.0,4704.0,19
2022-03-24,4914.0,4788.0,5082.0,4746.0,13
2022-03-25,4746.0,4746.0,5166.0,4662.0,65
2022-03-28,4830.0,4914.0,5042.1,4536.0,136
2022-03-29,4914.0,4704.0,4997.58,4620.0,85
2022-03-30,4746.0,4536.0,4746.0,4368.0,60
2022-03-31,5586.0,4452.0,5796.0,4410.0,7550
2022-04-01,4116.0,3990.0,4284.0,3864.0,1071
2022-04-04,4032.0,4116.0,4200.0,3948.0,280
2022-04-05,4011.0,3634.68,4032.0,3570.0,380
2022-04-06,3675.0,3412.5,3675.0,3200.82,336
2022-04-07,3239.88,3276.0,3420.06,3234.84,149
2022-04-08,3318.0,3318.0,3402.0,3170.58,94
2022-04-11,3150.0,3239.46,3297.0,3070.2,166
2022-04-12,3108.0,3066.0,3192.0,3017.28,115
2022-04-13,3041.64,3181.5,3264.24,3003.0,102
2022-04-14,3086.16,3149.16,3179.3958,3025.26,77
2022-04-18,3149.16,2846.76,3149.16,2784.18,140
2022-04-19,2873.64,2933.7,2981.58,2804.76,49
2022-04-20,2966.04,2895.4758,2966.04,2806.02,70
2022-04-21,2865.24,2734.2,2874.48,2697.66,61
2022-04-22,2809.38,2772.0,2847.6,2709.42,36
2022-04-25,2730.0,2884.56,2919.0,2667.42,150
2022-04-26,2856.0,2761.5,2898.0,2730.42,26
2022-04-27,2810.22,2725.8,2892.918,2688.0,26
2022-04-28,2677.92,2688.84,2730.0,2521.26,49
2022-04-29,2547.72,2604.0,2719.08,2547.72,248
2022-05-02,1554.0,1681.68,1722.0,1477.98,515
2022-05-03,1627.92,1661.1,1722.0,1598.1,123
2022-05-04,1722.0,1804.74,1806.0,1633.8,84
2022-05-05,1764.0,1690.5,1797.6,1682.52,32
2022-05-06,1713.6,1545.6,1763.9958,1508.64,61
2022-05-09,1515.78,1524.6,1579.2,1491.0,37
2022-05-10,1535.1,1539.8586,1670.76,1387.26,41
2022-05-11,1793.4,1432.2,1793.4,1388.1,41
2022-05-12,1302.0,1366.2642,1428.0,1176.0,85
2022-05-13,1554.0,1428.0,1554.0,1306.2,30
2022-05-16,1428.0,1386.0,1470.0,1302.0,105
2022-05-17,1433.04,1482.18,1554.0,1386.42,104
2022-05-18,1591.8,1687.56,1784.58,1465.38,167
2022-05-19,1636.74,1659.0,1890.0,1554.0,104
2022-05-20,1609.02,1523.76,1637.9958,1428.0,82
2022-05-23,1570.8,1496.04,1570.8,1428.0,49
2022-05-24,1675.8,1427.16,1675.8,1352.82,37
2022-05-25,1386.0,1344.0,1428.0,1326.36,32
2022-05-26,1353.24,1512.42,1824.9,1344.0,118
2022-05-27,1478.4,1543.5,1596.0,1478.4,20
2022-05-31,1596.0,1470.0,1638.0,1428.42,72
2022-06-01,1475.04,1399.86,1528.8,1391.46,40
2022-06-02,1469.58,1386.0,1509.9,1306.2,28
2022-06-03,1470.0,1323.0,1470.0,1323.0,26
2022-06-06,1348.2,1238.1558,1423.38,1218.0,133
2022-06-07,1338.96,1219.26,1344.0,1218.42,71
2022-06-08,1260.0,1260.0,1302.0,1236.9,43
2022-06-09,1264.62,1297.8,1344.0,1260.0,83
2022-06-10,1297.8,1297.8,1386.0,1264.62,38
2022-06-13,1218.0,1239.0,1302.0,1218.0,51
2022-06-14,1253.7,1227.66,1302.0,1218.0,21
2022-06-15,1243.62,1260.0,1302.0,1218.42,48
2022-06-16,1257.9,1260.0,1260.0,1180.2,41
2022-06-17,1255.8,1260.0,1302.0,1213.8,149
2022-06-21,1218.0,1264.2,1306.2,1218.0,60
2022-06-22,1255.8,1203.72,1302.0,1203.72,59
2022-06-23,1224.3,1220.94,1285.62,1201.2,61
2022-06-24,1227.24,1241.1,1290.24,1218.0,78
2022-06-27,1243.62,1239.0,1287.3,1201.6242,55
2022-06-28,1251.6,1386.0,1467.06,1251.6,134
2022-06-29,1535.52,1344.0,1596.0,1302.0,2283
2022-06-30,1283.1,840.0,1292.34,840.0,1564
2022-07-01,917.7,944.16,999.6,798.84,579
2022-07-05,924.0,873.6,924.0,846.72,363
2022-07-06,882.0,1045.8,1218.0,856.8,1385
2022-07-07,1050.0,1071.0,1099.98,967.26,2391
2022-07-08,1050.0,1054.2,1112.5758,984.06,4271
2022-07-11,991.2,882.0,1008.0,882.0,2398
2022-07-12,1003.8,936.18,1196.16,858.06,10856
2022-07-13,873.6,903.0,994.98,858.48,1442
2022-07-14,882.0,838.74,894.6,787.92,1720
2022-07-15,588.0,659.4,714.0,564.9,4131
2022-07-18,666.96,645.96,671.58,630.0,932
2022-07-19,658.56,685.44,714.0,653.1,924
2022-07-20,693.0,716.1,732.9,672.0,780
2022-07-21,775.32,748.86,814.8,718.2,678
2022-07-22,756.0,708.96,793.38,677.46,708
2022-07-25,691.74,658.56,713.58,630.0,868
2022-07-26,655.2,601.44,655.2,588.0,526
2022-07-27,603.96,674.1,693.0,601.44,745
2022-07-28,693.0,659.4,693.0,641.34,471
2022-07-29,655.2,617.82,655.2,612.36,694
2022-08-01,613.2,588.84,625.8,588.84,587
2022-08-02,585.9,579.6,630.0,567.84,537
2022-08-03,602.7,615.3,625.8,582.96,475
2022-08-04,651.0,652.26,672.0,632.1,538
2022-08-05,672.0,650.16,672.0,639.66,244
2022-08-08,650.58,663.18,693.0,639.24,275
2022-08-09,662.34,635.04,662.76,622.86,185
2022-08-10,635.46,661.5,661.5,635.46,702
2022-08-11,672.0,699.3,756.0,661.5,1250
2022-08-12,697.2,723.24,745.92,688.8,353
2022-08-15,744.24,717.78,744.24,693.0,789
2022-08-16,700.98,672.0,707.6958,663.6,305
2022-08-17,680.4,651.42,688.38,651.0,169
2022-08-18,667.8,643.44,671.16,643.44,113
2022-08-19,643.44,650.58,667.38,630.0,142
2022-08-22,667.8,630.42,667.8,611.94,163
2022-08-23,642.6,630.84,651.0,612.36,244
2022-08-24,632.1,677.04,703.5,630.84,380
2022-08-25,653.52,553.98,686.7,505.26,2750
2022-08-26,565.6,463.4,565.6,452.2,2539
2022-08-29,435.4,445.2,456.4,435.4,1262
2022-08-30,448.0,455.0,489.986,401.8,8464
2022-08-31,439.6,429.8,462.0,413.0,3356
2022-09-01,448.0,415.8,536.2,403.2,8695
2022-09-02,418.6,445.2,488.6,414.414,11325
2022-09-06,534.8,590.8,686.0,508.2,216052
2022-09-07,532.0,453.6,541.8,425.6,11781
2022-09-08,441.0,452.2,477.4,441.0,4855
2022-09-09,450.8,421.4,461.986,407.414,3802
2022-09-12,420.0,413.0,434.0,408.8,1920
2022-09-13,407.4,403.2,509.6,394.8,15488
2022-09-14,406.0,354.2,413.0,352.8,5730
2022-09-15,308.0,285.6,323.4,281.4,3708
2022-09-16,284.2,242.2,284.2,242.2,2180
2022-09-19,235.2,219.8,238.7,189.0,6113
2022-09-20,208.6,204.4,219.8,201.6,1542
2022-09-21,198.8,196.0,217.0,189.0,3259
2022-09-22,191.8,182.0,204.274,166.6,2753
2022-09-23,179.2,191.8,217.0,172.2,3256
2022-09-26,191.8,189.0,214.256,184.8,3074
2022-09-27,191.8,219.8,229.502,182.0,10453
2022-09-28,205.8,211.4,240.8,198.8,6599
2022-09-29,203.0,203.0,215.6,194.6,2790
2022-09-30,226.8,207.2,231.0,205.8,2959
2022-10-03,197.4,228.2,240.8,197.4,2403
2022-10-04,233.8,231.0,243.6,223.37,1712
2022-10-05,235.2,257.6,327.6,235.2,10230
2022-10-06,274.4,226.8,278.6,221.2,3746
2022-10-07,238.0,212.8,287.0,211.4,10160
2022-10-10,215.6,215.6,231.0,197.4,1672
2022-10-11,218.4,210.0,219.8,203.0,525
2022-10-12,210.0,211.4,216.972,189.0,888
2022-10-13,205.8,197.4,214.2,191.8,855
2022-10-14,196.0,156.8,208.6,154.0,2705
2022-10-17,162.4,162.4,170.884,156.8,992
2022-10-18,163.8,193.2,197.4,162.4,2067
2022-10-19,189.0,166.6,192.99,154.0,1604
2022-10-20,166.6,168.0,179.242,162.4,2020
2022-10-21,168.0,168.0,176.4,165.2,687
2022-10-24,175.0,173.6,187.6,165.116,1212
2022-10-25,179.2,158.2,225.4,148.4,19293
2022-10-26,179.2,165.2,193.2,156.8,17316
2022-10-27,173.6,159.6,182.0,155.4,8819
2022-10-28,162.4,158.2,163.8,149.8,5501
2022-10-31,177.8,154.0,180.6,144.2,92775
2022-11-01,148.4,133.7,149.8,130.2,18317
2022-11-02,131.628,132.3,137.2,121.8,6425
2022-11-03,130.2,130.9,135.52,126.0,2382
2022-11-04,133.0,137.2,147.0,130.2,9734
2022-11-07,141.4,141.4,148.4,133.0,8047
2022-11-08,141.4,131.6,141.4,129.08,3838
2022-11-09,128.8,123.2,128.884,119.644,6071
2022-11-10,123.2,121.8,126.99386,119.028,2769
2022-11-11,121.94,123.802,128.8,119.0,2475
2022-11-14,121.758,124.586,127.4,119.0,3553
2022-11-15,124.6,124.642,128.8,121.968,3169
2022-11-16,124.642,122.486,125.832,120.484,1519
2022-11-17,121.8,122.178,123.9588,120.4,1025
2022-11-18,124.6,107.59,124.6,105.014,4711
2022-11-21,100.8,95.102,100.8,90.216,4101
2022-11-22,102.214,94.5,108.066,88.214,4795
2022-11-23,93.8,92.428,95.508,89.628,1548
2022-11-25,91.0,95.2,95.508,91.0,429
2022-11-28,91.0,111.3,111.3,91.0,3360
2022-11-29,114.8,110.04,115.486,105.35,1801
2022-11-30,114.8,116.2,116.2,106.736,1841
2022-12-01,120.4,112.028,120.4,109.788,1093
2022-12-02,113.4,117.642,119.0,112.77,1593
2022-12-05,116.9,112.0,117.6,105.0,1581
2022-12-06,110.6,112.406,112.406,101.822,906
2022-12-07,110.6,106.442,110.6,103.6,531
2022-12-08,103.25,104.986,105.84,98.434,686
2022-12-09,105.0,92.428,105.0,87.01,1468
2022-12-12,96.614,96.586,104.86,88.34,2058
2022-12-13,93.296,93.716,99.4,88.2,1356
2022-12-14,93.8,90.958,93.8,87.22,836
2022-12-15,88.62,84.014,90.3,81.368,1224
2022-12-16,86.52,75.6,86.8,71.68,1743
2022-12-19,78.89,80.08,84.0,72.94,1754
2022-12-20,81.256,74.76,96.586,71.54,3449
2022-12-21,72.8,70.854,82.586,70.0,2203
2022-12-22,70.07,66.626,76.048,64.638,2870
2022-12-23,67.522,64.4,72.478,60.242,2286
2022-12-27,64.4,69.72,84.0,61.18,4305
2022-12-28,67.634,68.6,69.706,62.65,1487
2022-12-29,71.4,110.6,122.36,67.59214,25281
2022-12-30,125.244,122.584,149.632,87.09414,41910
2023-01-03,112.0,123.9,148.4,103.614,16176
2023-01-04,112.882,154.0,157.976,109.2,32249
2023-01-05,156.8,161.0,179.2,149.8,19427
2023-01-06,161.0,147.0,161.0,126.88914,13866
2023-01-09,135.8,127.4,138.6,112.0,9529
2023-01-10,121.8,129.542,138.6,121.254,3544
2023-01-11,128.8,115.64,128.8,108.556,4565
2023-01-12,112.56,103.376,117.32,98.0,5821
2023-01-13,102.2,90.986,105.0,84.0,30187
2023-01-17,100.87,86.8,106.4,77.0,41825
2023-01-18,85.0,96.8,102.0,79.0,56614
2023-01-19,88.2,91.8,99.798,87.2,20119
2023-01-20,93.0,95.0,99.0,89.0,24265
2023-01-23,95.4,91.0,104.0,89.2,16623
2023-01-24,90.6,88.4,93.8,87.0,9199
2023-01-25,140.0,108.0,149.8,100.0,893208
2023-01-26,105.8,113.6,118.6,101.8,36924
2023-01-27,112.0,108.6,116.4,104.0,21580
2023-01-30,108.6,117.2,132.7,108.6,56764
2023-01-31,110.6,108.4,115.998,101.2,33651
2023-02-01,109.4,103.4,112.508,101.4,12104
2023-02-02,102.6,108.6,128.8,101.6,79630
2023-02-03,107.6,103.2,107.6,100.6,13637
2023-02-06,102.0,95.0,106.0,93.1,15999
2023-02-07,94.2,91.6,96.0,88.424,4790
2023-02-08,91.0,87.2,95.8,84.2,9584
2023-02-09,85.6,82.2,86.2,80.2,7289
2023-02-10,80.0,77.8,82.0,77.6,4202
2023-02-13,77.2,72.9,80.0,71.0,5049
2023-02-14,71.2,70.4,72.8,67.8,4010
2023-02-15,69.6,75.8,77.6,68.202,4001
2023-02-16,75.2,74.0,77.55,73.8,1922
2023-02-17,74.6,78.4,82.0,73.0,6407
2023-02-21,75.6,84.0,87.2,75.2,6503
2023-02-22,82.2,77.0,84.3,74.4,3468
2023-02-23,78.0,75.6,78.0,73.8,1851
2023-02-24,73.8,74.6,77.2,72.476,1260
2023-02-27,74.2,69.8,75.8,69.4,1585
2023-02-28,68.4,71.2,72.8,68.4,1697
2023-03-01,71.2,71.6,73.0,70.4,1668
2023-03-02,71.0,72.0,72.2,70.0,1171
2023-03-03,72.8,74.4,77.8,71.2,1464
2023-03-06,73.2,73.6,75.998,72.002,1175
2023-03-07,73.0,71.0,75.49,71.0,1689
2023-03-08,72.0,71.0,72.986,70.2,1110
2023-03-09,80.6,75.6,85.0,73.51,36796
2023-03-10,73.6,74.0,75.486,72.002,3592
2023-03-13,74.8,61.6,75.0,60.616,7176
2023-03-14,58.8,56.0,59.2,55.2,1851
2023-03-15,55.8,59.6,59.8,55.8,1951
2023-03-16,59.2,61.8,61.998,56.476,2226
2023-03-17,62.4,61.4,62.4,60.0,1323
2023-03-20,60.6,61.8,63.76,60.0,1812
2023-03-21,62.0,64.2,65.48,61.8,2642
2023-03-22,68.0,61.0,68.0,60.8,2339
2023-03-23,65.8,62.2,65.8,60.0,1337
2023-03-24,62.0,60.6,63.598,60.2,439
2023-03-27,60.4,60.0,61.8,58.0,1284
2023-03-28,58.8,54.2,60.0,53.6,2685
2023-03-29,55.6,49.8,56.4,49.8,3396
2023-03-30,52.0,52.0,54.0,49.8,1307
2023-03-31,53.2,53.6,57.4,51.8,1470
2023-04-03,51.4,48.4,54.0,48.0,2920
2023-04-04,48.4,53.8,64.398,48.4,32047
2023-04-05,47.0,45.6,49.2,44.2,4609
2023-04-06,46.0,48.4,49.8,46.0,2408
2023-04-10,49.0,48.6,50.0,47.142,876
2023-04-11,49.916,46.2,51.0,46.2,1566
2023-04-12,48.4,46.2,49.6,46.2,1245
2023-04-13,45.0,46.0,50.2,45.0,2348
2023-04-14,47.3,52.8,59.0,46.6,8083
2023-04-17,51.6,53.2,72.998,51.6,44345
2023-04-18,51.8,48.2,51.982,46.8,4679
2023-04-19,48.4,51.402,53.678,48.2,2881
2023-04-20,51.4,54.0,54.8,51.4,2724
2023-04-21,54.0,55.4,56.794,54.0,2305
2023-04-24,55.2,55.5,56.4,54.0,1397
2023-04-25,56.0,55.6,59.5,53.202,7157
2023-04-26,56.8,57.0,60.0,56.4,2725
2023-04-27,57.8,56.6,58.4,56.4,818
2023-04-28,57.4,58.2,64.998,56.402,7389
2023-05-01,56.0,56.0,58.0,55.402,2705
2023-05-02,57.472,52.0,57.472,52.0,1687
2023-05-03,50.6,52.6,54.8,50.0,1687
2023-05-04,53.6,55.8,55.906,52.58,1463
2023-05-05,54.7,55.6,56.2,53.4,699
2023-05-08,54.2,57.6,57.6,54.2,1308
2023-05-09,57.6,57.0,59.2,56.2,1190
2023-05-10,57.8,59.2,62.4,57.602,2259
2023-05-11,61.8,57.4,61.8,57.4,779
2023-05-12,58.0,55.4,58.6,52.0,1302
2023-05-15,56.4,54.4,56.4,52.002,1930
2023-05-16,55.2,52.8,55.598,52.6,1617
2023-05-17,54.0,53.2,55.96,52.8,404
2023-05-18,53.42,48.4,54.376,45.6,2834
2023-05-19,48.4,43.6,50.0,43.2,11651
2023-05-22,43.4,47.598,47.8,41.4,4291
2023-05-23,46.2,44.4,46.2,41.4,3358
2023-05-24,45.6,42.002,45.6,41.414,2884
2023-05-25,42.0,37.0,42.2,36.8,3687
2023-05-26,38.0,40.2,41.8,37.0,2830
2023-05-30,39.8,39.4,41.58,37.802,1905
2023-05-31,38.4,37.2,38.9,35.444,2589
2023-06-01,38.202,38.8,39.398,37.0,1316
2023-06-02,38.4,39.0,44.4,38.0,10235
2023-06-05,38.6,34.002,39.8,34.0,6417
2023-06-06,36.2,31.802,37.0,31.8,4610
2023-06-07,32.0,33.2,34.0,30.8,3312
2023-06-08,35.0,28.0,35.6,25.532,12462
2023-06-09,28.0,24.4,28.6,24.0,14870
2023-06-12,26.2,22.836,26.2,22.3,7472
2023-06-13,57.2,30.4,59.998,28.0,4529091
2023-06-14,32.2,35.0,36.0,30.2,157228
2023-06-15,35.6,38.0,39.0,32.4,74079
2023-06-16,35.4,35.2,36.8,33.0,28917
2023-06-20,35.6,35.8,37.4,34.376,20300
2023-06-21,35.0,34.8,35.0,32.3,15945
2023-06-22,33.8,32.8,34.8,32.6,10753
2023-06-23,33.6,32.8,35.0,32.0,11444
2023-06-26,33.2,33.8,34.598,32.0,9820
2023-06-27,33.2,31.6,33.8,31.6,9314
2023-06-28,32.2,31.0,32.2,29.8,8465
2023-06-29,30.8,32.0,32.8,29.6,17643
2023-06-30,32.6,32.0,32.6,31.4,5948
2023-07-03,32.0,30.4,32.998,29.002,15935
2023-07-05,30.2,30.4,30.8,29.2,5664
2023-07-06,30.0,28.8,30.0,28.4,7078
2023-07-07,29.2,28.2,29.2,27.4,14316
2023-07-10,28.4,29.4,29.4,27.0,22178
2023-07-11,28.6,29.6,29.8,28.4,8249
2023-07-12,29.6,26.8,30.4,26.0,60500
2023-07-13,15.8,18.1,23.6,15.8,153950
2023-07-14,18.4,19.0,19.2,18.2,23898
2023-07-17,18.6,16.202,18.604,16.2,37768
2023-07-18,13.902,13.802,15.2,13.426,42244
2023-07-19,11.602,13.98,14.4,11.602,70362
2023-07-20,13.944,13.42,14.33,13.0,15469
2023-07-21,13.46,12.74,13.998,12.232,17942
2023-07-24,12.8,12.22,13.2,11.8,9481
2023-07-25,12.4,11.48,12.4,11.48,12140
2023-07-26,11.672,11.4,12.0,10.994,9375
2023-07-27,11.106,11.2,11.4,10.59752,7488
2023-07-28,11.22,11.0,11.534,10.4,6851
2023-07-31,11.48,10.946,11.48,10.466,6812
2023-08-01,10.64,10.38,11.0,10.0,18594
2023-08-02,10.58,10.4,10.776,9.6,11961
2023-08-03,10.12,10.388,10.448,10.06,4622
2023-08-04,10.6,10.38,10.6,10.0,4011
2023-08-07,10.56,9.582,10.6,9.3,9650
2023-08-08,9.8,9.244,10.0,9.0,9062
2023-08-09,9.4,9.38,9.584,8.896,8328
2023-08-10,9.45,8.0,9.452,8.0,9004
2023-08-11,8.58,8.538,8.78,8.1,6387
2023-08-14,8.63,8.448,8.998,8.446,6861
2023-08-15,8.448,8.466,8.798,8.1,6496
2023-08-16,8.236,8.008,8.7,8.008,8324
2023-08-17,8.2,8.0,8.22,7.8,8019
2023-08-18,8.0,7.308,8.0,7.2,8118
2023-08-21,7.602,7.1,8.172,7.026,6990
2023-08-22,7.6,7.0,7.6,6.84,7673
2023-08-23,7.118,6.866,7.2,6.798,5698
2023-08-24,7.2,6.62,7.358,6.6,6348
2023-08-25,6.8,6.5,7.0,6.4,6580
2023-08-28,6.5,6.56,6.694,6.254,8475
2023-08-29,6.7,6.188,7.996,6.0,49080
2023-08-30,6.56,6.0,6.56,5.466,27039
2023-08-31,6.1,6.2,6.2,5.8,9356
2023-09-01,6.36,5.8,6.36,5.7,24304
2023-09-05,6.364,9.0,15.796,5.466,3297303
2023-09-06,8.4,8.594,8.8,7.2,146152
2023-09-07,7.99,9.176,9.176,7.82,70643
2023-09-08,9.2,8.304,9.2,8.166,20861
2023-09-11,8.0,8.0,8.0,8.0,5
2023-09-12,8.122,8.012,8.39798,7.55,17024
2023-09-13,7.944,8.702,8.896,7.66,21542
2023-09-14,18.22,10.16,22.2,9.6422,6571899
2023-09-15,9.424,8.8,10.076,8.0,253312
2023-09-18,7.98,7.78,8.398,7.6,107480
2023-09-19,7.8,7.22,7.898,7.0,63385
2023-09-20,7.2,7.1,7.6,7.0,33485
2023-09-21,6.606,7.18,7.764,6.606,36085
2023-09-22,7.0,6.976,7.32,6.702,27475
2023-09-25,7.0,6.498,7.0,6.204,33450
2023-09-26,6.236,6.162,6.758,6.042,26622
2023-09-27,6.4,6.0,6.42,5.5,38245
2023-09-28,5.7,5.998,6.0,5.7,23163
2023-09-29,6.046,5.8,6.398,5.8,25536
2023-10-02,6.0,5.916,6.084,5.6,11406
2023-10-03,5.988,6.04,6.14,5.812,14516
2023-10-04,6.02,5.94,6.2,5.8,11629
2023-10-05,6.106,5.98,6.106,5.8,10211
2023-10-06,6.026,6.6,6.78,5.9,37091
2023-10-09,6.466,6.202,6.466,6.0,10878
2023-10-10,5.988,6.158,6.2,5.83,10772
2023-10-11,6.14,6.42,6.6,5.85,19769
2023-10-12,6.272,7.58,8.0,6.2,212067
2023-10-13,7.402,7.01,7.6,6.668,38976
2023-10-16,6.762,6.962,7.0,6.626,24970
2023-10-17,7.0,6.72,7.0,6.62,11900
2023-10-18,6.886,6.2,6.886,6.0,23603
2023-10-19,6.17,5.97,6.2,5.784,12754
2023-10-20,6.0,5.78,6.16,5.6,12904
2023-10-23,6.14,5.88,6.14,5.668,7804
2023-10-24,5.8,6.0,6.2,5.8,7020
2023-10-25,5.92,5.9,5.978,5.72,7280
2023-10-26,5.6,5.78,5.9,5.6,6189
2023-10-27,5.628,5.6,5.8,5.6,6300
2023-10-30,5.7,5.61,5.8,5.6,4767
2023-10-31,5.6,5.774,5.8,5.6,2502
2023-11-01,5.63,5.71626,5.8,5.63,1199
2023-11-02,5.602,6.16,6.2,5.602,18176
2023-11-03,5.976,6.286,6.354,5.976,4298
2023-11-06,5.964,5.8,6.29598,5.756,10250
2023-11-07,5.802,5.7,5.9,5.6,8783
2023-11-08,5.732,5.78,5.866,5.602,3683
2023-11-09,5.866,5.64952,5.866,5.6,11021
2023-11-10,5.586,5.528,5.6,5.51,9545
2023-11-13,5.6,5.56,5.6,5.21,11718
2023-11-14,5.406,5.6,5.7,5.362,12281
2023-11-15,5.38,5.384,5.57798,5.104,14926
2023-11-16,5.228,5.4,5.68,5.228,11271
2023-11-17,5.4,5.312,5.4,5.14,19295
2023-11-20,5.32,5.34,5.6,5.2,16317
2023-11-21,5.6,5.34,5.6,5.2,7149
2023-11-22,4.638,5.04,5.4,4.44,20461
2023-11-24,4.888,4.962,5.1,4.68,6163
2023-11-27,4.98,4.712,4.98,4.62,6480
2023-11-28,4.8,4.6,4.998,4.5,13462
2023-11-29,4.8,4.8,4.868,4.8,4516
2023-11-30,5.06,5.5,5.6,4.9,27415
2023-12-01,5.334,5.7,5.9,5.02,50877
2023-12-04,5.78,6.6,6.778,5.78,29918
2023-12-05,6.376,6.58,6.64,6.2,14856
2023-12-06,6.6,6.48,6.708,6.302,26458
2023-12-07,6.32,6.38,6.4,6.0,10141
2023-12-08,6.236,6.5,6.5,6.00394,9386
2023-12-11,6.556,6.0,6.598,6.0,13658
2023-12-12,6.09,6.2,6.208,5.92,8680
2023-12-13,6.308,6.128,6.308,5.7,13921
2023-12-14,5.892,5.1,5.896,5.02,37363
2023-12-15,5.34,4.418,5.5,4.418,33267
2023-12-18,4.5,3.44,4.65,3.42,185751
2023-12-19,3.52,3.55,3.8,2.75,241000
2023-12-20,3.4,3.65,3.94,3.1001,128521
2023-12-21,3.79,3.62,3.79,3.5081,30029
2023-12-22,3.63,3.925,4.0,3.63,78619
2023-12-26,3.88,3.69,3.88,3.69,23010
2023-12-27,12.98,5.53,14.51,5.37,26552562
2023-12-28,5.2,4.69,6.35,4.37,2472413
2023-12-29,4.62,4.2,4.7,4.2,376781
2024-01-02,4.15,3.82,4.15,3.82,1276313
2024-01-03,5.13,5.46,6.15,4.77,7831463
2024-01-04,4.9,5.44,5.73,4.85,770323
2024-01-05,5.08,5.57,5.99,5.08,830873
2024-01-08,5.2,5.29,5.67,5.1,227648
2024-01-09,5.07,4.89,5.23,4.8,235045
2024-01-10,4.75,4.45,4.95,4.41,194078
2024-01-11,4.47,4.29,4.5488,4.18,119298
2024-01-12,4.2,4.05,4.29,4.011,78724
2024-01-16,4.0,3.86,4.06,3.8155,82188
2024-01-17,3.8,3.84,3.9575,3.6801,82677
2024-01-18,3.77,3.76,3.9299,3.64,88063
2024-01-19,3.7,3.46,3.97,3.4,253845
2024-01-22,3.45,3.47,3.6739,3.36,66069
2024-01-23,3.45,3.6,3.67,3.45,171683
2024-01-24,3.83,3.6,3.9,3.5054,184256
2024-01-25,3.6,4.09,4.09,3.42,244778
2024-01-26,4.06,4.95,5.3,4.06,579416
2024-01-29,4.8,4.87,5.497,4.7,285161
2024-01-30,4.74,4.81,4.9999,4.5,81907
2024-01-31,4.71,5.3,5.798,4.6577,339878
2024-02-01,5.25,5.14,5.59,4.95,159594
2024-02-02,5.2,5.14,5.22,4.9012,95952
2024-02-05,5.05,5.15,5.16,4.8842,57915
2024-02-06,5.05,5.09,5.14,4.91,24791
2024-02-07,5.05,5.57,5.6499,5.05,108086
2024-02-08,5.45,5.38,5.6499,5.1635,95697
2024-02-09,5.38,5.43,5.63,5.27,65641
2024-02-12,5.41,5.49,5.5518,5.1,82717
2024-02-13,5.48,4.99,5.4999,4.99,44775
2024-02-14,5.06,5.2,5.2,4.9,38882
2024-02-15,5.2,5.15,5.3187,5.01,59143
2024-02-16,5.1,5.23,5.25,5.0534,38973
2024-02-20,5.24,5.17,5.5,5.1501,46763
2024-02-21,5.1284,4.96,5.2,4.96,25041
2024-02-22,5.04,5.1,5.25,4.9616,31689
2024-02-23,5.1,5.86,6.0,5.0,190433
2024-02-26,5.8,5.94,6.0,5.7,86524
2024-02-27,6.01,6.9,6.91,5.98,271650
2024-02-28,6.85,7.6,7.6798,6.7,209428
2024-02-29,7.89,7.89,8.43,7.665,167316
2024-03-01,7.89,9.24,9.35,7.8134,239957
2024-03-04,7.95,7.03,8.4507,6.93,160424
2024-03-05,7.04,7.81,8.25,7.04,174215
2024-03-06,8.19,7.45,8.19,7.13,60508
2024-03-07,7.43,7.16,7.86,6.95,62362
2024-03-08,7.16,6.82,7.2,6.8,75287
2024-03-11,7.04,5.87,7.12,5.8,87912
2024-03-12,5.96,5.68,6.09,5.39,72787
2024-03-13,5.8,6.53,6.95,5.8,123485
2024-03-14,6.3,5.37,6.31,4.7,1118201
2024-03-15,5.0,4.74,5.28,4.7,150030
2024-03-18,4.75,4.87,4.95,4.47,81844
2024-03-19,4.87,4.85,5.07,4.75,35868
2024-03-20,4.98,4.63,4.98,4.5,70269
2024-03-21,4.65,4.48,4.65,4.37,73409
2024-03-22,4.467,4.42,4.54,4.25,45005
2024-03-25,4.45,4.12,4.45,4.0,57530
2024-03-26,4.1,3.97,4.15,3.9,44597
2024-03-27,4.04,3.95,4.1399,3.835,42349
2024-03-28,3.99,4.38,4.55,3.85,70539
2024-04-01,4.58,4.24,4.58,4.04,63119
2024-04-02,4.15,4.08,4.3,3.8714,27280
2024-04-03,3.99,3.98,4.23,3.91,19158
2024-04-04,4.11,4.09,4.11,3.97,16155
2024-04-05,4.02,3.96,4.08,3.89,33235
2024-04-08,3.98,3.78,4.0572,3.71,42560
2024-04-09,3.73,3.65,3.775,3.5,25328
2024-04-10,3.7,3.42,3.7,3.39,33333
2024-04-11,3.63,3.4199,3.63,3.3,17543
2024-04-12,3.54,3.32,3.55,3.25,41067
2024-04-15,3.46,3.27,3.55,3.15,34733
2024-04-16,3.18,3.02,3.2975,2.97,63012
2024-04-17,2.93,2.9,3.0532,2.76,50454
2024-04-18,2.87,2.84,2.88,2.65,38061
2024-04-19,3.02,2.6,3.02,2.49,83674
2024-04-22,2.67,2.91,3.1,2.42,83264
2024-04-23,2.92,3.12,3.3999,2.9,151007
2024-04-24,3.14,3.02,3.2374,2.9,48444
2024-04-25,3.01,2.73,3.01,2.72,45267
2024-04-26,2.67,2.74,2.81,2.55,45316
2024-04-29,2.82,2.68,2.96,2.65,36431
2024-04-30,2.73,2.64,2.73,2.62,8809
2024-05-01,2.65,2.84,2.86,2.65,15170
2024-05-02,2.92,2.79,2.9899,2.7,48262
2024-05-03,2.85,2.6,2.9872,2.59,45938
2024-05-06,2.7898,2.6,2.7898,2.3335,95388
2024-05-07,2.7,2.64,2.77,2.61,14867
2024-05-08,2.6754,2.78,2.83,2.6754,45411
2024-05-09,2.81,2.82,2.87,2.78,5232
2024-05-10,2.69,2.85,2.85,2.64,26775
2024-05-13,2.85,2.99,2.99,2.8,19354
2024-05-14,3.01,2.97,3.0743,2.77,38268
2024-05-15,2.9186,2.83,3.04,2.74,44733
2024-05-16,2.93,2.96,3.05,2.83,56525
2024-05-17,3.095,2.98,3.16,2.8692,16144
2024-05-20,3.0,2.85,3.0,2.84,16491
2024-05-21,2.838,2.86,2.9,2.64,11759
2024-05-22,2.99,2.942,2.99,2.85,12123
2024-05-23,2.81,2.82,2.91,2.68,14474
2024-05-24,2.83,2.57,2.85,2.55,11532
2024-05-28,2.84,2.57,2.84,2.55,29255
2024-05-29,2.71,2.57,2.8483,2.55,35810
2024-05-30,2.6003,2.63,2.7843,2.6,30158
2024-05-31,2.63,2.7,2.75,2.63,14364
2024-06-03,2.6864,2.78,2.8599,2.55,15620
2024-06-04,2.66,2.57,2.73,2.56,13033
2024-06-05,2.7,2.53,2.7,2.51,9835
2024-06-06,2.5537,2.52,2.6377,2.5,13359
2024-06-07,2.61,2.4426,2.61,2.29,14053
2024-06-10,2.38,2.365,2.4599,2.2,55760
2024-06-11,2.41,2.2,2.41,2.1,35394
2024-06-12,2.33,2.07,2.33,1.98,41473
2024-06-13,2.0648,2.2,2.32,2.0648,27032
2024-06-14,2.29,2.07,2.29,2.05,11868
2024-06-17,2.06,2.08,2.1799,1.87,29928
2024-06-18,2.15,1.94,2.15,1.89,17896
2024-06-20,1.91,2.07,2.29,1.81,107115
2024-06-21,2.19,1.81,2.19,1.8,62752
2024-06-24,1.91,1.7715,1.93,1.7,37640
2024-06-25,1.73,1.8,1.91,1.73,47133
2024-06-26,1.76,1.72,1.84,1.72,13954
2024-06-27,1.54,1.2,1.54,1.1,1241088
2024-06-28,1.25,1.2301,1.29,1.1939,119228
2024-07-01,1.24,1.12,1.24,0.9999,305623
2024-07-02,1.16,0.9801,1.16,0.95,210680
2024-07-03,1.0,0.994,1.0,0.981,15708
2024-07-05,0.981,1.07,1.08,0.981,49446
2024-07-08,1.04,1.04,1.06,1.01,22088
2024-07-09,1.04,1.22,1.27,1.03,415923
2024-07-10,1.16,1.11,1.24,1.06,201242
2024-07-11,1.06,1.1175,1.12,1.04,44845
2024-07-12,1.15,1.09,1.15,1.03,38762
2024-07-15,1.07,0.9497,1.1146,0.9165,130002
2024-07-16,0.9604,1.04,1.07,0.96,76015
2024-07-17,1.01,1.03,1.03,1.0,24075
2024-07-18,1.03,0.99,1.1,0.9601,56396
2024-07-19,1.0,1.0011,1.04,0.9703,22700
2024-07-22,1.02,1.0203,1.05,1.009,28584
2024-07-23,1.02,1.03,1.11,0.965,141961
2024-07-24,0.9991,1.0,1.08,0.9991,29736
2024-07-25,0.9948,0.978,1.02,0.95,37265
2024-07-26,1.01,0.82,1.025,0.7499,372806
2024-07-29,0.86,0.6775,0.888,0.6,301962
2024-07-30,0.7193,0.6601,0.739,0.53,227983
2024-07-31,0.65,0.7,0.71,0.6468,104728
2024-08-01,0.72,0.620101,0.76,0.599,138569
2024-08-02,0.6201,0.6417,0.68,0.62,31462
2024-08-05,0.6,0.6499,0.68,0.57,26776
2024-08-06,0.7,0.625,0.748,0.6248,17101
2024-08-07,0.63,0.623,0.75,0.62,43822
2024-08-08,0.4498,0.2377,0.4898,0.185,2893715
2024-08-09,0.2315,0.2377,0.2485,0.2134,596569
2024-08-12,0.244,0.283,0.5181,0.2399,22133093
