2023-06-14,25.05,25.04,25.069,25.04,1534
2023-06-15,25.05,25.125,25.129,25.05,3156
2023-06-16,25.08,24.9791,25.08,24.93,9315
2023-06-20,24.8,24.796,24.81,24.72,2825
2023-06-21,24.81,24.7996,24.81,24.7996,385
2023-06-22,24.71,24.71,24.71,24.71,172
2023-06-23,24.809,24.81,24.82,24.809,1864
2023-06-26,24.84,24.86,24.87,24.84,49002
2023-06-27,24.76,24.8304,24.8304,24.76,7759
2023-06-28,24.82,24.8,24.82,24.78,29066
2023-06-29,24.8,24.729,24.8,24.6601,3159
2023-06-30,24.6175,24.6175,24.6175,24.6175,66
2023-07-03,24.4395,24.4503,24.4503,24.4395,409
2023-07-05,24.22,24.055,24.22,24.025,1925
2023-07-06,24.26,24.1805,24.26,24.1805,202
2023-07-07,24.175,24.162,24.1773,24.1511,1434
2023-07-10,24.15,24.177,24.177,24.15,5225
2023-07-11,24.1714,24.1714,24.1714,24.1714,25
2023-07-12,24.23,24.022,24.23,24.022,706
2023-07-13,24.025,23.97,24.0499,23.97,5193
2023-07-14,23.939,23.8964,23.939,23.8964,3141
2023-07-17,24.09,23.9957,24.09,23.72,1602
2023-07-18,23.905,23.9382,23.9382,23.905,6027
2023-07-19,23.81,23.7925,23.81,23.7925,374
2023-07-20,23.79,23.6352,23.79,23.6352,4433
2023-07-21,23.635,23.6815,23.6815,23.63,1185
2023-07-24,23.61,23.625,23.64,23.61,3043
2023-07-25,23.7746,23.7746,23.7746,23.7746,10
2023-07-26,23.6,23.6481,23.66,23.58,1697
2023-07-27,23.9199,23.8899,23.9199,23.8899,793
2023-07-28,23.65,23.714,23.73,23.6,6487
2023-07-31,23.595,23.5952,23.665,23.595,6376
2023-08-01,23.76,23.7366,23.76,23.7366,301
2023-08-02,23.76,23.8945,23.97,23.76,4181019
2023-08-03,24.0383,24.05,24.14,24.0181,5591
2023-08-04,24.07,23.91,24.07,23.7731,2565
2023-08-07,24.06,24.0651,24.0651,24.02,556
2023-08-08,24.145,24.1189,24.1699,24.1189,1795
2023-08-09,24.199,24.311,24.311,24.199,274
2023-08-10,24.32,24.1858,24.32,24.18,6379
2023-08-11,24.19,24.0922,24.21,24.0922,1222
2023-08-14,24.17,24.24,24.25,24.15,9152
2023-08-15,24.2,24.235,24.235,24.2,303
2023-08-16,24.25,24.26,24.36,24.25,6171
2023-08-17,24.295,24.2068,24.3282,24.2068,4825
2023-08-18,24.33,24.28,24.33,24.28,1757
2023-08-21,24.3,24.37,24.39,24.3,583
2023-08-22,24.1963,24.225,24.225,24.17,3182
2023-08-23,24.08,24.04,24.1,24.04,1541
2023-08-24,23.99,24.0089,24.0089,23.97,1436
2023-08-25,24.105,24.115,24.1231,24.105,3892
2023-08-28,24.09,24.1501,24.1501,24.09,325
2023-08-29,24.0,24.0649,24.119,24.0,2283
2023-08-30,24.09,24.1331,24.17,24.09,1456
2023-08-31,24.02,24.05,24.05,24.02,560
2023-09-01,24.14,24.3,24.3099,24.14,6796
2023-09-05,24.31,24.3354,24.3354,24.2692,597
2023-09-06,24.44,24.41,24.47,24.34,9197
2023-09-07,24.31,24.38,24.4,24.31,908
2023-09-08,24.37,24.495,24.5781,24.37,1843
2023-09-11,24.2905,24.2905,24.2905,24.2905,109
2023-09-12,24.3693,24.3126,24.3693,24.3126,1309
2023-09-13,24.23,24.1999,24.23,24.15,1741
2023-09-14,24.235,24.1318,24.235,24.1318,854
2023-09-15,23.965,23.8974,23.965,23.86,688
2023-09-18,23.97,23.9419,23.97,23.9419,2591
2023-09-19,24.019,24.0285,24.0285,23.9981,827
2023-09-20,24.03,23.931,24.03,23.9,5060
2023-09-21,23.95,24.0031,24.0399,23.95,2050
2023-09-22,24.1496,24.1377,24.1496,24.12,589
2023-09-25,24.25,24.56,24.56,24.25,6225
2023-09-26,24.47,24.4624,24.4799,24.4203,3626
2023-09-27,24.6498,24.92,24.92,24.6498,12611
2023-09-28,24.8,24.9899,25.0094,24.8,12179
2023-09-29,24.83,24.81,24.83,24.78,5086
2023-10-02,24.729,24.84,24.87,24.6899,15128
2023-10-03,24.84,24.9369,24.96,24.8162,7974
2023-10-04,25.1,24.685,25.1,24.66,13664
2023-10-05,24.74,24.915,24.915,24.74,2563
2023-10-06,25.16,25.0849,25.1958,25.0849,779
2023-10-09,25.33,25.3518,25.39,25.32,56407
2023-10-10,25.28,25.1848,25.28,25.18,20675
2023-10-11,25.07,25.13,25.13,25.05,1786
2023-10-12,25.43,25.51,25.58,25.43,14965
2023-10-13,25.67,25.67,25.67,25.67,291
2023-10-16,25.74,25.6656,25.74,25.57,5004
2023-10-17,25.61,25.74,25.79,25.61,10755
2023-10-18,25.71,25.94,25.94,25.71,8031
2023-10-19,25.8384,25.8609,25.8609,25.6998,2453
2023-10-20,25.9,26.0454,26.05,25.8978,19067
2023-10-23,26.1,26.0882,26.1,25.94,22533
2023-10-24,26.03,25.87,26.03,25.7513,43499
2023-10-25,26.07,26.1415,26.17,26.01,11530
2023-10-26,25.985,25.95,26.1,25.87,10074
2023-10-27,25.8,25.9129,25.9129,25.7203,7372
2023-10-30,25.75,25.835,25.9,25.75,12181
2023-10-31,25.75,25.7019,25.75,25.68,6598
2023-11-01,25.61,25.5333,25.6299,25.5333,13588
2023-11-02,25.53,25.2916,25.53,25.28,18606
2023-11-03,25.3089,25.3,25.3089,25.18,3525
2023-11-06,25.21,25.25,25.25,25.0,4308
2023-11-07,25.19,24.81,25.5,24.75,9472
2023-11-08,24.781,25.0374,25.14,24.78,4239
2023-11-09,25.18,25.3518,25.3842,25.1409,14810
2023-11-10,25.35,25.58,25.58,25.35,6216
2023-11-13,25.45,25.3592,25.45,25.28,5343
2023-11-14,25.09,24.95,25.149,24.94,85428
2023-11-15,25.09,25.0203,25.09,25.0203,4796
2023-11-16,24.96,24.8439,25.0,24.8,58794
2023-11-17,24.87,24.7905,24.87,24.79,5150
2023-11-20,24.93,24.74,24.93,24.69,20146
2023-11-21,24.795,24.7952,24.7952,24.755,2849
2023-11-22,24.75,24.7396,24.75,24.72,32911
2023-11-24,24.795,24.7092,24.795,24.7,1321
2023-11-27,24.77,24.6661,24.77,24.62,11982
2023-11-28,24.65,24.46,24.65,24.45,31057
2023-11-29,24.5325,24.512,24.5325,24.47,1805
2023-11-30,24.54,24.5301,24.58,24.44,13361
2023-12-01,24.51,24.2937,24.5501,24.2937,18483
2023-12-04,24.22,24.1601,24.24,24.14,8928
2023-12-05,24.19,24.1705,24.1906,24.17,1103
2023-12-06,24.0,24.08,24.11,23.74,68644
2023-12-07,24.1,24.015,24.1,23.99,3474
2023-12-08,23.99,23.94,23.99,23.91,23591
2023-12-11,23.95,24.0343,24.0343,23.95,9105
2023-12-12,24.12,24.1019,24.12,24.1019,394
2023-12-13,24.19,23.9856,24.19,23.9856,1427
2023-12-14,23.8,23.815,23.815,23.72,13004
2023-12-15,23.92,23.9669,23.99,23.92,5938
2023-12-18,24.141,24.1911,24.21,24.141,3210
2023-12-19,24.15,24.01,24.15,23.9858,49726
2023-12-20,24.005,24.1216,24.1216,23.97,2705
2023-12-21,24.09,24.09,24.11,24.02,4512
2023-12-22,24.325,22.41395,24.33,24.305,4707
2023-12-26,23.44,22.3336,23.44,22.32,109544
2023-12-27,22.385,22.3717,22.4,22.3717,1843
2023-12-28,22.52,22.3194,22.52,22.3194,5898
2023-12-29,22.3,22.2531,22.3,22.121,5635
2024-01-02,22.25,22.38,22.49,22.14,364126
2024-01-03,22.7,22.79,22.79,22.7,1282
2024-01-04,22.95,22.7751,22.95,22.76,8798
2024-01-05,22.58,22.608,22.67,22.58,3284
2024-01-08,22.58,22.5201,22.6,22.475,4695
2024-01-09,22.56,22.635,22.635,22.53,6878
2024-01-10,22.7999,22.745,22.7999,22.69,1933
2024-01-11,23.0314,23.0314,23.0314,23.0314,116
2024-01-12,23.3,23.38,23.38,23.3,1383
2024-01-16,23.51,23.46,23.55,23.46,2779
2024-01-17,23.4999,23.565,23.59,23.4999,4498
2024-01-18,24.84,23.575,24.84,23.492,1822
2024-01-19,23.77,23.6818,23.77,23.67,5230
2024-01-22,23.6,23.6354,23.68,23.565,5775
2024-01-23,23.49,23.64,23.6799,23.48,7306
2024-01-24,23.62,23.7622,23.8099,23.62,11903
2024-01-25,23.608,23.6702,23.6845,23.6,1392
2024-01-26,23.52,23.635,23.65,23.52,2995
2024-01-29,23.675,23.6258,23.69,23.62,6990
2024-01-30,23.7,23.79,23.79,23.7,6243
2024-01-31,23.68,23.653,23.68,23.49,4769
2024-02-01,23.65,23.5831,23.75,23.58,1382630
2024-02-02,23.65,23.6075,23.72,23.57,11080
2024-02-05,23.65,23.718,23.72,23.65,9115
2024-02-06,23.69,23.581,23.69,23.56,1032
2024-02-07,24.0,24.0698,24.11,24.0,4293
2024-02-08,24.0112,24.115,24.12,24.01,14247
2024-02-09,24.2221,24.37,24.39,24.19,9196
2024-02-12,24.26,24.04,24.2601,24.04,4815
2024-02-13,24.26,24.1935,24.265,24.19,2811
2024-02-14,24.25,24.1039,24.25,24.0708,6645
2024-02-15,23.8,23.73,23.815,23.73,4278
2024-02-16,23.95,23.89,23.955,23.85,6936
2024-02-20,23.9798,24.01,24.01,23.92,83395
2024-02-21,23.93,23.95,23.95,23.91,41944
2024-02-22,23.95,24.06,24.06,23.95,9594
2024-02-23,24.22,24.1,24.22,24.1,7898
2024-02-26,24.25,24.29,24.29,24.22,12267
2024-02-27,24.12,24.09,24.12,24.04,1531
2024-02-28,24.0695,24.06,24.0695,24.02,3399
2024-02-29,24.0,23.7571,24.0,23.74,5343
2024-03-01,24.01,23.72,24.01,23.59,21081
2024-03-04,23.6,23.49,23.6,23.48,7911
2024-03-05,23.42,23.2911,23.42,23.28,80926
2024-03-06,23.53,23.27,23.53,23.2,20257
2024-03-07,23.251,23.3004,23.32,23.251,2378
2024-03-08,23.27,23.3473,23.3899,23.25,9114
2024-03-11,23.32,23.482,23.4938,23.32,8821
2024-03-12,23.6,23.72,23.72,23.5983,7570
2024-03-13,23.77,23.6801,23.77,23.675,4970
2024-03-14,23.7623,23.8328,23.8328,23.7623,6274
2024-03-15,23.9,23.9754,24.0099,23.8999,13023
2024-03-18,23.9,23.899,23.95,23.899,2816
2024-03-19,23.87,23.9613,23.9699,23.87,6614
2024-03-20,23.9786,23.9468,24.07,23.9303,6215
2024-03-21,23.93,23.87,23.93,23.77,38175
2024-03-22,23.82,23.768,23.83,23.72,28644
2024-03-25,23.6,23.6787,23.7099,23.5,11940
2024-03-26,23.56,23.636,23.65,23.55,4609
2024-03-27,23.605,23.685,23.688,23.57,3828
2024-03-28,23.69,23.35,23.725,23.35,9471
2024-04-01,23.54,23.4643,23.54,23.43,6569
2024-04-02,23.44,23.5501,23.6699,23.44,16921
2024-04-03,23.57,23.5113,23.6,23.5113,7859
2024-04-04,23.54,23.471,23.54,23.45,11611
2024-04-05,23.51,23.5554,23.6,23.46,14064
2024-04-08,23.525,23.4976,23.55,23.48,7699
2024-04-09,23.46,23.1887,23.46,23.17,2833
2024-04-10,23.31,23.3033,23.34,23.27,2908
2024-04-11,23.2,23.0274,23.2043,23.025,10611
2024-04-12,22.96,23.18,23.18,22.96,6081
2024-04-15,23.19,23.3566,23.395,23.18,10793
2024-04-16,23.36,23.5204,23.55,23.36,10525
2024-04-17,23.48,23.4846,23.51,23.43,5601
2024-04-18,23.7,23.5987,23.7,23.585,3447
2024-04-19,23.62,23.6609,23.68,23.62,4789
2024-04-22,23.72,23.6594,23.72,23.6594,5118
2024-04-23,23.65,23.5957,23.65,23.53,5837
2024-04-24,23.66,23.5603,23.66,23.55,2103
2024-04-25,23.35,23.29,23.35,23.28,14565
2024-04-26,23.1685,23.1411,23.17,23.11,6492
2024-04-29,23.09,23.1,23.1,23.07,2638
2024-04-30,23.07,22.81,23.1496,22.81,56703
2024-05-01,23.04,23.0724,23.17,23.0,42764
2024-05-02,23.0298,22.9704,23.07,22.93,20573
2024-05-03,22.95,22.87,22.95,22.8,61918
2024-05-06,23.02,23.1005,23.1487,23.02,5778
2024-05-07,23.1,23.0377,23.16,23.03,21166
2024-05-08,23.04,23.0783,23.1,23.04,2374
2024-05-09,23.2599,23.1569,23.2599,23.15,832
2024-05-10,23.19,23.1099,23.19,23.04,3617
2024-05-13,23.03,23.1015,23.12,23.03,2005
2024-05-14,22.88,22.7739,22.88,22.74,4678
2024-05-15,22.82,22.8218,22.85,22.7603,85471
2024-05-16,22.86,22.8543,22.885,22.83,4187
2024-05-17,22.85,22.889,22.889,22.85,2329
2024-05-20,22.89,22.905,22.94,22.88,6973
2024-05-21,22.96,22.9344,22.96,22.93,7007
2024-05-22,22.9287,22.925,22.9399,22.88,1971
2024-05-23,23.085,23.085,23.1,23.085,2572
2024-05-24,23.04,23.085,23.1099,23.04,6410
2024-05-28,23.05,23.1654,23.18,23.05,4640
2024-05-29,23.2,23.17,23.2,23.15,4406
2024-05-30,22.96,22.803,22.96,22.73,9201
2024-05-31,22.69,22.5652,22.69,22.37,22074
2024-06-03,22.63,22.349,22.63,22.34,21203
2024-06-04,22.38,22.3413,22.38,22.3,4646
2024-06-05,22.53,22.4859,22.5301,22.47,8060
2024-06-06,22.63,22.54,22.63,22.472,41739
2024-06-07,22.6022,22.6497,22.7,22.6022,10886
2024-06-10,22.7,22.76,22.84,22.7,9069
2024-06-11,22.875,22.91,22.91,22.87,8903
2024-06-12,22.96,22.93,23.02,22.92,10729
2024-06-13,23.06,23.06,23.1,23.01,10184
2024-06-14,23.06,23.1709,23.1709,23.06,2727
2024-06-17,23.34,23.56,23.58,23.34,3870
2024-06-18,23.59,23.6752,23.683,23.59,2756
2024-06-20,23.79,23.6055,23.88,23.59,53487
2024-06-21,23.5723,23.5713,23.592,23.56,1483
2024-06-24,23.49,23.4047,23.55,23.49,1138
2024-06-25,23.3871,23.432,23.45,23.3871,604
2024-06-26,23.35,23.24,23.367,23.2,3993
2024-06-27,23.32,23.44,23.525,23.32,5433
2024-06-28,23.42,23.59,23.66,23.42,4718
2024-07-01,23.7064,23.6777,23.7064,23.676,4103
2024-07-02,23.7,23.6935,23.7214,23.6935,798
2024-07-03,23.7455,23.7,23.77,23.7,1479
2024-07-05,23.51,23.4434,23.51,23.42,3713
2024-07-08,23.49,23.4745,23.49,23.459,6056
2024-07-09,23.49,23.5345,23.57,23.49,20834
2024-07-10,23.4913,23.4985,23.56,23.44,37736
2024-07-11,23.31,23.2217,23.31,23.21,2538
2024-07-12,23.2,23.15,23.254,23.14,29433
2024-07-15,23.37,23.66,23.66,23.37,16206
2024-07-16,23.66,23.5453,23.66,23.5453,8244
2024-07-17,23.39,23.09,23.39,23.06,15094
2024-07-18,23.15,23.2307,23.25,22.959,29644
2024-07-19,23.22,23.2122,23.22,23.2122,571
2024-07-22,23.35,23.34,23.42,23.34,20296
2024-07-23,23.405,23.3003,23.406,23.29,1994
2024-07-24,23.15,22.9754,23.15,22.9754,932
2024-07-25,22.79,22.9854,23.0351,22.79,1685
2024-07-26,22.8599,22.8465,22.8599,22.83,1789
2024-07-29,22.84,22.65,22.84,22.61,7796
2024-07-30,22.66,22.642,22.88,22.642,5100
2024-07-31,22.84,22.8617,22.8617,22.74,1112
2024-08-01,22.62,22.4755,22.62,22.45,4120
2024-08-02,22.43,22.1746,22.43,22.1746,1815
2024-08-05,22.14,22.196,22.196,22.095,829
2024-08-06,21.98,22.1146,22.17,21.98,6387
2024-08-07,22.25,22.1851,22.25,22.15,2685
2024-08-08,22.1101,22.1166,22.1166,22.0701,1873
2024-08-09,22.1655,22.1711,22.175,22.16,2605
2024-08-12,22.22,22.2154,22.235,22.2154,1260
