2021-10-21,24.9548,24.9548,24.9548,24.9548,200000
2021-10-22,25.0333,25.0333,25.0333,25.0333,0
2021-10-25,25.0849,25.0849,25.0849,25.0849,11
2021-10-26,25.1256,25.1256,25.1256,25.1256,8
2021-10-27,24.7849,24.7849,24.7849,24.7849,1
2021-10-28,25.0884,25.0884,25.0884,25.0884,8
2021-10-29,25.1462,25.1462,25.1462,25.1462,14
2021-11-01,25.2933,25.2933,25.2933,25.2933,5
2021-11-02,25.2874,25.2874,25.2874,25.2874,14
2021-11-03,25.5615,25.5615,25.5615,25.5615,15
2021-11-04,25.56,25.5769,25.5769,25.55,202
2021-11-05,25.6103,25.6103,25.6103,25.6103,30
2021-11-08,25.6569,25.6569,25.6569,25.6569,5
2021-11-09,25.5769,25.5769,25.5769,25.5769,44
2021-11-10,25.4761,25.4761,25.4761,25.4761,0
2021-11-11,25.5699,25.5114,25.5699,25.51,351
2021-11-12,25.6853,25.6853,25.6853,25.6853,1
2021-11-15,25.7175,25.7175,25.7175,25.7175,105
2021-11-16,25.737,25.737,25.737,25.737,4
2021-11-17,25.81,25.5718,25.81,25.52,302
2021-11-18,25.3826,25.3826,25.3826,25.3826,11
2021-11-19,25.2803,25.2803,25.2803,25.2803,2
2021-11-22,25.2995,25.2995,25.2995,25.2995,34
2021-11-23,25.3363,25.3363,25.3363,25.3363,10
2021-11-24,25.217,25.217,25.217,25.217,1
2021-11-26,24.6626,24.6626,24.6626,24.6626,83
2021-11-29,25.11,24.7578,25.11,24.72,375
2021-11-30,24.53,24.0468,24.53,24.0468,202
2021-12-01,23.8246,23.8246,23.8246,23.8246,0
2021-12-02,24.1794,24.1794,24.1794,24.1794,3
2021-12-03,24.0185,24.0185,24.0185,24.0185,4
2021-12-06,24.37,24.3392,24.37,24.3392,114
2021-12-07,24.7111,24.7111,24.7111,24.7111,1
2021-12-08,24.71,24.8265,24.8265,24.71,503
2021-12-09,24.653,24.653,24.653,24.653,0
2021-12-10,24.7912,24.7912,24.7912,24.7912,0
2021-12-13,24.6361,24.6361,24.6361,24.6361,1
2021-12-14,24.4161,24.4161,24.4161,24.4161,20
2021-12-15,24.6713,24.6713,24.6713,24.6713,4
2021-12-16,24.7616,24.7616,24.7616,24.7616,0
2021-12-17,24.4867,24.41396,24.4867,24.4867,0
2021-12-20,24.0609,24.0609,24.0609,24.0609,2
2021-12-21,24.4328,24.4328,24.4328,24.4328,1
2021-12-22,24.5949,24.5949,24.5949,24.5949,1
2021-12-23,24.8237,24.8237,24.8237,24.8237,0
2021-12-27,25.0436,25.0436,25.0436,25.0436,1
2021-12-28,25.0404,25.0404,25.0404,25.0404,0
2021-12-29,25.1079,25.1079,25.1079,25.1079,1
2021-12-30,25.1062,25.1062,25.1062,25.1062,0
2021-12-31,25.077,25.077,25.077,25.077,1
2022-01-03,25.2942,25.2942,25.2942,25.2942,21
2022-01-04,25.5884,25.5884,25.5884,25.5884,10
2022-01-05,25.5,25.2131,25.5,25.2131,216
2022-01-06,25.2344,25.2344,25.2344,25.2344,24
2022-01-07,25.3652,25.3652,25.3652,25.3652,0
2022-01-10,25.1329,25.1329,25.1329,25.1329,0
2022-01-11,25.4139,25.4139,25.4139,25.4139,0
2022-01-12,25.3306,25.3306,25.3306,25.3306,1
2022-01-13,25.2657,25.2657,25.2657,25.2657,1
2022-01-14,25.2065,25.2065,25.2065,25.2065,0
2022-01-18,24.7037,24.7037,24.7037,24.7037,1
2022-01-19,24.5272,24.5272,24.5272,24.5272,0
2022-01-20,24.2031,24.2031,24.2031,24.2031,70
2022-01-21,23.836,23.836,23.836,23.836,2
2022-01-24,23.33,23.8496,23.8496,23.33,102
2022-01-25,23.6713,23.6713,23.6713,23.6713,67
2022-01-26,23.3431,23.3431,23.3431,23.3431,11
2022-01-27,23.2986,23.2986,23.2986,23.2986,1
2022-01-28,23.6844,23.6844,23.6844,23.6844,0
2022-01-31,24.1658,24.1658,24.1658,24.1658,52
2022-02-01,24.3814,24.3814,24.3814,24.3814,1
2022-02-02,24.2504,24.2504,24.2504,24.2504,2
2022-02-03,23.8365,23.8365,23.8365,23.8365,24
2022-02-04,23.8329,23.8329,23.8329,23.8329,0
2022-02-07,23.7728,23.7728,23.7728,23.7728,4
2022-02-08,24.0064,24.0064,24.0064,24.0064,0
2022-02-09,24.416,24.416,24.416,24.416,27
2022-02-10,24.1052,24.1052,24.1052,24.1052,9
2022-02-11,23.8132,23.8132,23.8132,23.8132,62
2022-02-14,23.6608,23.6608,23.6608,23.6608,8
2022-02-15,24.03,24.0905,24.0905,24.03,122
2022-02-16,23.9978,23.9978,23.9978,23.9978,99
2022-02-17,23.5622,23.5622,23.5622,23.5622,0
2022-02-18,23.4077,23.4077,23.4077,23.4077,0
2022-02-22,23.1336,23.1336,23.1336,23.1336,3
2022-02-23,23.0,22.7681,23.0,22.7681,190
2022-02-24,22.7991,22.7991,22.7991,22.7991,40
2022-02-25,23.3935,23.3935,23.3935,23.3935,0
2022-02-28,23.1902,23.1902,23.1902,23.1902,5
2022-03-01,22.7406,22.7406,22.7406,22.7406,0
2022-03-02,23.2379,23.2379,23.2379,23.2379,0
2022-03-03,23.0252,23.0252,23.0252,23.0252,0
2022-03-04,22.636,22.636,22.636,22.636,36
2022-03-07,21.9165,21.9165,21.9165,21.9165,5
2022-03-08,21.8071,21.8071,21.8071,21.8071,1
2022-03-09,22.359,22.359,22.359,22.359,1
2022-03-10,22.1506,22.1506,22.1506,22.1506,2
2022-03-11,21.7847,21.7847,21.7847,21.7847,30
2022-03-14,21.9104,21.9104,21.9104,21.9104,73
2022-03-15,22.317,22.317,22.317,22.317,2
2022-03-16,22.8377,22.8377,22.8377,22.8377,0
2022-03-17,23.1191,23.02945,23.1191,23.1191,1
2022-03-18,23.16,23.2336,23.2336,23.16,100
2022-03-21,22.9882,22.9882,22.9882,22.9882,1
2022-03-22,23.2843,23.2843,23.2843,23.2843,1
2022-03-23,23.1,22.9876,23.1,22.9876,110
2022-03-24,23.1757,23.1757,23.1757,23.1757,5
2022-03-25,23.2665,23.2665,23.2665,23.2665,7
2022-03-28,23.3257,23.3257,23.3257,23.3257,4
2022-03-29,23.8976,23.8976,23.8976,23.8976,4
2022-03-30,23.6439,23.6439,23.6439,23.6439,5
2022-03-31,23.57,23.57,23.57,23.57,202
2022-04-01,23.409,23.409,23.409,23.409,11
2022-04-04,23.63,23.6056,23.64,23.6056,200
2022-04-05,23.2992,23.2992,23.2992,23.2992,1
2022-04-06,23.0863,23.0863,23.0863,23.0863,1
2022-04-07,23.0674,23.0674,23.0674,23.0674,6
2022-04-08,23.0905,23.0905,23.0905,23.0905,0
2022-04-11,22.9225,22.9225,22.9225,22.9225,0
2022-04-12,22.811,22.811,22.811,22.811,10
2022-04-13,23.095,23.095,23.095,23.095,0
2022-04-14,22.9238,22.9238,22.9238,22.9238,20
2022-04-18,22.7969,22.7969,22.7969,22.7969,0
2022-04-19,23.16,23.2555,23.2555,23.16,103
2022-04-20,23.2356,23.2356,23.2356,23.2356,25
2022-04-21,22.9211,22.9211,22.9211,22.9211,3
2022-04-22,22.39,22.39,22.39,22.39,0
2022-04-26,22.0068,22.0068,22.0068,22.0068,0
2022-04-27,21.9817,21.9817,21.9817,21.9817,0
2022-04-28,22.4298,22.4298,22.4298,22.4298,0
2022-04-29,21.7784,21.7784,21.7784,21.7784,7
2022-05-02,21.8689,21.8689,21.8689,21.8689,1
2022-05-03,21.9957,21.9957,21.9957,21.9957,4
2022-05-04,22.4465,22.4465,22.4465,22.4465,11
2022-05-05,21.74,21.74,21.74,21.74,2
2022-05-06,21.53,21.53,21.53,21.53,0
2022-05-09,21.019,21.019,21.019,21.019,14
2022-05-10,20.955,20.955,20.955,20.955,20
2022-05-11,20.6283,20.6283,20.6283,20.6283,32
2022-05-12,20.7463,20.7463,20.7463,20.7463,0
2022-05-13,21.2531,21.2531,21.2531,21.2531,0
2022-05-16,21.18,21.18,21.18,21.18,1
2022-05-17,21.5892,21.5892,21.5892,21.5892,0
2022-05-18,20.6865,20.6865,20.6865,20.6865,7
2022-05-19,20.632,20.632,20.632,20.632,0
2022-05-20,20.6632,20.6632,20.6632,20.6632,10
2022-05-23,20.9906,20.9906,20.9906,20.9906,4
2022-05-24,20.76,20.7166,20.76,20.7166,1010
2022-05-25,20.85,21.0293,21.0293,20.82,1010
2022-05-26,21.4627,21.4627,21.4627,21.4627,0
2022-05-27,21.9138,21.9138,21.9138,21.9138,1
2022-05-31,21.7371,21.7371,21.7371,21.7371,1
2022-06-01,21.4747,21.4747,21.4747,21.4747,5
2022-06-02,21.8077,21.8077,21.8077,21.8077,0
2022-06-03,21.5172,21.5172,21.5172,21.5172,13
2022-06-06,21.5974,21.5974,21.5974,21.5974,1
2022-06-07,21.7688,21.7688,21.7688,21.7688,1
2022-06-08,21.6112,21.6112,21.6112,21.6112,1
2022-06-09,21.0988,21.0988,21.0988,21.0988,0
2022-06-10,20.4789,20.4789,20.4789,20.4789,0
2022-06-13,19.6322,19.6322,19.6322,19.6322,45
2022-06-14,19.62,19.4967,19.62,19.4967,102
2022-06-15,19.7985,19.7985,19.7985,19.7985,0
2022-06-16,19.1185,19.0313,19.1185,19.1185,1
2022-06-17,19.3013,19.3013,19.3013,19.3013,33
2022-06-21,19.6386,19.6386,19.6386,19.6386,4
2022-06-22,19.6988,19.6988,19.6988,19.6988,36
2022-06-23,19.76,19.9143,19.9143,19.75,6775
2022-06-24,20.4827,20.4827,20.4827,20.4827,4
2022-06-27,20.4109,20.4109,20.4109,20.4109,105
2022-06-28,20.0447,20.0447,20.0447,20.0447,3
2022-06-29,20.021,20.021,20.021,20.021,1
2022-06-30,19.8143,19.8143,19.8143,19.8143,3
2022-07-01,20.1489,20.1489,20.1489,20.1489,0
2022-07-05,20.2341,20.2341,20.2341,20.2341,5
2022-07-06,20.1947,20.1947,20.1947,20.1947,7
2022-07-07,20.5468,20.5468,20.5468,20.5468,0
2022-07-08,20.469,20.469,20.469,20.469,0
2022-07-11,20.45,20.1617,20.45,20.1617,100
2022-07-12,20.086,20.086,20.086,20.086,0
2022-07-13,19.9762,19.9762,19.9762,19.9762,0
2022-07-14,19.7337,19.7337,19.7337,19.7337,0
2022-07-15,20.1672,20.1672,20.1672,20.1672,0
2022-07-18,20.1085,20.1085,20.1085,20.1085,11
2022-07-19,20.6227,20.6227,20.6227,20.6227,0
2022-07-20,20.79,20.79,20.79,20.79,0
2022-07-21,20.9082,20.9082,20.9082,20.9082,0
2022-07-22,20.6692,20.6692,20.6692,20.6692,0
2022-07-25,20.6797,20.6797,20.6797,20.6797,1
2022-07-26,20.4335,20.4335,20.4335,20.4335,1
2022-07-27,20.9376,20.9376,20.9376,20.9376,11
2022-07-28,21.2722,21.2722,21.2722,21.2722,0
2022-07-29,21.413,21.413,21.413,21.413,2
2022-08-01,21.3966,21.3966,21.3966,21.3966,0
2022-08-02,21.58,21.3765,21.58,21.3765,954
2022-08-03,21.7074,21.7074,21.7074,21.7074,0
2022-08-04,21.7538,21.7538,21.7538,21.7538,0
2022-08-05,21.83,21.83,21.83,21.83,0
2022-08-08,21.9074,21.9074,21.9074,21.9074,1
2022-08-09,21.8498,21.8498,21.8498,21.8498,0
2022-08-10,22.4117,22.4117,22.4117,22.4117,45
2022-08-11,22.4331,22.4331,22.4331,22.4331,29
2022-08-12,22.699,22.699,22.699,22.699,0
2022-08-15,22.8186,22.8186,22.8186,22.8186,1
2022-08-16,22.8598,22.8598,22.8598,22.8598,3
2022-08-17,22.576,22.576,22.576,22.576,3
2022-08-18,22.51,22.5552,22.5552,22.51,331
2022-08-19,22.2545,22.2545,22.2545,22.2545,0
2022-08-22,21.7384,21.7384,21.7384,21.7384,0
2022-08-23,21.6767,21.6767,21.6767,21.6767,0
2022-08-24,21.8198,21.8198,21.8198,21.8198,0
2022-08-25,22.1122,22.1122,22.1122,22.1122,1
2022-08-26,21.4445,21.4445,21.4445,21.4445,50
2022-08-29,21.2987,21.2987,21.2987,21.2987,85
2022-08-30,21.1193,21.1193,21.1193,21.1193,0
2022-08-31,21.0646,21.0646,21.0646,21.0646,0
2022-09-01,21.0,21.058,21.058,21.0,160
2022-09-02,20.8404,20.8404,20.8404,20.8404,74
2022-09-06,20.7793,20.7793,20.7793,20.7793,20
2022-09-07,21.262,21.262,21.262,21.262,6
2022-09-08,21.4703,21.4703,21.4703,21.4703,0
2022-09-09,21.8492,21.8492,21.8492,21.8492,27
2022-09-12,22.0237,22.0237,22.0237,22.0237,1
2022-09-13,21.175,21.175,21.175,21.175,0
2022-09-14,21.2129,21.2129,21.2129,21.2129,28
2022-09-15,21.0981,21.02961,21.0981,21.0981,0
2022-09-16,20.813,20.813,20.813,20.813,14
2022-09-19,20.9169,20.9169,20.9169,20.9169,2
2022-09-20,20.5583,20.5583,20.5583,20.5583,1
2022-09-21,20.2686,20.2686,20.2686,20.2686,3
2022-09-22,19.978,19.978,19.978,19.978,1
2022-09-23,19.6009,19.6009,19.6009,19.6009,44
2022-09-26,19.3906,19.3906,19.3906,19.3906,1
2022-09-27,19.383,19.383,19.383,19.383,23
2022-09-28,19.9277,19.9277,19.9277,19.9277,4
2022-09-29,19.4454,19.4454,19.4454,19.4454,0
2022-09-30,19.2216,19.2216,19.2216,19.2216,0
2022-10-03,19.6607,19.6607,19.6607,19.6607,0
2022-10-04,20.3235,20.3235,20.3235,20.3235,0
2022-10-05,20.2607,20.2607,20.2607,20.2607,0
2022-10-06,20.0453,20.0453,20.0453,20.0453,0
2022-10-07,19.5503,19.5503,19.5503,19.5503,0
2022-10-10,19.4627,19.4627,19.4627,19.4627,0
2022-10-11,19.2538,19.2538,19.2538,19.2538,0
2022-10-12,19.2908,19.2908,19.2908,19.2908,0
2022-10-13,19.6689,19.6689,19.6689,19.6689,4
2022-10-14,19.3416,19.3416,19.3416,19.3416,0
2022-10-17,19.8225,19.8225,19.8225,19.8225,0
2022-10-18,20.0886,20.0886,20.0886,20.0886,0
2022-10-19,19.854,19.854,19.854,19.854,4
2022-10-20,19.7687,19.7687,19.7687,19.7687,4
2022-10-21,20.1579,20.1579,20.1579,20.1579,0
2022-10-24,20.3381,20.3381,20.3381,20.3381,0
2022-10-25,20.7467,20.7467,20.7467,20.7467,0
2022-10-26,20.7723,20.7723,20.7723,20.7723,4
2022-10-27,20.6776,20.6776,20.6776,20.6776,0
2022-10-28,21.123,21.123,21.123,21.123,0
2022-10-31,20.9825,20.9825,20.9825,20.9825,20
2022-11-01,21.0152,21.0152,21.0152,21.0152,0
2022-11-02,20.5783,20.5783,20.5783,20.5783,28
2022-11-03,20.4004,20.4004,20.4004,20.4004,0
2022-11-04,20.6557,20.6557,20.6557,20.6557,2
2022-11-07,20.8659,20.8659,20.8659,20.8659,2
2022-11-08,20.9928,20.9928,20.9928,20.9928,10
2022-11-09,20.721,20.721,20.721,20.721,0
2022-11-10,21.8704,21.8704,21.8704,21.8704,86
2022-11-11,22.168,22.168,22.168,22.168,0
2022-11-14,21.9883,21.9883,21.9883,21.9883,2
2022-11-15,22.1755,22.1755,22.1755,22.1755,4
2022-11-16,22.09,21.9764,22.09,21.9764,550
2022-11-17,21.8096,21.8096,21.8096,21.8096,0
2022-11-18,21.8856,21.8856,21.8856,21.8856,0
2022-11-21,21.8904,21.8904,21.8904,21.8904,61
2022-11-22,22.1621,22.1621,22.1621,22.1621,0
2022-11-23,22.2611,22.2611,22.2611,22.2611,0
2022-11-25,22.2775,22.2775,22.2775,22.2775,0
2022-11-28,21.9793,21.9793,21.9793,21.9793,0
2022-11-29,22.0313,22.0313,22.0313,22.0313,45
2022-11-30,22.6278,22.6278,22.6278,22.6278,5
2022-12-01,22.6994,22.6994,22.6994,22.6994,0
2022-12-02,22.7006,22.7006,22.7006,22.7006,7
2022-12-05,22.2491,22.2491,22.2491,22.2491,5
2022-12-06,21.9902,21.9902,21.9902,21.9902,5
2022-12-07,21.9656,21.9656,21.9656,21.9656,0
2022-12-08,22.0987,22.0987,22.0987,22.0987,0
2022-12-09,21.9666,21.9666,21.9666,21.9666,0
2022-12-12,22.2667,22.2667,22.2667,22.2667,0
2022-12-13,22.4721,22.4721,22.4721,22.4721,2
2022-12-14,22.3788,22.3788,22.3788,22.3788,0
2022-12-15,21.7664,21.682,21.7664,21.7664,1
2022-12-16,21.5313,21.5313,21.5313,21.5313,0
2022-12-19,21.2454,21.2454,21.2454,21.2454,0
2022-12-20,21.2589,21.2589,21.2589,21.2589,17
2022-12-21,21.5322,21.5322,21.5322,21.5322,2
2022-12-22,21.3005,21.3005,21.3005,21.3005,1
2022-12-23,21.3729,21.3729,21.3729,21.3729,8
2022-12-27,21.34,21.34,21.34,21.34,1
2022-12-28,21.1266,21.1266,21.1266,21.1266,1
2022-12-29,21.4729,21.4729,21.4729,21.4729,0
2022-12-30,21.4071,21.4071,21.4071,21.4071,0
2023-01-03,21.494,21.494,21.494,21.494,0
2023-01-04,21.8221,21.8221,21.8221,21.8221,10
2023-01-05,21.6693,21.6693,21.6693,21.6693,4
2023-01-06,22.1563,22.1563,22.1563,22.1563,1
2023-01-09,22.2262,22.2262,22.2262,22.2262,0
2023-01-10,22.4893,22.4893,22.4893,22.4893,10
2023-01-11,22.7119,22.7119,22.7119,22.7119,1
2023-01-12,22.8314,22.8314,22.8314,22.8314,0
2023-01-13,22.9738,22.9738,22.9738,22.9738,0
2023-01-17,22.8933,22.8933,22.8933,22.8933,5
2023-01-18,22.5386,22.5386,22.5386,22.5386,0
2023-01-19,22.2897,22.2897,22.2897,22.2897,1
2023-01-20,22.7035,22.7035,22.7035,22.7035,0
2023-01-23,22.9886,22.9886,22.9886,22.9886,2
2023-01-24,22.9347,22.9347,22.9347,22.9347,10
2023-01-25,22.9418,22.9418,22.9418,22.9418,0
2023-01-26,23.0004,23.0004,23.0004,23.0004,0
2023-01-27,23.1452,23.1452,23.1452,23.1452,0
2023-01-30,22.9285,22.9285,22.9285,22.9285,1
2023-01-31,23.3231,23.3231,23.3231,23.3231,0
2023-02-01,23.5905,23.5905,23.5905,23.5905,0
2023-02-02,23.9152,23.9152,23.9152,23.9152,0
2023-02-03,23.6173,23.6173,23.6173,23.6173,1
2023-02-06,23.4366,23.4366,23.4366,23.4366,0
2023-02-07,23.6606,23.6606,23.6606,23.6606,0
2023-02-08,23.2974,23.2974,23.2974,23.2974,0
2023-02-09,22.9659,22.9659,22.9659,22.9659,3
2023-02-10,22.7843,22.7843,22.7843,22.7843,0
2023-02-13,23.0439,23.0439,23.0439,23.0439,21
2023-02-14,23.1187,23.1187,23.1187,23.1187,30
2023-02-15,23.2626,23.2626,23.2626,23.2626,21
2023-02-16,22.9652,22.9652,22.9652,22.9652,40
2023-02-17,22.8986,22.8986,22.8986,22.8986,20
2023-02-21,22.4293,22.4293,22.4293,22.4293,2
2023-02-22,22.36,22.4042,22.4042,22.36,476
2023-02-23,22.3695,22.3695,22.3695,22.3695,5
2023-02-24,22.0734,22.0734,22.0734,22.0734,4
2023-02-27,22.0951,22.0951,22.0951,22.0951,0
2023-02-28,22.1064,22.1064,22.1064,22.1064,8
2023-03-01,22.027,22.027,22.027,22.027,0
2023-03-02,22.2274,22.2274,22.2274,22.2274,0
2023-03-03,22.5789,22.5789,22.5789,22.5789,0
2023-03-06,22.4339,22.4339,22.4339,22.4339,0
2023-03-07,22.069,22.069,22.069,22.069,105
2023-03-08,22.0507,22.0507,22.0507,22.0507,5
2023-03-09,21.5576,21.5576,21.5576,21.5576,1
2023-03-10,21.1488,21.1488,21.1488,21.1488,0
2023-03-13,21.041,21.041,21.041,21.041,0
2023-03-14,21.3501,21.3501,21.3501,21.3501,0
2023-03-15,21.1512,21.1512,21.1512,21.1512,0
2023-03-16,21.4854,21.4854,21.4854,21.4854,0
2023-03-17,21.1769,21.1769,21.1769,21.1769,0
2023-03-20,21.3921,21.3921,21.3921,21.3921,0
2023-03-21,21.709,21.709,21.709,21.709,0
2023-03-22,21.3466,21.3466,21.3466,21.3466,0
2023-03-23,21.4125,21.4125,21.4125,21.4125,100
2023-03-24,21.4732,21.4732,21.4732,21.4732,0
2023-03-27,21.6308,21.6308,21.6308,21.6308,11
2023-03-28,21.6407,21.6407,21.6407,21.6407,0
2023-03-29,21.9623,21.9623,21.9623,21.9623,1
2023-03-30,22.0624,21.98519,22.0624,22.0624,5
2023-03-31,22.3353,22.3353,22.3353,22.3353,0
2023-04-03,22.3355,22.3355,22.3355,22.3355,20
2023-04-04,22.2009,22.2009,22.2009,22.2009,14
2023-04-05,22.1549,22.1549,22.1549,22.1549,0
2023-04-06,22.1514,22.1514,22.1514,22.1514,1
2023-04-10,22.2158,22.2158,22.2158,22.2158,4
2023-04-11,22.359,22.359,22.359,22.359,0
2023-04-12,22.2086,22.2086,22.2086,22.2086,0
2023-04-13,22.4833,22.4833,22.4833,22.4833,4
2023-04-14,22.4927,22.4927,22.4927,22.4927,0
2023-04-17,22.6283,22.6283,22.6283,22.6283,0
2023-04-18,22.6524,22.6524,22.6524,22.6524,0
2023-04-19,22.5716,22.5716,22.5716,22.5716,2
2023-04-20,22.4462,22.4462,22.4462,22.4462,0
2023-04-21,22.5232,22.5232,22.5232,22.5232,0
2023-04-24,22.524,22.524,22.524,22.524,2
2023-04-25,22.2022,22.2022,22.2022,22.2022,0
2023-04-26,21.9831,21.9831,21.9831,21.9831,0
2023-04-27,22.4083,22.4083,22.4083,22.4083,0
2023-04-28,22.6541,22.6541,22.6541,22.6541,0
2023-05-01,22.6969,22.6969,22.6969,22.6969,0
2023-05-02,22.4421,22.4421,22.4421,22.4421,9
2023-05-03,22.2435,22.2435,22.2435,22.2435,0
2023-05-04,22.0306,22.0306,22.0306,22.0306,0
2023-05-05,22.3232,22.3232,22.3232,22.3232,122
2023-05-08,22.3072,22.3072,22.3072,22.3072,50
2023-05-09,22.1824,22.1824,22.1824,22.1824,0
2023-05-10,22.2352,22.2352,22.2352,22.2352,0
2023-05-11,22.1447,22.1447,22.1447,22.1447,36
2023-05-12,22.0455,22.0455,22.0455,22.0455,29
2023-05-15,22.08,22.1574,22.1574,22.08,224
2023-05-16,21.8504,21.8504,21.8504,21.8504,0
2023-05-17,22.09,22.0812,22.1,22.0812,426
2023-05-18,22.1715,22.1715,22.1715,22.1715,143
2023-05-19,22.0565,22.0565,22.0565,22.0565,0
2023-05-22,22.0759,22.0759,22.0759,22.0759,114
2023-05-23,21.9,21.8726,21.9,21.8726,134
2023-05-24,21.72,21.652,21.72,21.63,1708
2023-05-25,21.59,21.57,21.59,21.57,275
2023-05-26,21.7554,21.7554,21.7554,21.7554,118
2023-05-30,21.59,21.6421,21.6421,21.59,300
2023-05-31,21.5769,21.5769,21.5769,21.5769,2
2023-06-01,21.7531,21.7531,21.7531,21.7531,0
2023-06-02,22.2272,22.2272,22.2272,22.2272,44
2023-06-05,22.1917,22.2272,22.1917,22.1917,33
2023-06-06,22.3439,22.3439,22.3439,22.3439,0
2023-06-07,22.32,22.2735,22.324,22.2735,530
2023-06-08,22.26,22.3589,22.3589,22.26,123
2023-06-09,22.4,22.3725,22.4,22.3725,210
2023-06-12,22.4687,22.4687,22.4687,22.4687,22
2023-06-13,22.625,22.684,22.684,22.625,289
2023-06-14,22.82,22.6416,22.82,22.6416,121
2023-06-15,22.9705,22.9705,22.9705,22.9705,90
2023-06-16,22.95,22.9576,22.9576,22.95,199
2023-06-20,22.75,22.761,22.761,22.75,180
2023-06-21,22.6949,22.6949,22.6949,22.6949,50
2023-06-22,22.6233,22.6233,22.6233,22.6233,157
2023-06-23,22.42,22.4262,22.4262,22.42,119
2023-06-26,22.49,22.4289,22.49,22.4289,559
2023-06-27,22.51,22.6482,22.6482,22.51,362
2023-06-28,22.5857,22.5857,22.5857,22.5857,20
2023-06-29,22.6382,22.55571,22.6382,22.6382,67
2023-06-30,22.7397,22.7397,22.7397,22.7397,0
2023-07-03,22.82,22.8284,22.8284,22.82,225
2023-07-05,22.7561,22.7561,22.7561,22.7561,27
2023-07-06,22.4971,22.4971,22.4971,22.4971,17
2023-07-07,22.4439,22.4439,22.4439,22.4439,19
2023-07-10,22.6601,22.6601,22.6601,22.6601,2
2023-07-11,22.9981,22.9981,22.9981,22.9981,16
2023-07-12,23.1124,23.1124,23.1124,23.1124,1
2023-07-13,23.2727,23.2727,23.2727,23.2727,12
2023-07-14,23.1087,23.1087,23.1087,23.1087,0
2023-07-17,23.2126,23.2126,23.2126,23.2126,50
2023-07-18,23.41,23.3978,23.41,23.39,804
2023-07-19,23.49,23.5316,23.5316,23.49,351
2023-07-20,23.4311,23.4311,23.4311,23.4311,0
2023-07-21,23.4511,23.4511,23.4511,23.4511,3
2023-07-24,23.48,23.4885,23.4885,23.48,1011
2023-07-25,23.4617,23.4617,23.4617,23.4617,3
2023-07-26,23.5199,23.5199,23.5199,23.5199,15
2023-07-27,23.1904,23.1904,23.1904,23.1904,0
2023-07-28,23.3836,23.3836,23.3836,23.3836,66
2023-07-31,23.4739,23.4739,23.4739,23.4739,0
2023-08-01,23.3515,23.3515,23.3515,23.3515,0
2023-08-02,23.1185,23.1185,23.1185,23.1185,1
2023-08-03,23.06,22.9607,23.06,22.9607,240
2023-08-04,22.7364,22.7364,22.7364,22.7364,1
2023-08-07,22.8981,22.8981,22.8981,22.8981,1
2023-08-08,22.7391,22.7391,22.7391,22.7391,0
2023-08-09,22.74,22.6221,22.74,22.6221,1359
2023-08-10,22.94,22.6179,22.94,22.6179,164
2023-08-11,22.57,22.6208,22.6208,22.57,241
2023-08-14,22.6468,22.6468,22.6468,22.6468,45
2023-08-15,22.3598,22.3598,22.3598,22.3598,72
2023-08-16,22.1809,22.1809,22.1809,22.1809,1
2023-08-17,22.46,22.0486,22.46,22.0486,273
2023-08-18,22.0293,22.0293,22.0293,22.0293,45
2023-08-21,21.9845,21.9845,21.9845,21.9845,21
2023-08-22,21.8902,21.8902,21.8902,21.8902,1
2023-08-23,21.97,22.0231,22.0231,21.97,110
2023-08-24,21.8826,21.8826,21.8826,21.8826,15
2023-08-25,21.9794,21.9794,21.9794,21.9794,19
2023-08-28,22.1285,22.1285,22.1285,22.1285,91
2023-08-29,22.21,22.4013,22.41,22.21,1590
2023-08-30,22.4848,22.4848,22.4848,22.4848,0
2023-08-31,22.58,22.4642,22.58,22.4642,176
2023-09-01,22.65,22.5198,22.65,22.5198,603
2023-09-05,22.355,22.2946,22.355,22.2946,302
2023-09-06,22.2003,22.2003,22.2003,22.2003,5
2023-09-07,22.16,22.0872,22.16,22.0872,551
2023-09-08,22.0759,22.0759,22.0759,22.0759,82
2023-09-11,22.1058,22.1058,22.1058,22.1058,47
2023-09-12,22.1,22.0852,22.1,22.0852,1513
2023-09-13,21.9967,21.9967,21.9967,21.9967,74
2023-09-14,22.18,22.2182,22.2182,22.13,1468
2023-09-15,22.03,22.009,22.03,22.009,325
2023-09-18,21.93,21.9099,21.93,21.9099,880
2023-09-19,21.933,21.933,21.933,21.933,12
2023-09-20,21.872,21.872,21.872,21.872,0
2023-09-21,21.57,21.5063,21.57,21.5063,2055
2023-09-22,21.3647,21.3647,21.3647,21.3647,11
2023-09-25,21.28,21.3532,21.3532,21.28,8306
2023-09-26,21.1196,21.1196,21.1196,21.1196,0
2023-09-27,21.0759,21.0759,21.0759,21.0759,14
2023-09-28,21.1892,21.11175,21.1892,21.1892,94
2023-09-29,21.1422,21.1422,21.1422,21.1422,3
2023-10-02,21.14,20.8984,21.14,20.8984,268
2023-10-03,20.56,20.56,20.56,20.56,1
2023-10-04,20.7483,20.7483,20.7483,20.7483,45
2023-10-05,20.586,20.586,20.586,20.586,2
2023-10-06,20.7903,20.7903,20.7903,20.7903,54
2023-10-09,20.8763,20.8763,20.8763,20.8763,3
2023-10-10,21.17,21.1004,21.17,21.1004,250
2023-10-11,21.1002,21.1002,21.1002,21.1002,5
2023-10-12,20.8034,20.8034,20.8034,20.8034,0
2023-10-13,20.701,20.701,20.701,20.701,2
2023-10-16,20.9914,20.9914,20.9914,20.9914,2
2023-10-17,21.2,21.1407,21.2025,21.12,2036
2023-10-18,20.8205,20.8205,20.8205,20.8205,2
2023-10-19,20.5813,20.5813,20.5813,20.5813,5
2023-10-20,20.3715,20.3715,20.3715,20.3715,0
2023-10-23,20.265,20.265,20.265,20.265,5
2023-10-24,20.4447,20.4447,20.4447,20.4447,87
2023-10-25,20.1925,20.2019,20.2019,20.19,866
2023-10-26,20.1113,20.1113,20.1113,20.1113,25
2023-10-27,20.07,19.7971,20.08,19.7971,654
2023-10-30,20.015,20.015,20.015,20.015,0
2023-10-31,20.2177,20.2177,20.2177,20.2177,0
2023-11-01,20.19,20.1801,20.19,20.16,1404
2023-11-02,20.7219,20.7219,20.7219,20.7219,139
2023-11-03,21.1157,21.1157,21.1157,21.1157,70
2023-11-06,20.9602,20.9602,20.9602,20.9602,100
2023-11-07,21.01,20.9857,21.01,20.9857,882
2023-11-08,21.09,20.94,21.09,20.94,1112
2023-11-09,20.6888,20.6888,20.6888,20.6888,2
2023-11-10,20.85,20.85,20.85,20.85,168
2023-11-13,20.8298,20.8298,20.8298,20.8298,14
2023-11-14,21.4018,21.4018,21.4018,21.4018,6
2023-11-15,21.6334,21.6334,21.6334,21.6334,0
2023-11-16,21.53,21.5395,21.5395,21.51,522
2023-11-17,21.64,21.6682,21.6682,21.64,1606
2023-11-20,21.68,21.7307,21.7307,21.68,431
2023-11-21,21.69,21.7167,21.7167,21.69,101
2023-11-22,21.8193,21.8193,21.8193,21.8193,3
2023-11-24,21.855,21.855,21.855,21.855,0
2023-11-27,21.7997,21.7997,21.7997,21.7997,14
2023-11-28,21.8799,21.8822,21.8822,21.855,1372
2023-11-29,22.0082,22.0082,22.0082,22.0082,2
2023-11-30,22.2479,22.2479,22.2479,22.2479,0
2023-12-01,22.6711,22.6711,22.6711,22.6711,43
2023-12-04,22.7387,22.7387,22.7387,22.7387,0
2023-12-05,22.5301,22.5301,22.5301,22.5301,212
2023-12-06,22.5621,22.5621,22.5621,22.5621,52
2023-12-07,22.7403,22.7403,22.7403,22.7403,30
2023-12-08,22.7837,22.7837,22.7837,22.7837,1
2023-12-11,23.0155,23.0155,23.0155,23.0155,9
2023-12-12,23.0977,23.0977,23.0977,23.0977,7
2023-12-13,23.5608,23.5608,23.5608,23.5608,10
2023-12-14,23.8532,23.7562,23.8532,23.8532,0
2023-12-15,23.6385,23.6385,23.6385,23.6385,7
2023-12-18,23.6944,23.6944,23.6944,23.6944,7
2023-12-19,23.8787,23.8787,23.8787,23.8787,1
2023-12-20,23.84,23.4805,23.87,23.4805,578
2023-12-21,23.74,23.7955,23.7955,23.74,201
2023-12-22,23.95,23.8597,23.95,23.8597,541
2023-12-26,23.9634,23.9634,23.9634,23.9634,5
2023-12-27,24.0,24.0155,24.0155,24.0,201
2023-12-28,24.0764,24.0764,24.0764,24.0764,15
2023-12-29,23.97,23.9702,23.9702,23.97,111
2024-01-02,23.9283,23.9283,23.9283,23.9283,96
2024-01-03,23.5851,23.5851,23.5851,23.5851,69
2024-01-04,23.5186,23.5186,23.5186,23.5186,16
2024-01-05,23.6047,23.6047,23.6047,23.6047,2
2024-01-08,23.8,23.9438,23.95,23.8,2004
2024-01-09,23.9097,23.9097,23.9097,23.9097,14
2024-01-10,23.962,23.962,23.962,23.962,1
2024-01-11,23.8573,23.8573,23.8573,23.8573,50
2024-01-12,23.8232,23.8232,23.8232,23.8232,7
2024-01-16,23.6202,23.6202,23.6202,23.6202,41
2024-01-17,23.55,23.522,23.56,23.522,945
2024-01-18,23.6209,23.6209,23.6209,23.6209,7
2024-01-19,23.8189,23.8189,23.8189,23.8189,24
2024-01-22,24.02,23.9586,24.02,23.928,443
2024-01-23,24.0637,24.0637,24.0637,24.0637,141
2024-01-24,23.9183,23.9183,23.9183,23.9183,0
2024-01-25,24.02,24.1786,24.1786,24.02,524
2024-01-26,24.2525,24.2525,24.2525,24.2525,2
2024-01-29,24.4384,24.4384,24.4384,24.4384,61
2024-01-30,24.4855,24.4855,24.4855,24.4855,40
2024-01-31,24.2273,24.2273,24.2273,24.2273,32
2024-02-01,24.32,24.5014,24.5014,24.26,485
2024-02-02,24.642,24.642,24.642,24.642,12
2024-02-05,24.4,24.346,24.41,24.346,863
2024-02-06,24.5713,24.5713,24.5713,24.5713,43
2024-02-07,24.6234,24.6234,24.6234,24.6234,7
2024-02-08,24.6297,24.6297,24.6297,24.6297,55
2024-02-09,24.495,24.555,24.555,24.495,451
2024-02-12,24.684,24.684,24.684,24.684,82
2024-02-13,24.22,24.2312,24.2312,24.21,1703
2024-02-14,24.4,24.6482,24.66,24.4,750
2024-02-15,25.0712,25.0712,25.0712,25.0712,0
2024-02-16,24.91,24.867,24.91,24.867,564
2024-02-20,24.44,24.7866,24.7866,24.44,261
2024-02-21,24.761,24.761,24.761,24.761,5
2024-02-22,24.98,24.9751,24.98,24.9751,452
2024-02-23,25.0689,25.0689,25.0689,25.0689,87
2024-02-26,24.9119,24.9119,24.9119,24.9119,44
2024-02-27,25.0323,25.0323,25.0323,25.0323,3
2024-02-28,25.006,25.006,25.006,25.006,7
2024-02-29,25.0913,25.0913,25.0913,25.0913,1
2024-03-01,25.16,25.1615,25.1615,25.16,102
2024-03-04,25.164,25.164,25.164,25.164,55
2024-03-05,25.0235,25.0235,25.0235,25.0235,2
2024-03-06,25.1896,25.1896,25.1896,25.1896,22
2024-03-07,25.31,25.267,25.31,25.267,378
2024-03-08,25.3156,25.3156,25.3156,25.3156,29
2024-03-11,25.3453,25.3453,25.3453,25.3453,24
2024-03-12,25.4349,25.4349,25.4349,25.4349,38
2024-03-13,25.4396,25.4396,25.4396,25.4396,1
2024-03-14,25.44,25.1992,25.44,25.1992,2699
2024-03-15,25.0439,25.0439,25.0439,25.0439,1
2024-03-18,25.1635,25.1635,25.1635,25.1635,12
2024-03-19,25.3294,25.3294,25.3294,25.3294,9
2024-03-20,25.6026,25.6026,25.6026,25.6026,6
2024-03-21,25.7399,25.7399,25.7399,25.7399,46
2024-03-22,25.583,25.5661,25.583,25.5661,3143
2024-03-25,25.55,25.4658,25.55,25.4658,215
2024-03-26,25.4648,25.4648,25.4648,25.4648,15
2024-03-27,25.7836,25.68626,25.7836,25.7836,4
2024-03-28,25.8001,25.8001,25.8001,25.8001,3
2024-04-01,25.5659,25.5659,25.5659,25.5659,10
2024-04-02,25.3496,25.3496,25.3496,25.3496,6
2024-04-03,25.3355,25.3355,25.3355,25.3355,35
2024-04-04,25.15,25.1092,25.15,25.1092,414
2024-04-05,25.13,25.2436,25.2436,25.13,1779
2024-04-08,25.2651,25.2651,25.2651,25.2651,19
2024-04-09,25.3773,25.3773,25.3773,25.3773,12
2024-04-10,25.0031,25.0031,25.0031,25.0031,19
2024-04-11,24.96,24.99,24.99,24.96,392
2024-04-12,24.5636,24.5636,24.5636,24.5636,2
2024-04-15,24.3095,24.3095,24.3095,24.3095,16
2024-04-16,24.2472,24.2472,24.2472,24.2472,26
2024-04-17,24.1986,24.1986,24.1986,24.1986,3
2024-04-18,24.256,24.256,24.256,24.256,42
2024-04-19,24.4002,24.4002,24.4002,24.4002,155
2024-04-22,24.46,24.6294,24.6294,24.46,2650
2024-04-23,24.9002,24.9002,24.9002,24.9002,7
2024-04-24,24.93,25.032,25.032,24.93,1601
2024-04-25,24.79,24.8241,24.8241,24.79,107
2024-04-26,24.8958,24.8958,24.8958,24.8958,4
2024-04-29,24.9752,24.9752,24.9752,24.9752,4
2024-04-30,24.77,24.6305,24.77,24.6305,212
2024-05-01,24.6529,24.6529,24.6529,24.6529,14
2024-05-02,24.7519,24.7519,24.7519,24.7519,3
2024-05-03,24.7884,24.7884,24.7884,24.7884,3
2024-05-06,25.0045,25.0045,25.0045,25.0045,24
2024-05-07,25.11,25.0791,25.13,25.0791,1872
2024-05-08,25.03,25.0092,25.03,25.0092,201
2024-05-09,25.25,25.2451,25.25,25.2451,155
2024-05-10,25.2487,25.2487,25.2487,25.2487,1
2024-05-13,25.2375,25.2375,25.2375,25.2375,0
2024-05-14,25.3247,25.3247,25.3247,25.3247,6
2024-05-15,25.444,25.444,25.444,25.444,42
2024-05-16,25.45,25.4872,25.4872,25.45,732
2024-05-17,25.4356,25.4356,25.4356,25.4356,89
2024-05-20,25.3101,25.3101,25.3101,25.3101,1
2024-05-21,25.2631,25.2631,25.2631,25.2631,106
2024-05-22,25.1331,25.1331,25.1331,25.1331,6
2024-05-23,25.02,24.7609,25.02,24.7609,237
2024-05-24,24.782,24.782,24.782,24.782,0
2024-05-28,24.55,24.5389,24.55,24.5389,163
2024-05-29,24.3058,24.3058,24.3058,24.3058,2
2024-05-30,24.33,24.3069,24.33,24.3069,700
2024-05-31,24.7208,24.7208,24.7208,24.7208,0
2024-06-03,24.7142,24.7142,24.7142,24.7142,11
2024-06-04,24.7117,24.7117,24.7117,24.7117,7
2024-06-05,24.72,24.8256,24.8256,24.72,720
2024-06-06,24.8934,24.8934,24.8934,24.8934,2
2024-06-07,24.8806,24.8806,24.8806,24.8806,51
2024-06-10,24.78,24.8522,24.8522,24.78,260
2024-06-11,24.733,24.733,24.733,24.733,2
2024-06-12,24.8769,24.8769,24.8769,24.8769,18
2024-06-13,24.6733,24.6733,24.6733,24.6733,14
2024-06-14,24.5195,24.5195,24.5195,24.5195,3
2024-06-17,24.6479,24.6479,24.6479,24.6479,2
2024-06-18,24.7074,24.7074,24.7074,24.7074,3
2024-06-20,24.7848,24.7848,24.7848,24.7848,4
2024-06-21,24.83,24.9067,24.9067,24.83,1881
2024-06-24,25.1348,25.1348,25.1348,25.1348,7
2024-06-25,24.9374,24.9374,24.9374,24.9374,38
2024-06-26,24.794,24.8155,24.8155,24.794,1614
2024-06-27,24.71,24.6402,24.7298,24.71,471
2024-06-28,24.74,24.74,24.75,24.7236,610
2024-07-01,24.53,24.5432,24.5432,24.53,1012
2024-07-02,24.6254,24.6254,24.6254,24.6254,6
2024-07-03,24.6608,24.6608,24.6608,24.6608,7
2024-07-05,24.7105,24.7105,24.7105,24.7105,2
2024-07-08,24.6702,24.6702,24.6702,24.6702,52
2024-07-09,24.6629,24.6629,24.6629,24.6629,10
2024-07-10,24.7459,24.7459,24.7459,24.7459,0
2024-07-11,25.0474,25.0474,25.0474,25.0474,68
2024-07-12,25.1951,25.1951,25.1951,25.1951,2
2024-07-15,25.2432,25.1996,25.2432,25.1996,221
2024-07-16,25.7629,25.7629,25.7629,25.7629,5
2024-07-17,25.81,25.7153,25.84,25.7153,14214
2024-07-18,25.76,25.4492,25.76,25.4492,508
2024-07-19,25.3056,25.3056,25.3056,25.3056,13
2024-07-22,25.21,25.4492,25.4492,25.21,208
2024-07-23,25.3611,25.3611,25.3611,25.3611,3
2024-07-24,25.33,25.091,25.33,25.091,178
2024-07-25,25.0926,25.0926,25.0926,25.0926,61
2024-07-26,25.3702,25.3702,25.3702,25.3702,13
2024-07-29,25.4634,25.4634,25.4634,25.4634,26
2024-07-30,25.5611,25.5611,25.5611,25.5611,2
2024-07-31,25.5803,25.4838,25.6,25.4838,244
2024-08-01,25.51,25.2769,25.51,25.2769,655
2024-08-02,24.8842,24.8842,24.8842,24.8842,45
2024-08-05,24.296,24.296,24.296,24.296,29
2024-08-06,24.6198,24.6198,24.6198,24.6198,92
2024-08-07,24.5351,24.5351,24.5351,24.5351,0
2024-08-08,24.9502,24.9502,24.9502,24.9502,2
2024-08-09,25.07,25.0357,25.07,25.0357,284
2024-08-12,24.8246,24.8246,24.8246,24.8246,4
