2023-02-01,25.04,25.184,25.2699,24.9352,787117
2023-02-02,25.35,25.2753,25.35,25.1677,91801
2023-02-03,25.2,25.17,25.318,25.1501,200768
2023-02-06,24.96,25.1001,25.17,24.96,94827
2023-02-07,25.09,25.2415,25.25,25.0501,147922
2023-02-08,25.28,25.06,25.28,25.06,185097
2023-02-09,25.45,24.9944,25.45,24.9944,174585
2023-02-10,25.0,25.07,25.22,24.93,117922
2023-02-13,25.1,25.1453,25.17,25.0099,62693
2023-02-14,25.15,25.18,25.24,25.05,79984
2023-02-15,25.2,25.1903,25.2096,25.04,99132
2023-02-16,25.12,25.07,25.1896,25.04,52833
2023-02-17,24.9601,25.0303,25.07,24.89,193090
2023-02-21,24.96,24.8259,24.96,24.8015,6910
2023-02-22,24.72,24.7802,24.88,24.71,113129
2023-02-23,24.84,24.9154,24.9199,24.69,90488
2023-02-24,24.82,24.7118,24.82,24.65,26165
2023-02-27,24.9,24.79,24.9,24.78,57721
2023-02-28,24.7601,24.77,24.85,24.7601,15941
2023-03-01,24.76,24.7102,24.77,24.65,87580
2023-03-02,24.68,24.84,24.8799,24.6,35428
2023-03-03,24.9,24.9799,25.0,24.89,7306
2023-03-06,25.13,25.05,25.13,24.94,22306
2023-03-07,25.04,24.86,25.04,24.79,14919
2023-03-08,24.82,24.866,24.995,24.775,18057
2023-03-09,24.9,24.5759,24.9,24.5686,2583
2023-03-10,24.56,24.39,24.6,24.38,12835
2023-03-13,24.5275,24.547,24.595,24.5,1473
2023-03-14,24.65,24.6657,24.6657,24.64,4538
2023-03-15,24.4101,24.58,24.6,24.4101,3997
2023-03-16,24.61,24.83,24.84,24.61,8803
2023-03-17,24.69,24.7046,24.7046,24.685,564
2023-03-20,24.765,24.8099,24.8099,24.765,2970
2023-03-21,24.91,24.9499,25.0,24.88,16858
2023-03-22,24.99,24.71,25.01,24.71,18413
2023-03-23,24.976,24.76,24.976,24.7353,15870
2023-03-24,24.77,24.866,24.885,24.77,6217
2023-03-27,24.929,24.923,24.98,24.9,2849
2023-03-28,24.9,24.8653,24.91,24.7801,7203
2023-03-29,25.03,25.0941,25.099,25.0,21972
2023-03-30,25.16,25.1148,25.16,25.07,3722
2023-03-31,25.21,25.23,25.25,25.17,4322
2023-04-03,25.3,25.27,25.315,25.231,2494
2023-04-04,25.33,25.22,25.33,25.22,2646
2023-04-05,25.29,25.2501,25.29,25.2079,6279
2023-04-06,25.3,25.33,25.33,25.285,7778
2023-04-10,25.26,25.26,25.26,25.22,2663
2023-04-11,25.3399,25.2901,25.3399,25.2901,226
2023-04-12,25.34,25.2403,25.3597,25.2403,2236
2023-04-13,25.35,25.44,25.44,25.32,1704
2023-04-14,25.39,25.43,25.43,25.356,1376
2023-04-17,25.38,25.4053,25.4053,25.38,100
2023-04-18,25.4073,25.4349,25.4349,25.4073,2023
2023-04-19,25.44,25.4152,25.48,25.4152,2301
2023-04-20,25.42,25.3656,25.44,25.33,4938
2023-04-21,25.3421,25.394,25.44,25.33,18491
2023-04-24,25.4277,25.45,25.46,25.38,24006
2023-04-25,25.27,25.2597,25.27,25.2597,500
2023-04-26,25.253,25.1948,25.31,25.1948,5669
2023-04-27,25.37,25.4202,25.4202,25.37,3645
2023-04-28,25.44,25.56,25.56,25.425,8353
2023-05-01,25.5043,25.49,25.5799,25.49,29711
2023-05-02,25.315,25.3999,25.429,25.315,1243
2023-05-03,25.3917,25.31,25.45,25.31,2036
2023-05-04,25.27,25.234,25.27,25.22,18884
2023-05-05,25.3701,25.4486,25.52,25.36,7300
2023-05-08,25.4369,25.4473,25.45,25.4369,451
2023-05-09,25.45,25.37,25.45,25.37,445
2023-05-10,25.4377,25.4898,25.4898,25.41,4785
2023-05-11,25.43,25.47,25.48,25.4,11222
2023-05-12,25.44,25.41,25.44,25.35,406125
2023-05-15,25.4197,25.4702,25.52,25.4197,19223
2023-05-16,25.4,25.4,25.46,25.4,4701
2023-05-17,25.44,25.5486,25.57,25.42,3977
2023-05-18,25.42,25.6601,25.6601,25.42,9036
2023-05-19,25.6763,25.6397,25.7399,25.59,12194
2023-05-22,25.57,25.6299,25.68,25.57,20152
2023-05-23,25.62,25.51,25.635,25.48,8242
2023-05-24,25.4,25.443,25.45,25.35,2902
2023-05-25,25.52,25.5199,25.58,25.4501,12550
2023-05-26,25.63,25.6899,25.73,25.5972,8674
2023-05-30,25.66,25.6725,25.73,25.66,5988
2023-05-31,25.58,25.6351,25.69,25.5501,6097
2023-06-01,25.68,25.74,25.81,25.64,9908
2023-06-02,25.855,25.9272,25.97,25.849,5703
2023-06-05,25.969,25.9272,25.99,25.869,7770
2023-06-06,25.89,25.95,25.98,25.89,6437
2023-06-07,25.97,25.901,25.98,25.87,5448
2023-06-08,25.9325,25.9801,26.01,25.91,7718
2023-06-09,26.01,25.9999,26.0299,25.97,13577
2023-06-12,26.01,26.0903,26.099,26.01,1823
2023-06-13,26.101,26.1651,26.2,26.1,6762
2023-06-14,26.16,26.1531,26.2399,26.0912,21114
2023-06-15,26.2099,26.24,26.3,26.17,2000
2023-06-16,26.31,26.2648,26.3299,26.2648,1938
2023-06-20,26.2,26.2149,26.24,26.13,3293
2023-06-21,26.141,26.1781,26.195,26.121,4544
2023-06-22,26.175,26.2299,26.24,26.17,2250
2023-06-23,26.14,26.1582,26.1582,26.14,399
2023-06-26,26.1977,26.1373,26.1977,26.11,4337
2023-06-27,26.2099,26.2301,26.2399,26.14,750
2023-06-28,26.265,26.2652,26.2652,26.22,9275
2023-06-29,26.2,26.3226,26.3226,26.2,4799
2023-06-30,26.38,26.4278,26.47,26.36,107310
2023-07-03,26.35,26.4448,26.49,26.35,5714
2023-07-05,26.47,26.39,26.47,26.38,14152
2023-07-06,26.2751,26.3375,26.3534,26.2751,3008
2023-07-07,26.31,26.3339,26.3999,26.31,18279
2023-07-10,26.345,26.365,26.39,26.3,2603
2023-07-11,26.4198,26.4398,26.4398,26.38,6242
2023-07-12,26.541,26.49,26.5499,26.489,10471
2023-07-13,26.54,26.5535,26.619,26.54,1496
2023-07-14,26.605,26.589,26.6499,26.5601,3122
2023-07-17,26.62,26.6338,26.6528,26.59,7978
2023-07-18,26.6584,26.6898,26.6898,26.61,971
2023-07-19,26.7277,26.6998,26.75,26.65,21354
2023-07-20,26.63,26.6319,26.68,26.59,7248
2023-07-21,26.6708,26.6597,26.71,26.6101,7359
2023-07-24,26.729,26.6861,26.729,26.64,1871
2023-07-25,26.67,26.7247,26.7247,26.66,14459
2023-07-26,26.66,26.7155,26.76,26.65,26568
2023-07-27,26.82,26.6598,26.82,26.65,3774
2023-07-28,26.72,26.73,26.7603,26.7,21903
2023-07-31,26.78,26.7184,26.7999,26.7,4370
2023-08-01,26.72,26.7498,26.8,26.68,467025
2023-08-02,26.61,26.5779,26.62,26.509,30157
2023-08-03,26.52,26.53,26.595,26.51,7162
2023-08-04,26.62,26.4953,26.65,26.49,31067
2023-08-07,26.56,26.6162,26.6236,26.56,2974
2023-08-08,26.52,26.5949,26.5949,26.52,1954
2023-08-09,26.55,26.5457,26.5787,26.5,5227
2023-08-10,26.57,26.5348,26.57,26.5,5554
2023-08-11,26.545,26.5548,26.5548,26.501,377
2023-08-14,26.5719,26.57,26.5719,26.56,2548
2023-08-15,26.52,26.4616,26.52,26.4,968
2023-08-16,26.46,26.4189,26.4601,26.4,3618
2023-08-17,26.41,26.2917,26.4135,26.275,15535
2023-08-18,26.2335,26.3199,26.3199,26.2335,5004
2023-08-21,26.3324,26.35,26.37,26.3324,12595
2023-08-22,26.4,26.3479,26.4,26.33,1430
2023-08-23,26.415,26.4951,26.53,26.415,4160
2023-08-24,26.3681,26.3681,26.3681,26.3681,3
2023-08-25,26.4199,26.43,26.44,26.4199,1870
2023-08-28,26.5014,26.5,26.5399,26.33,5822
2023-08-29,26.6899,26.6899,26.6899,26.6899,145
2023-08-30,26.7,26.73,26.743,26.595,17179
2023-08-31,26.7772,26.716,26.7772,26.71,2229
2023-09-01,26.72,26.7699,26.7699,26.72,845
2023-09-05,26.71,26.7437,26.79,26.7,9228
2023-09-06,26.66,26.6451,26.67,26.625,19190
2023-09-07,26.6179,26.6249,26.6249,26.56,3442
2023-09-08,26.6479,26.6479,26.6479,26.6479,146
2023-09-11,26.69,26.7399,26.7399,26.69,6674
2023-09-12,26.74,26.6798,26.74,26.6798,1242
2023-09-13,26.7,26.6949,26.75,26.67,3255
2023-09-14,26.78,26.8049,26.8049,26.78,1095
2023-09-15,26.72,26.6699,26.75,26.64,2125
2023-09-18,26.69,26.675,26.69,26.675,155
2023-09-19,26.5787,26.6599,26.6599,26.5787,1407
2023-09-20,26.67,26.5594,26.6932,26.53,902
2023-09-21,26.38,26.3229,26.38,26.3229,1189
2023-09-22,26.2801,26.2846,26.34,26.2801,2397
2023-09-25,26.252,26.326,26.326,26.252,5408
2023-09-26,26.1299,26.1299,26.1299,26.1299,2
2023-09-27,26.0,26.1452,26.1452,26.0,1631
2023-09-28,26.155,26.2293,26.2799,26.155,7030
2023-09-29,26.3154,26.1734,26.3154,26.15,13488
2023-10-02,26.1659,26.1724,26.1724,26.1274,10914
2023-10-03,26.145,25.9801,26.145,25.95,8291
2023-10-04,25.88,26.1268,26.24,25.88,43761
2023-10-05,26.04,26.0813,26.15,26.015,18651
2023-10-06,25.97,26.3092,26.375,25.97,17610
2023-10-09,26.1901,26.3522,26.36,26.19,35156
2023-10-10,26.41,26.4598,26.52,26.41,8550
2023-10-11,26.445,26.4928,26.4928,26.445,831
2023-10-12,26.5,26.4,26.515,26.4,3657
2023-10-13,26.52,26.355,26.52,26.305,3460
2023-10-16,26.5341,26.5341,26.5341,26.5341,58
2023-10-17,26.5,26.4951,26.5,26.46,2475
2023-10-18,26.3247,26.3247,26.3247,26.3247,50
2023-10-19,26.35,26.2097,26.35,26.2097,959
2023-10-20,26.06,26.014,26.09,26.014,2952
2023-10-23,25.9937,25.9789,26.0592,25.9789,1806
2023-10-24,26.02,26.0695,26.0695,26.02,356
2023-10-25,25.9559,25.8482,25.9559,25.8482,258
2023-10-26,25.7327,25.6582,25.7327,25.63,155694
2023-10-27,25.7,25.5646,25.7,25.475,2596
2023-10-30,25.675,25.7599,25.79,25.65,3165
2023-10-31,25.83,25.89,25.89,25.7,1939
2023-11-01,25.94,26.0339,26.0799,25.88,2437
2023-11-02,26.24,26.3257,26.3257,26.24,2863
2023-11-03,26.5,26.5289,26.59,26.43,2222
2023-11-06,26.58,26.5392,26.58,26.47,9059
2023-11-07,26.6265,26.592,26.66,26.592,2192
2023-11-08,26.5501,26.6201,26.66,26.51,11313
2023-11-09,26.5601,26.4626,26.6499,26.4412,13233
2023-11-10,26.545,26.7601,26.7601,26.545,1005
2023-11-13,26.72,26.732,26.732,26.72,754
2023-11-14,26.94,27.0492,27.0699,26.94,9313
2023-11-15,27.15,27.0738,27.15,27.0738,428
2023-11-16,27.02,27.1054,27.1054,27.02,37857
2023-11-17,27.1097,27.1183,27.1183,27.1097,1236
2023-11-20,27.1756,27.2601,27.295,27.1756,956
2023-11-21,27.15,27.2298,27.2298,27.15,3625
2023-11-22,27.32,27.2916,27.345,27.26,8257
2023-11-24,27.3101,27.3101,27.3101,27.3101,150
2023-11-27,27.29,27.305,27.32,27.29,1008
2023-11-28,27.3,27.3098,27.33,27.3,1575
2023-11-29,27.3358,27.32,27.35,27.3001,5174
2023-11-30,27.3486,27.3441,27.355,27.25,9533
2023-12-01,27.33,27.4429,27.4429,27.33,2501
2023-12-04,27.3498,27.375,27.405,27.3,111054
2023-12-05,27.34,27.37,27.4,27.32,17949
2023-12-06,27.43,27.3027,27.43,27.3,1467
2023-12-07,27.4299,27.4299,27.4299,27.4299,398
2023-12-08,27.4728,27.5093,27.5093,27.47,1770
2023-12-11,27.5572,27.5572,27.5572,27.5572,119
2023-12-12,27.54,27.6151,27.6151,27.54,2155
2023-12-13,27.65,27.7201,27.7201,27.6,8025
2023-12-14,27.72,27.745,27.7899,27.7,24732
2023-12-15,27.76,27.7437,27.8,27.71,5072
2023-12-18,27.769,27.7797,27.81,27.75,4092
2023-12-19,27.74,27.8087,27.8296,27.74,6882
2023-12-20,27.77,27.7421,27.84,27.6904,11182
2023-12-21,27.72,27.7599,27.79,27.7,14341
2023-12-22,27.82,27.8071,27.8398,27.78,7799
2023-12-26,27.73,27.8448,27.8448,27.73,1109
2023-12-27,27.9,27.8698,27.9,27.8209,6174
2023-12-28,27.8834,27.8788,27.89,27.85,1653
2023-12-29,27.865,27.86,27.8936,27.84,27868
2024-01-02,27.8226,27.8656,27.87,27.82,4656
2024-01-03,27.8,27.88,27.88,27.795,4912
2024-01-04,27.87,27.8009,27.87,27.785,8957
2024-01-05,27.88,27.8597,27.92,27.8597,1247
2024-01-08,27.8953,27.9497,27.9497,27.87,3409
2024-01-09,27.916,27.92,27.935,27.895,5586
2024-01-10,27.97,27.9746,28.01,27.9301,9044
2024-01-11,27.9211,27.9432,27.98,27.91,2826
2024-01-12,28.01,27.916816,28.0326,27.95,13165
2024-01-16,27.928,27.914,27.95,27.91,5844
2024-01-17,27.88,27.904,27.904,27.88,616
2024-01-18,27.99,27.9414,27.99,27.918,27873
2024-01-19,28.0,27.96,28.0,27.96,838
2024-01-22,28.05,28.01,28.0599,27.97,7580
2024-01-23,28.02,28.019,28.02,28.019,414
2024-01-24,27.99,28.0035,28.06,27.99,5769
2024-01-25,28.025,27.9989,28.0648,27.985,3126
2024-01-26,28.07,28.0399,28.07,28.0,6487
2024-01-29,28.0613,28.065,28.0897,28.01,28594
2024-01-30,28.08,28.0605,28.0899,28.04,18998
2024-01-31,28.07,28.0547,28.09,28.05,404946
2024-02-01,29.46,28.2295,32.27,28.08,595233
2024-02-02,28.21,28.3282,28.38,28.1996,141007
2024-02-05,28.3,28.2751,28.305,28.2,35317
2024-02-06,28.3299,28.2851,28.3299,28.25,71113
2024-02-07,28.41,28.42,28.42,28.335,58025
2024-02-08,28.46,28.42,28.46,28.35,277473
2024-02-09,28.48,28.47,28.48,28.39,50304
2024-02-12,28.53,28.46,28.53,28.4,4066433
2024-02-13,28.35,28.27,28.35,28.1766,118899
2024-02-14,28.33,28.39,28.4,28.295,81793
2024-02-15,28.55,28.47,28.55,28.37,80282
2024-02-16,28.4381,28.43,28.49,28.36,118796
2024-02-20,28.3,28.37,28.38,28.29,42432
2024-02-21,28.46,28.3953,28.46,28.26,28583
2024-02-22,28.66,28.6,28.66,28.5,63346
2024-02-23,28.65,28.61,28.65,28.57,130255
2024-02-26,28.585,28.51,28.64,28.5,87323
2024-02-27,28.545,28.5689,28.6087,28.5,30999
2024-02-28,28.49,28.51,28.59,28.48,66488
2024-02-29,28.5846,28.5728,28.62,28.53,24990
2024-03-01,28.6353,28.68,28.72,28.59,25564
2024-03-04,28.63,28.643,28.7196,28.63,26185
2024-03-05,28.58,28.5871,28.62,28.49,18584
2024-03-06,28.59,28.64,28.66,28.56,16747
2024-03-07,28.65,28.71,28.7141,28.65,13625
2024-03-08,28.75,28.679,28.79,28.62,14967
2024-03-11,28.69,28.67,28.72,28.58,19087
2024-03-12,28.63,28.77,28.79,28.63,33895
2024-03-13,28.71,28.71,28.7994,28.71,141424
2024-03-14,28.78,28.716,28.78,28.65,23328
2024-03-15,28.6686,28.67,28.6999,28.61,25666
2024-03-18,28.7306,28.722,28.77,28.69,10569
2024-03-19,28.66,28.784,28.7999,28.65,20138
2024-03-20,28.773,28.8503,28.87,28.74,24642
2024-03-21,28.87,28.9085,28.9499,28.86,17055
2024-03-22,28.939,28.925,28.94,28.85,25145
2024-03-25,28.83,28.88,28.92,28.83,11238
2024-03-26,28.8,28.869,29.0099,28.8,21754
2024-03-27,28.89,28.93,28.94,28.8301,25808
2024-03-28,28.91,28.958,28.96,28.8901,83573
2024-04-01,28.84,28.91,28.93,28.84,29272
2024-04-02,28.82,28.8214,28.86,28.779,32706
2024-04-03,28.8001,28.8322,28.9,28.8001,33070
2024-04-04,28.9247,28.7337,28.9599,28.7001,22166
2024-04-05,28.8152,28.8394,28.88,28.78,25220
2024-04-08,28.8593,28.8496,28.89,28.8101,16488
2024-04-09,28.83,28.85,28.91,28.79,21662
2024-04-10,28.78,28.79,28.82,28.71,34912
2024-04-11,28.74,28.8369,28.87,28.72,11119
2024-04-12,28.7101,28.6895,28.78,28.656,12988
2024-04-15,28.81,28.5679,28.81,28.56,7164
2024-04-16,28.52,28.5342,28.6012,28.52,16885
2024-04-17,28.57,28.4933,28.615,28.48,16006
2024-04-18,28.58,28.4622,28.58,28.46,17905
2024-04-19,28.49,28.3991,28.51,28.35,114413
2024-04-22,28.43,28.5182,28.6,28.43,16985
2024-04-23,28.6,28.67,28.709,28.6,128440
2024-04-24,28.76,28.6899,28.76,28.6108,18882
2024-04-25,28.47,28.6205,28.63,28.47,12531
2024-04-26,28.725,28.7538,28.7823,28.7,11166
2024-04-29,28.74,28.7577,28.8,28.74,22192
2024-04-30,28.775,28.6127,28.775,28.61,12083
2024-05-01,28.59,28.5951,28.7692,28.5401,17211
2024-05-02,28.5923,28.6724,28.72,28.58,11254
2024-05-03,28.811,28.8351,28.88,28.8095,12553
2024-05-06,28.88,28.96,28.96,28.8742,12064
2024-05-07,28.9206,28.9607,28.9907,28.9101,10952
2024-05-08,28.91,28.9516,28.9887,28.9,9505
2024-05-09,28.93,29.0255,29.07,28.93,14246
2024-05-10,29.03,29.0524,29.09,29.02,14068
2024-05-13,29.24,29.071,29.24,29.01,38747
2024-05-14,28.92,29.124,29.124,28.92,13421
2024-05-15,29.12,29.26,29.28,29.12,22532
2024-05-16,29.26,29.276,29.29,29.1901,70627
2024-05-17,29.23,29.2491,29.26,29.21,14147
2024-05-20,29.24,29.2649,29.3199,29.24,15386
2024-05-21,29.21,29.2853,29.32,29.21,55288
2024-05-22,29.285,29.2552,29.3199,29.24,8338
2024-05-23,29.26,29.2028,29.29,29.1619,16007
2024-05-24,29.265,29.2849,29.32,29.23,11812
2024-05-28,29.33,29.2853,29.33,29.25,10384
2024-05-29,29.5,29.22,29.5,29.21,33497
2024-05-30,29.19,29.1733,29.24,29.1412,13782
2024-05-31,29.17,29.2697,29.27,29.1073,36986
2024-06-03,29.2763,29.2943,29.33,29.2,23022
2024-06-04,29.262,29.316,29.32,29.23,12149
2024-06-05,29.31,29.4102,29.43,29.29,21191
2024-06-06,29.41,29.434,29.455,29.3501,3138343
2024-06-07,29.4,29.415,29.47,29.36,8045
2024-06-10,29.37,29.436,29.45,29.35,5307
2024-06-11,29.36,29.4408,29.47,29.36,6240
2024-06-12,29.5,29.5511,29.6,29.475,20382
2024-06-13,29.51,29.5281,29.5521,29.49,5980
2024-06-14,29.54,29.55,29.5884,29.5,7781
2024-06-17,29.57,29.615,29.64,29.545,7549
2024-06-18,29.53,29.64,29.66,29.53,7768
2024-06-20,29.66,29.592,29.66,29.51,14656
2024-06-21,29.62,29.6099,29.6599,29.57,7213
2024-06-24,29.605,29.5541,29.622,29.5501,120798
2024-06-25,29.58,29.63,29.6499,29.57,7621
2024-06-26,29.617,29.65,29.67,29.58,5161
2024-06-27,29.6224,29.6598,29.6899,29.6164,8816
2024-06-28,29.69,29.6346,29.72,29.6346,1356582
2024-07-01,29.63,29.68,29.69,29.63,3156
2024-07-02,29.66,29.7301,29.7301,29.66,1420
2024-07-03,29.8,29.7645,29.8,29.7101,775
2024-07-05,29.84,29.812,29.84,29.761,15347
2024-07-08,29.82,29.825,29.825,29.82,2038
2024-07-09,29.8221,29.8315,29.87,29.8221,1948
2024-07-10,29.8,29.8923,29.8923,29.8,1352
2024-07-11,29.87,29.8548,29.87,29.811,4134
2024-07-12,29.89,29.9046,29.925,29.89,2293
2024-07-15,29.9225,29.8936,29.9225,29.88,3192
2024-07-16,29.76,29.9452,29.9452,29.76,5957
2024-07-17,29.8999,29.84,29.8999,29.83,18481
2024-07-18,29.78,29.8145,29.82,29.77,1542
2024-07-19,29.77,29.7749,29.7749,29.73,1839
2024-07-22,30.25,29.8654,30.25,29.8,100906
2024-07-23,29.89,29.8327,29.89,29.8302,2152
2024-07-24,29.75,29.6653,29.7641,29.6,4487
2024-07-25,29.61,29.6406,29.73,29.61,3528
2024-07-26,29.69,29.7364,29.7364,29.69,12272
2024-07-29,29.7279,29.7681,29.7681,29.72,169473
2024-07-30,29.68,29.7346,29.7346,29.66,1337
2024-07-31,29.82,29.8439,29.855,29.82,2381
2024-08-01,29.85,29.7217,29.85,29.66,4112
2024-08-02,29.53,29.5129,29.59,29.41,27997
2024-08-05,28.7583,29.09,29.26,28.7583,12004
2024-08-06,29.34,29.3755,29.5,29.34,1323
2024-08-07,29.45,29.2785,29.53,29.2785,1874
2024-08-08,29.45,29.4906,29.55,29.4395,3512
2024-08-09,29.565,29.6166,29.6166,29.5101,2884
2024-08-12,29.66,29.63,29.67,29.63,2134
