2022-04-08,9.95,9.96,9.9699,9.95,577400
2022-04-11,9.97,9.98,9.98,9.97,107583
2022-04-12,9.99,9.98,9.99,9.98,265551
2022-04-13,9.98,9.98,9.98,9.98,341923
2022-04-14,9.98,9.989,9.99,9.98,17000
2022-04-18,10.0,10.02,10.02,9.99,103464
2022-04-20,10.02,10.02,10.02,10.02,126
2022-04-22,10.005,10.0,10.005,10.0,8009
2022-04-25,10.0,10.0,10.0,10.0,10452
2022-04-26,10.0,9.99,10.0,9.99,18850
2022-04-28,10.02,10.02,10.02,10.02,157
2022-05-04,10.0,10.0,10.0,10.0,403
2022-05-05,10.0,10.0,10.0,10.0,103
2022-05-09,10.0,9.97,10.0,9.97,105005
2022-05-12,9.97,9.97,9.97,9.97,204392
2022-05-13,9.97,9.97,9.97,9.97,100
2022-05-18,9.97,9.97,9.97,9.97,5000
2022-05-23,9.97,9.97,9.97,9.97,4402
2022-05-24,9.97,9.97,9.97,9.97,192
2022-05-25,9.9799,9.9728,9.98,9.97,3475
2022-05-26,9.995,9.99,9.995,9.98,300908
2022-05-27,10.01,10.01,10.01,10.01,2306
2022-06-01,9.98,9.98,9.98,9.98,7862
2022-06-07,9.98,9.98,9.98,9.98,22090
2022-06-08,9.98,9.98,9.98,9.98,2602
2022-06-09,9.99,9.99,9.99,9.99,17000
2022-06-13,10.5,10.05,10.5,10.0,4464
2022-06-14,10.39,10.0,10.39,10.0,50214
2022-06-15,10.0,9.99,10.0,9.99,175022
2022-06-24,9.99,9.99,9.99,9.99,80001
2022-06-27,9.975,9.99,9.99,9.975,42202
2022-07-13,10.005,9.99,10.005,9.99,448477
2022-07-18,10.0,10.0,10.0,10.0,1100
2022-08-05,10.5,10.05,10.5,10.05,1200
2022-08-12,10.04,10.04,10.04,10.04,183
2022-08-15,10.04,10.04,10.04,10.04,801
2022-08-24,10.04,10.04,10.04,10.04,3800
2022-08-25,10.02,10.04,10.04,10.02,769555
2022-09-02,10.02,10.02,10.02,10.02,100
2022-09-06,10.05,10.05,10.05,10.05,101
2022-09-09,10.04,10.04,10.04,10.04,100
2022-09-14,10.02,10.01,10.02,10.01,12501
2022-09-15,10.04,10.04,10.04,10.04,100
2022-09-16,10.03,10.03,10.03,10.03,328
2022-09-19,10.05,10.04,10.05,10.04,8549
2022-09-20,10.05,10.05,10.05,10.05,100
2022-09-21,10.035,10.03,10.035,10.03,5500
2022-09-26,10.02,10.06,10.06,10.02,108005
2022-09-27,10.03,10.06,10.06,10.03,235
2022-10-05,10.02,10.02,10.02,10.02,105
2022-10-07,10.02,10.02,10.02,10.02,20027
2022-10-13,10.07,10.07,10.07,10.07,1100
2022-10-14,10.02,10.02,10.02,10.02,100
2022-10-17,10.05,10.03,10.05,10.03,5100
2022-10-18,10.07,10.03,10.07,10.03,600
2022-10-20,10.075,10.08,10.08,10.075,17285
2022-10-27,10.1,10.1,10.1,10.1,300
2022-11-03,10.105,10.11,10.11,10.105,27912
2022-11-11,10.11,10.11,10.11,10.11,100
2022-11-14,10.11,10.11,10.11,10.105,71293
2022-11-15,10.14,10.14,10.14,10.14,2040
2022-11-17,10.11,10.1419,10.15,10.11,5001
2022-11-18,10.11,10.18,10.18,10.11,2151
2022-11-21,10.17,10.17,10.17,10.17,468
2022-11-23,10.115,10.115,10.115,10.115,201
2022-11-25,10.115,10.12,10.12,10.11,121758
2022-11-28,10.12,10.12,10.12,10.12,31894
2022-11-29,10.13,10.15,10.15,10.13,26224
2022-11-30,10.1328,10.18,10.18,10.1328,1127363
2022-12-07,10.19,10.19,10.19,10.19,150000
2022-12-09,10.16,10.16,10.185,10.16,15102
2022-12-14,10.15,10.15,10.15,10.15,100
2022-12-22,10.15,10.25,10.25,10.15,487
2022-12-23,10.16,10.16,10.16,10.16,105
2022-12-28,10.21,10.21,10.21,10.21,4009
2022-12-30,10.25,10.25,10.25,10.25,188
2023-01-03,10.3,10.26,10.3,10.25,527744
2023-01-05,10.26,10.26,10.275,10.25,84242
2023-01-06,10.28,10.27,10.28,10.26,2690
2023-01-09,10.28,10.28,10.29,10.2701,2409
2023-01-10,10.2604,10.285,10.29,10.26,11144
2023-01-11,10.3,10.31,10.31,10.3,9200
2023-01-13,10.31,10.31,10.31,10.31,2303
2023-01-18,10.3,10.3,10.3,10.3,108988
2023-01-19,10.3,10.3,10.3,10.29,2994
2023-01-20,10.31,10.31,10.315,10.3,243908
2023-01-23,10.315,10.33,10.33,10.315,40137
2023-01-24,10.33,10.33,10.33,10.32,41300
2023-01-25,10.33,10.33,10.3301,10.33,7920
2023-01-26,10.33,10.345,10.345,10.32,23146
2023-01-27,10.35,10.33,10.355,10.33,177955
2023-01-30,10.33,10.33,10.34,10.33,1200
2023-01-31,10.33,10.33,10.34,10.32,79698
2023-02-08,10.35,10.35,10.35,10.35,303
2023-02-09,10.35,10.35,10.35,10.35,102
2023-02-13,10.33,10.32,10.33,10.32,2302
2023-02-16,10.33,10.34,10.365,10.33,140028
2023-02-21,10.36,10.365,10.38,10.355,37443
2023-02-22,10.39,10.39,10.39,10.39,20105
2023-02-27,10.39,10.4296,10.4296,10.39,3954
2023-03-08,10.415,10.4,10.415,10.4,1000
2023-03-09,10.9,10.43,10.9,10.43,411
2023-03-10,10.43,10.43,10.43,10.42,14909
2023-03-13,10.43,10.43,10.43,10.43,1185
2023-03-16,10.43,10.44,10.44,10.43,316582
2023-03-17,10.44,10.44,10.44,10.42,23778
2023-03-20,10.45,10.45,10.45,10.45,61314
2023-03-21,10.45,10.45,10.45,10.45,515301
2023-03-22,10.45,10.45,10.465,10.45,10786
2023-03-23,10.45,10.45,10.45,10.45,2475
2023-03-28,10.46,10.46,10.46,10.46,11877
2023-03-29,10.46,10.47,10.47,10.46,60228
2023-04-03,10.49,10.49,10.49,10.49,301
2023-04-05,10.49,10.49,10.49,10.49,49093
2023-04-11,10.4813,10.47,10.4813,10.47,581
2023-04-12,10.55,10.55,10.55,10.55,105
2023-04-13,10.5,10.52,10.52,10.49,48624
2023-04-18,10.51,10.5,10.51,10.5,25322
2023-04-27,10.5,10.5,10.5,10.495,116672
2023-05-02,10.51,10.51,10.51,10.51,8207
2023-05-05,10.51,10.51,10.51,10.51,1203
2023-05-08,10.51,10.51,10.51,10.51,901
2023-05-11,10.55,10.54,10.55,10.53,1301
2023-05-12,10.54,10.54,10.54,10.54,2526
2023-05-16,10.53,10.54,10.54,10.53,4733
2023-05-17,10.6,10.6,10.6,10.6,101
2023-05-18,10.59,10.6,10.61,10.56,139181
2023-05-19,10.6,10.6,10.6,10.6,321444
2023-05-22,10.7728,10.61,10.7728,10.56,6326
2023-05-23,10.56,10.62,11.64,10.56,132311
2023-05-24,10.9455,10.63,12.12,10.61,66749
2023-05-26,10.63,10.64,10.78,10.63,71033
2023-05-31,11.1562,10.63,11.1562,10.63,1203
2023-06-01,10.62,10.65,11.68,10.62,17751
2023-06-02,10.63,10.66,11.49,10.63,14305
2023-06-05,11.065,10.67,11.5,10.63,15995
2023-06-06,10.63,10.63,10.63,10.63,373
2023-06-07,11.0413,10.61,11.3527,10.6,5416
2023-06-08,10.64,10.62,10.67,10.62,5836
2023-06-09,10.9576,10.62,10.9576,10.62,18485
2023-06-12,10.62,10.6359,11.16,10.62,10122
2023-06-13,10.62,10.64,11.2755,10.62,87547
2023-06-14,10.81,10.65,11.005,10.64,8882
2023-06-15,10.64,10.64,10.64,10.64,23717
2023-06-16,10.64,10.65,10.98,10.64,101273
2023-06-20,10.9104,10.67,10.99,10.65,7479
2023-06-21,10.9236,10.6669,11.26,10.64,8747
2023-06-22,11.07,10.65,11.14,10.65,203721
2023-06-23,10.65,10.69,11.31,10.64,38482
2023-06-26,10.65,10.66,11.2228,10.65,11984
2023-06-27,10.68,10.69,11.13,10.68,10303
2023-06-28,10.68,10.69,10.69,10.68,51295
2023-06-29,10.69,10.6899,10.69,10.68,54047
2023-06-30,10.69,10.69,10.69,10.69,10646
2023-07-05,10.6842,10.69,10.69,10.6842,5595
2023-07-06,10.695,10.695,10.695,10.69,4743
2023-07-07,10.7,10.7,10.7,10.7,60027
2023-07-11,10.695,10.69,10.695,10.69,82126
2023-07-12,10.69,10.69,10.695,10.69,82402
2023-07-13,10.69,10.685,10.7,10.685,11854
2023-07-14,10.68,10.68,10.68,10.68,179562
2023-07-19,10.7,10.72,10.72,10.7,751456
2023-07-20,10.7,10.69,10.7,10.69,17636
2023-07-21,10.69,10.69,10.69,10.69,848
2023-07-24,10.7,10.7,10.7,10.7,125033
2023-07-25,10.72,10.72,10.72,10.7,5976
2023-07-26,10.72,10.71,10.72,10.71,103135
2023-07-27,10.715,10.7147,10.715,10.71,1276
2023-07-31,10.72,10.725,10.73,10.715,98057
2023-08-01,10.73,10.73,10.745,10.72,43388
2023-08-02,10.7845,10.79,10.79,10.7501,1814
2023-08-03,10.8,10.79,10.8,10.79,1117
2023-08-07,10.74,10.74,10.75,10.74,64721
2023-08-08,10.74,10.76,10.77,10.74,13806
2023-08-09,10.77,10.75,10.99,10.75,26573
2023-08-10,10.79,10.74,10.79,10.74,103111
2023-08-11,10.79,10.7599,10.79,10.74,16151
2023-08-14,10.74,10.74,10.77,10.74,56174
2023-08-15,10.795,10.795,10.795,10.795,149
2023-08-16,10.7479,10.83,10.83,10.7479,1100
2023-08-17,10.76,10.75,10.83,10.74,3014
2023-08-18,10.8101,10.81,10.85,10.79,257815
2023-08-21,10.81,10.81,10.815,10.81,106330
2023-08-22,10.815,10.82,10.9004,10.81,55832
2023-08-24,10.81,10.81,10.81,10.81,108
2023-08-25,10.82,10.82,10.82,10.81,7320
2023-08-28,10.82,10.8,10.82,10.8,3758
2023-08-29,10.85,10.86,10.86,10.85,6507
2023-08-30,10.84,10.85,10.85,10.84,200103
2023-09-01,10.86,10.86,10.92,10.86,8423
2023-09-05,10.86,10.86,10.87,10.86,200300
2023-09-06,10.88,10.86,10.88,10.86,300
2023-09-07,10.86,10.86,10.86,10.86,4503
2023-09-11,10.86,10.86,10.86,10.86,100
2023-09-12,10.86,10.8728,10.8728,10.86,1752
2023-09-13,10.87,10.86,10.87,10.86,808
2023-09-15,10.91,10.8698,10.91,10.86,29065
2023-09-19,10.86,10.86,10.86,10.86,652
2023-09-20,10.86,10.86,10.86,10.86,667
2023-09-25,10.87,10.8701,10.8705,10.87,6209
2023-09-28,10.924,10.924,10.924,10.924,373
2023-10-02,10.88,10.91,10.925,10.88,12801
2023-10-10,10.9,10.9,10.9,10.9,1468
2023-10-11,10.91,10.9,10.91,10.9,1257
2023-10-12,10.91,10.91,10.91,10.91,1786
2023-10-13,10.92,10.92,10.92,10.92,229
2023-10-16,10.93,10.93,10.93,10.93,1167
2023-10-24,10.93,10.91,10.93,10.9,6699
2023-10-25,10.9,10.93,11.4072,10.9,16401
2023-10-27,10.94,10.94,10.94,10.94,344
2023-10-30,10.92,10.91,10.93,10.91,14520
2023-11-01,10.92,10.93,10.93,10.92,478
2023-11-03,10.93,10.935,10.94,10.93,38557
2023-11-06,10.94,10.935,10.94,10.935,15731
2023-11-07,10.935,10.93,10.935,10.93,2219
2023-11-08,10.93,10.93,10.935,10.92,146790
2023-11-09,10.93,10.93,10.9301,10.93,2000
2023-11-10,10.94,10.9301,10.94,10.93,5241
2023-11-17,10.93,10.835,10.93,10.76,128326
2023-11-20,10.83,10.86,10.89,10.81,57313
2023-11-21,10.88,10.88,10.88,10.88,13428
2023-11-22,10.81,10.83,10.83,10.81,914
2023-11-27,10.85,10.86,10.86,10.815,124944
2023-11-30,10.87,10.88,10.88,10.87,15941
2023-12-04,10.87,10.87,10.87,10.87,43368
2023-12-06,10.85,10.85,10.85,10.85,250
2023-12-11,10.85,10.85,10.85,10.85,1641
2023-12-14,10.85,10.85,10.85,10.85,38849
2023-12-19,10.85,10.85,10.85,10.85,325015
2023-12-26,10.867,10.867,10.867,10.867,2041
2023-12-28,10.83,10.83,10.83,10.83,1476
2023-12-29,10.831,10.86,10.87,10.831,36074
2024-01-02,10.85,10.85,10.85,10.85,300
2024-01-03,10.85,10.9,11.9375,10.83,11098
2024-01-09,10.88,10.85,10.88,10.85,3428
2024-01-10,10.86,10.86,10.86,10.86,4000
2024-01-12,10.87,10.88,10.88,10.87,25164
2024-01-16,10.885,10.88,10.885,10.86,122717
2024-01-18,10.92,10.92,10.92,10.92,120
2024-01-19,10.92,10.92,10.92,10.92,664
2024-01-23,10.92,10.93,10.94,10.92,199661
2024-01-24,10.98,11.01,11.01,10.93,70471
2024-01-25,11.01,11.02,11.02,10.97,102609
2024-01-26,11.03,11.03,11.03,11.01,11897
2024-01-29,11.03,11.04,11.04,11.03,14154
2024-01-30,11.04,11.03,11.04,11.03,338875
2024-01-31,11.04,10.98,11.04,10.98,64351
2024-02-01,11.04,11.01,11.05,11.01,76985
2024-02-02,11.05,11.05,11.05,11.045,31350
2024-02-05,11.05,11.04,11.05,11.03,85201
2024-02-06,11.06,11.04,11.06,11.04,244447
2024-02-07,11.055,11.0401,11.06,11.04,3429
2024-02-08,11.03,11.02,11.03,11.02,48115
2024-02-13,11.07,11.07,11.07,11.07,715
2024-02-14,11.05,11.05,11.05,11.05,997
2024-02-16,11.05,11.03,11.05,11.03,3039
2024-02-20,11.01,11.01,11.01,11.01,401
2024-02-21,11.0541,11.0541,11.0541,11.0541,813
2024-02-22,11.025,11.025,11.025,11.025,816
2024-02-23,11.05,11.1,11.1,11.05,38506
2024-02-27,11.3,11.25,11.5,11.19,4233
2024-02-28,11.2,11.2,11.39,11.2,3252
2024-02-29,11.19,11.1,11.19,11.1,2946
2024-03-04,11.57,11.21,11.57,11.11,1887
2024-03-05,11.9,11.1,11.9,11.1,1690
2024-03-06,11.1,11.1,11.1,11.1,14577
2024-03-07,11.1,11.1,11.11,11.1,881
2024-03-11,11.13,11.13,11.13,11.13,183
2024-03-15,11.1,11.1,11.1,11.1,168
2024-03-20,11.11,11.11,11.11,11.11,3090
2024-03-21,11.12,11.12,11.12,11.12,100
2024-03-27,11.1199,11.12,11.12,11.1198,2480
2024-04-02,11.12,11.14,11.28,11.12,9176
2024-04-03,11.13,11.14,11.14,11.13,2201
2024-04-29,11.11,11.1,11.11,11.1,4001
2024-05-03,11.5,11.5,11.5,11.5,110
2024-05-06,11.76,12.0,12.2,11.76,5149
2024-05-07,11.74,11.79,11.8,11.73,893
2024-05-08,11.43,11.31,11.45,11.31,6525
2024-05-10,11.3,11.3,11.3,11.3,655
2024-05-17,11.38,11.2,11.4308,11.2,10038
2024-05-21,11.2,11.2,11.2,11.2,200001
2024-05-22,11.16,11.09,11.2144,11.09,733202
2024-05-23,11.1,11.1,11.1,11.08,12633
2024-05-24,11.07,11.061,11.0704,11.05,16200
2024-05-29,11.08,11.09,11.09,11.08,1209
2024-06-06,11.09,11.09,11.09,11.09,100
2024-06-07,11.06,11.06,11.06,11.06,150
2024-06-11,11.1,11.1,11.1,11.1,5011
2024-06-20,11.1,11.1,11.1,11.1,189
2024-06-21,11.07,11.07,11.07,11.07,100
2024-06-24,11.01,11.01,11.01,11.01,301
2024-06-25,11.02,11.02,11.02,11.02,102
2024-06-26,11.04,11.04,11.04,11.04,100
2024-07-01,11.03,11.03,11.03,11.03,100
2024-07-02,11.07,11.07,11.07,11.07,101
2024-07-05,11.04,11.04,11.04,11.04,101
2024-07-08,11.04,11.04,11.04,11.04,100
2024-07-10,11.02,11.02,11.02,11.02,100
2024-07-11,11.02,11.02,11.02,11.02,100
2024-07-12,11.02,11.02,11.02,11.02,102
2024-07-15,11.02,11.02,11.02,11.02,102
2024-07-16,11.02,11.02,11.02,11.02,150
2024-07-23,11.03,11.03,11.03,11.03,874
2024-07-30,11.02,11.02,11.0334,11.02,1394
2024-08-07,11.03,11.03,11.03,11.03,100
2024-08-08,11.04,11.04,11.04,11.04,100
2024-08-09,11.04,11.04,11.04,11.04,101
2024-08-12,11.03,11.03,11.03,11.03,110
