2019-11-04,37.63,37.69,37.9,37.25,49649
2019-11-05,37.63,37.44,38.0,37.14,54321
2019-11-06,37.47,37.03,37.47,36.65,65733
2019-11-07,37.42,37.06,37.61,37.01,28370
2019-11-08,36.99,36.54,37.12,36.4,37727
2019-11-11,36.34,36.23,36.4252,36.08,32778
2019-11-12,36.33,36.58,37.18,36.12,40844
2019-11-13,36.37,35.935,36.45,36.07,30522
2019-11-14,36.0,36.19,36.39,35.99,32413
2019-11-15,36.42,36.11,36.58,36.08,21944
2019-11-18,36.0,36.14,36.39,35.8917,37774
2019-11-19,36.42,36.5,36.82,36.3,32651
2019-11-20,36.44,36.32,36.85,36.16,51512
2019-11-21,36.52,36.28,36.64,36.05,39373
2019-11-22,36.37,36.17,36.5,36.08,29071
2019-11-25,36.42,37.07,37.25,36.3,57078
2019-11-26,37.2,37.24,37.44,37.01,32922
2019-11-27,37.33,37.11,37.5,36.97,33913
2019-11-29,37.0,37.01,37.105,36.78,22259
2019-12-02,37.01,36.73,37.28,36.52,48231
2019-12-03,36.36,36.14,36.585,36.0,65918
2019-12-04,36.47,36.07,36.97,36.03,27454
2019-12-05,36.28,36.64,36.8899,36.09,26696
2019-12-06,37.41,36.9,37.49,36.81,36836
2019-12-09,36.87,36.87,37.29,36.61,25245
2019-12-10,36.86,37.16,37.39,36.8,36704
2019-12-11,37.31,37.79,37.87,37.085,28874
2019-12-12,37.75,38.4,38.66,37.53,77238
2019-12-13,38.18,38.28,38.46,37.48,44783
2019-12-16,38.59,38.94,38.99,38.25,68100
2019-12-17,38.47,38.64,38.79,37.38,137359
2019-12-18,38.57,38.68,38.81,38.03,60045
2019-12-19,38.66,39.05,39.255,38.35,72878
2019-12-20,39.23,38.42,39.6,38.39,235526
2019-12-23,38.49,38.03,38.58,37.82,53276
2019-12-24,38.15,37.92,38.18,37.64,16034
2019-12-26,38.1,37.79,38.1,37.65,15901
2019-12-27,37.96,37.45,37.96,37.37,44564
2019-12-30,37.51,37.71,37.9791,37.3,50282
2019-12-31,37.8,37.5,37.86,37.43,45211
2020-01-02,37.86,37.68,37.86,37.14,36853
2020-01-03,37.28,37.57,37.84,37.19,32453
2020-01-06,37.53,37.47,37.75,36.8401,47658
2020-01-07,37.31,37.14,37.68,36.94,32429
2020-01-08,37.15,37.36,37.42,37.07,31724
2020-01-09,37.56,37.5,37.72,37.31,35976
2020-01-10,37.57,37.18,37.57,36.83,38040
2020-01-13,37.18,37.79,37.83,37.18,41061
2020-01-14,37.79,37.53,37.79,37.41,37649
2020-01-15,37.5,37.74,37.99,37.34,39847
2020-01-16,37.96,38.56,38.64,37.91,37098
2020-01-17,38.81,38.5,38.84,38.17,31471
2020-01-21,38.18,38.13,38.49,37.94,46671
2020-01-22,38.3,37.78,38.465,37.73,37510
2020-01-23,37.71,37.76,37.8255,37.22,58617
2020-01-24,37.83,37.66,38.27,37.6,37465
2020-01-27,37.56,37.7,37.87,37.03,26754
2020-01-28,37.92,37.73,38.255,37.45,29684
2020-01-29,37.65,37.61,38.07,37.48,41353
2020-01-30,37.29,37.9,37.95,37.15,33416
2020-01-31,37.76,36.91,37.82,36.8,54658
2020-02-03,37.17,36.76,37.48,36.69,46489
2020-02-04,37.24,37.13,37.71,37.01,47473
2020-02-05,37.56,38.12,38.12,37.3,35571
2020-02-06,38.09,38.04,38.18,37.56,49870
2020-02-07,36.26,35.06,36.99,34.86,82764
2020-02-10,34.73,35.14,35.25,34.43,38641
2020-02-11,35.26,35.63,35.98,35.23,27509
2020-02-12,35.94,36.015,36.21,35.68,22581
2020-02-13,35.9,36.03,36.18,35.84,17965
2020-02-14,36.08,35.61,36.08,35.445,43502
2020-02-18,35.55,35.62,35.845,35.295,71907
2020-02-19,35.69,35.89,36.26,35.63,32260
2020-02-20,35.63,36.65,36.85,35.63,48461
2020-02-21,36.42,36.8,37.07,36.24,29325
2020-02-24,36.42,35.15,36.43,35.11,34305
2020-02-25,35.36,33.82,35.36,33.64,59920
2020-02-26,33.92,33.26,34.23,33.13,40821
2020-02-27,32.49,31.97,33.74,31.97,65768
2020-02-28,31.61,31.99,32.0,30.4113,122833
2020-03-02,32.2,32.91,33.07,31.8269,49977
2020-03-03,33.0,32.03,33.69,31.72,55244
2020-03-04,32.53,33.6,33.65,31.91,82287
2020-03-05,32.99,32.92,33.04,32.445,89548
2020-03-06,33.03,33.49,34.275,32.8,89757
2020-03-09,30.0,30.26,31.83,29.9001,73757
2020-03-10,31.74,30.78,31.74,29.2,87350
2020-03-11,30.64,29.63,30.64,28.64,98122
2020-03-12,27.72,25.85,28.171,25.66,79942
2020-03-13,27.94,27.99,27.99,25.51,99238
2020-03-16,25.0,23.23,25.39,23.0,109287
2020-03-17,23.93,26.16,26.4,22.87,110366
2020-03-18,24.43,22.63,24.87,21.49,115017
2020-03-19,23.0,25.26,25.94,22.46,86133
2020-03-20,25.69,24.42,26.52,23.845,130917
2020-03-23,25.01,25.5,25.77,23.35,90668
2020-03-24,26.5,27.81,27.95,25.92,83906
2020-03-25,27.68,28.22,28.9,27.038,64752
2020-03-26,28.75,30.56,30.94,28.4931,57645
2020-03-27,29.24,28.98,29.98,28.47,57443
2020-03-30,29.27,30.74,30.83,28.8,51802
2020-03-31,30.62,31.21,31.2262,29.89,90992
2020-04-01,30.1,27.96,30.1,27.455,66283
2020-04-02,27.72,29.18,29.37,27.72,45660
2020-04-03,28.37,27.23,28.79,26.54,57419
2020-04-06,28.52,29.46,29.46,28.45,66344
2020-04-07,30.44,28.16,30.44,27.88,90378
2020-04-08,28.74,29.16,29.47,28.34,62280
2020-04-09,29.82,29.34,30.43,28.59,64385
2020-04-13,28.9,28.32,29.075,27.84,34042
2020-04-14,29.05,29.18,29.5,28.25,49882
2020-04-15,28.2,26.73,28.35,26.62,62265
2020-04-16,27.19,26.91,27.31,25.88,71758
2020-04-17,27.38,28.54,28.88,27.38,44920
2020-04-20,27.5,27.46,28.21,27.06,39966
2020-04-21,26.25,26.53,26.85,25.9,58419
2020-04-22,27.46,27.02,27.46,26.77,39021
2020-04-23,25.88,26.5,27.28,25.658,76395
2020-04-24,26.5,27.58,27.89,25.75,64763
2020-04-27,27.39,27.85,28.1,27.2,84482
2020-04-28,28.85,28.63,29.035,27.74,56580
2020-04-29,29.59,30.55,31.17,28.67,97787
2020-04-30,30.13,29.5,30.4,29.24,70948
2020-05-01,28.92,28.48,28.92,27.75,61643
2020-05-04,28.21,28.31,28.83,27.85,42774
2020-05-05,28.67,28.72,29.08,28.41,68362
2020-05-06,28.74,28.35,29.22,28.3,54346
2020-05-07,28.6,27.92,28.94,27.73,71286
2020-05-08,28.63,29.0,29.14,28.44,49704
2020-05-11,28.53,28.35,28.71,27.74,56260
2020-05-12,28.38,27.17,28.55,27.14,60344
2020-05-13,27.0,26.945,27.28,26.65,54181
2020-05-14,26.27,26.7,26.77,25.0,94266
2020-05-15,26.42,27.07,27.21,26.22,137337
2020-05-18,28.44,29.42,29.63,28.44,94685
2020-05-19,29.04,28.35,29.34,28.27,48840
2020-05-20,29.04,29.66,29.965,28.9,64856
2020-05-21,29.6,29.56,30.01,29.425,36017
2020-05-22,29.84,29.38,29.84,28.95,28576
2020-05-26,30.5,30.75,31.18,30.5,55378
2020-05-27,31.53,31.9,32.17,31.21,66277
2020-05-28,32.19,30.89,32.2,30.81,50810
2020-05-29,30.35,30.66,30.88,29.89,58042
2020-06-01,30.92,30.99,31.75,30.89,87022
2020-06-02,30.85,30.73,31.615,30.535,50782
2020-06-03,31.45,31.84,32.38,31.45,54525
2020-06-04,31.5,32.12,32.41,31.5,45202
2020-06-05,33.54,33.87,34.64,33.21,70757
2020-06-08,34.61,33.52,34.61,33.35,81747
2020-06-09,33.14,32.76,33.32,32.71,52285
2020-06-10,33.01,31.92,33.01,31.72,85229
2020-06-11,30.36,29.22,31.06,29.16,95598
2020-06-12,30.67,30.18,30.67,29.07,114220
2020-06-15,29.32,30.09,30.7,29.19,99389
2020-06-16,31.53,31.17,31.98,30.71,63800
2020-06-17,31.54,30.14,31.61,30.02,96428
2020-06-18,29.85,29.79,30.48,29.65,87421
2020-06-19,30.19,29.27,30.27,29.23,165437
2020-06-22,29.04,29.56,29.63,28.62,114014
2020-06-23,30.09,29.62,30.13,29.5118,127497
2020-06-24,29.15,28.84,29.415,28.81,118581
2020-06-25,28.7,29.44,29.5,28.4,85177
2020-06-26,29.11,29.08,29.3,28.81,263830
2020-06-29,29.72,30.47,30.53,29.42,71990
2020-06-30,30.26,31.08,31.18,30.23,58715
2020-07-01,31.27,30.17,31.27,30.17,50113
2020-07-02,30.69,30.58,31.09,30.24,47810
2020-07-06,31.24,30.79,31.24,30.4,41877
2020-07-07,30.35,29.69,30.61,29.63,44943
2020-07-08,29.62,29.54,30.02,29.08,59490
2020-07-09,29.47,29.06,29.47,28.66,44264
2020-07-10,29.21,29.87,29.87,29.21,67903
2020-07-13,29.85,29.85,30.55,29.0,95666
2020-07-14,29.91,30.75,30.92,29.85,54956
2020-07-15,31.41,31.57,31.93,31.14,63893
2020-07-16,31.37,31.39,31.745,31.095,36157
2020-07-17,31.45,31.39,31.86,31.3022,40741
2020-07-20,31.18,31.15,31.18,30.72,53221
2020-07-21,31.47,31.5,32.07,31.2628,54183
2020-07-22,31.29,31.47,31.75,31.1432,76757
2020-07-23,31.27,32.19,32.375,31.27,88338
2020-07-24,32.55,32.12,33.45,32.041,63139
2020-07-27,32.02,32.02,32.3,31.0131,47971
2020-07-28,31.74,31.23,31.99,31.11,48278
2020-07-29,31.39,31.31,31.58,30.8,73190
2020-07-30,30.7,30.9,31.12,30.4061,38644
2020-07-31,30.53,30.26,30.8,29.69,69878
2020-08-03,30.66,30.61,30.85,30.36,53170
2020-08-04,30.45,30.93,31.09,30.41,73261
2020-08-05,31.37,31.55,31.71,30.97,59563
2020-08-06,31.69,31.99,32.08,31.39,63288
2020-08-07,31.83,32.63,32.69,31.83,47229
2020-08-10,32.84,33.74,33.87,32.76,91018
2020-08-11,34.23,34.64,34.98,33.96,71722
2020-08-12,35.1,34.705,35.1,34.44,52071
2020-08-13,34.7,33.89,34.7,33.815,38728
2020-08-14,33.61,33.76,33.89,33.3205,32562
2020-08-17,33.72,33.58,33.87,33.41,41618
2020-08-18,33.48,32.57,33.48,32.39,43173
2020-08-19,32.76,32.79,33.28,32.48,27562
2020-08-20,32.28,32.55,32.66,32.21,34819
2020-08-21,32.38,32.31,32.51,31.99,43188
2020-08-24,32.62,32.78,32.85,32.19,35910
2020-08-25,33.07,32.63,33.07,32.44,25667
2020-08-26,32.61,32.29,32.86,32.14,46636
2020-08-27,32.5,32.21,32.63,32.05,29610
2020-08-28,32.54,32.39,32.57,31.92,39609
2020-08-31,32.29,31.95,32.29,31.85,59017
2020-09-01,31.77,32.4,32.42,31.58,27778
2020-09-02,32.37,32.79,32.95,32.36,32711
2020-09-03,32.84,31.91,32.84,31.88,35890
2020-09-04,32.5,31.86,32.57,31.66,59721
2020-09-08,31.78,31.31,31.84,31.105,67472
2020-09-09,31.48,31.81,31.975,31.33,45191
2020-09-10,32.08,31.4,32.08,31.32,50990
2020-09-11,31.51,31.63,31.86,31.4,29862
2020-09-14,31.76,32.91,33.12,31.76,79955
2020-09-15,33.05,32.26,33.42,32.09,35949
2020-09-16,32.43,32.35,32.76,32.2,60726
2020-09-17,31.65,32.48,32.89,31.65,52705
2020-09-18,32.79,31.46,32.87,31.22,181196
2020-09-21,30.78,29.94,30.78,29.5,59738
2020-09-22,30.1,30.04,30.14,29.51,39214
2020-09-23,29.85,29.49,30.32,29.37,45031
2020-09-24,29.64,29.66,30.0503,29.395,34450
2020-09-25,29.45,29.8,29.95,29.44,30117
2020-09-28,30.26,30.26,30.63,30.16,25791
2020-09-29,30.26,30.16,30.41,29.97,36295
2020-09-30,30.24,29.46,30.39,29.16,69218
2020-10-01,29.45,29.49,29.76,29.05,75864
2020-10-02,29.0,30.92,31.25,29.0,112427
2020-10-05,31.13,31.82,31.93,31.13,48286
2020-10-06,32.13,31.69,32.62,31.61,35839
2020-10-07,32.03,32.32,32.53,31.68,51526
2020-10-08,32.61,32.44,32.735,31.8,25101
2020-10-09,32.68,32.77,33.0,32.5,25246
2020-10-12,32.97,33.81,33.92,32.49,74837
2020-10-13,33.42,32.65,33.93,32.65,45788
2020-10-14,32.69,32.7,33.42,32.64,27601
2020-10-15,32.32,32.86,33.095,32.32,49586
2020-10-16,32.76,33.07,33.715,32.76,136726
2020-10-19,33.1,32.74,33.5,32.61,29327
2020-10-20,32.99,33.03,33.3,32.66,28887
2020-10-21,33.0,32.61,33.13,32.34,40462
2020-10-22,32.8,32.79,33.31,32.71,47454
2020-10-23,33.59,34.04,34.38,33.11,63165
2020-10-26,33.51,32.61,33.65,32.235,42089
2020-10-27,32.52,31.74,32.71,31.65,30581
2020-10-28,31.08,30.78,31.645,30.59,40572
2020-10-29,30.85,31.09,31.42,30.5,37496
2020-10-30,30.89,31.05,31.67,30.47,38606
2020-11-02,31.64,32.23,32.3999,31.64,23817
2020-11-03,32.74,33.2,33.45,32.57,54597
2020-11-04,32.52,31.95,32.9512,31.76,34457
2020-11-05,32.3,33.2,33.43,32.3,36136
2020-11-06,33.28,32.77,33.28,32.59,19217
2020-11-09,34.99,34.76,36.39,34.17,79814
2020-11-10,35.15,36.38,36.75,35.15,64793
2020-11-11,36.53,34.915,36.53,34.25,47088
2020-11-12,34.29,33.59,34.615,33.18,50506
2020-11-13,34.02,33.58,34.33,33.26,44654
2020-11-16,34.57,34.84,35.1,34.14,46832
2020-11-17,34.46,34.54,34.9,33.75,47590
2020-11-18,34.86,34.19,34.98,34.11,44765
2020-11-19,34.07,34.01,34.325,33.43,22197
2020-11-20,33.67,33.78,34.27,33.67,44713
2020-11-23,34.3,34.1,34.91,33.78,28588
2020-11-24,34.71,35.3,35.55,34.34,50705
2020-11-25,35.05,34.44,35.05,34.0,31708
2020-11-27,34.45,34.39,34.47,33.66,20702
2020-11-30,34.17,32.9,34.17,32.56,51106
2020-12-01,33.52,33.12,33.96,32.51,41682
2020-12-02,32.91,33.05,33.65,32.6,45214
2020-12-03,33.37,32.88,33.43,32.8,28589
2020-12-04,33.15,33.59,33.7299,32.74,38237
2020-12-07,33.64,33.3,33.65,33.0,60821
2020-12-08,33.17,33.94,34.06,33.17,47304
2020-12-09,34.15,34.8,34.95,34.15,52432
2020-12-10,34.56,35.05,35.18,34.12,46111
2020-12-11,34.87,35.38,35.57,34.56,31773
2020-12-14,35.53,34.6,35.685,34.6,44817
2020-12-15,34.95,35.08,35.4,34.54,62145
2020-12-16,35.03,32.65,35.16,32.64,120302
2020-12-17,33.05,33.41,34.19,32.71,105631
2020-12-18,33.6,31.53,33.72,31.53,346531
2020-12-21,31.6,32.86,33.62,31.24,88632
2020-12-22,33.07,32.15,33.41,31.79,41775
2020-12-23,32.5,32.21,32.53,32.07,43501
2020-12-24,32.31,32.41,32.47,32.09,10032
2020-12-28,32.76,32.47,32.97,32.35,31175
2020-12-29,32.43,32.29,32.45,31.55,44893
2020-12-30,32.17,32.38,32.55,32.1463,28628
2020-12-31,32.06,32.45,32.68,32.01,35043
2021-01-04,32.81,31.65,32.81,31.3,46084
2021-01-05,31.81,32.03,32.6612,31.715,44561
2021-01-06,32.71,33.74,34.5,32.71,87592
2021-01-07,33.97,34.12,34.36,33.51,32861
2021-01-08,34.4,33.79,34.4,32.69,55993
2021-01-11,33.23,33.52,33.6562,33.19,27556
2021-01-12,33.7,34.35,34.47,33.49,41812
2021-01-13,34.35,33.73,34.35,33.37,34001
2021-01-14,33.93,34.3,34.8,33.13,38709
2021-01-15,33.68,33.46,33.8,32.79,40566
2021-01-19,33.97,33.37,33.97,33.165,34330
2021-01-20,33.44,33.44,33.7,32.92,28804
2021-01-21,33.44,32.91,33.44,32.56,27789
2021-01-22,32.62,33.81,33.84,32.615,64723
2021-01-25,33.56,32.6,33.56,31.99,41246
2021-01-26,32.91,32.03,32.91,31.95,27342
2021-01-27,31.29,30.5,31.755,30.35,92352
2021-01-28,30.9,31.46,31.95,30.4603,139606
2021-01-29,31.35,31.5,32.23,30.98,82675
2021-02-01,31.94,32.62,32.84,31.35,52159
2021-02-02,32.93,32.1,32.93,31.96,27092
2021-02-03,31.94,31.35,32.1,31.28,33980
2021-02-04,31.37,31.81,31.92,31.25,40300
2021-02-05,31.8,32.26,32.49,30.51,80640
2021-02-08,32.15,33.34,33.45,32.15,54308
2021-02-09,33.38,32.65,33.38,32.55,34886
2021-02-10,32.76,32.095,32.91,32.09,29645
2021-02-11,32.12,31.76,32.27,31.62,39929
2021-02-12,31.75,32.21,32.24,31.75,38321
2021-02-16,32.22,32.34,32.66,31.875,39747
2021-02-17,32.02,31.76,32.33,31.39,40298
2021-02-18,31.52,31.18,32.14,31.13,41856
2021-02-19,31.38,32.28,32.68,31.38,41782
2021-02-22,32.05,32.77,32.92,31.92,29304
2021-02-23,32.75,32.6,33.48,32.04,39578
2021-02-24,32.85,33.46,33.705,32.765,74759
2021-02-25,33.29,33.02,33.595,33.0,69583
2021-02-26,32.67,31.99,32.85,31.99,89777
2021-03-01,33.09,32.84,33.32,32.56,72979
2021-03-02,32.7,32.27,32.78,32.13,46343
2021-03-03,32.3,33.0,33.15,32.17,65101
2021-03-04,32.83,32.35,33.34,32.1,107669
2021-03-05,32.92,34.35,34.35,32.5,112157
2021-03-08,34.16,35.71,35.81,34.16,88407
2021-03-09,35.94,34.37,35.94,34.25,57978
2021-03-10,34.81,34.7,35.13,34.2,92407
2021-03-11,34.85,34.37,34.85,34.075,61805
2021-03-12,34.54,34.82,34.925,34.1,51475
2021-03-15,34.57,34.7,34.945,34.31,75698
2021-03-16,34.48,34.55,34.69,34.04,46375
2021-03-17,34.47,35.09,35.23,34.38,48697
2021-03-18,35.09,35.22,35.8,34.54,64865
2021-03-19,35.0,34.94,35.46,34.23,471415
2021-03-22,34.81,32.8,34.94,32.25,133019
2021-03-23,32.38,32.41,32.79,31.89,94237
2021-03-24,32.65,32.69,33.79,32.6,70506
2021-03-25,32.58,32.91,33.01,32.45,60011
2021-03-26,33.35,34.05,34.1,32.8,49389
2021-03-29,33.8,33.45,34.33,33.16,77756
2021-03-30,33.4,33.66,33.8,33.04,55308
2021-03-31,33.55,33.11,34.09,32.87,132814
2021-04-01,33.13,33.53,33.54,32.84,56284
2021-04-05,33.9,33.78,34.0,33.34,59972
2021-04-06,33.62,33.55,33.8,33.24,64338
2021-04-07,33.56,32.83,33.56,32.54,52011
2021-04-08,32.83,33.24,33.25,32.45,95818
2021-04-09,33.35,33.64,33.87,33.25,52049
2021-04-12,33.79,33.7,33.98,33.15,48228
2021-04-13,33.76,33.39,33.98,33.06,32175
2021-04-14,33.46,33.42,33.72,33.18,38774
2021-04-15,33.46,33.87,33.87,33.105,53174
2021-04-16,34.0,34.06,34.41,33.6,103276
2021-04-19,33.89,33.69,34.035,33.17,53316
2021-04-20,33.4,33.29,33.4,32.75,37944
2021-04-21,33.09,33.73,33.83,33.09,42510
2021-04-22,33.98,33.68,34.5,33.32,63767
2021-04-23,33.76,34.03,34.43,33.76,52550
2021-04-26,34.15,33.94,34.4899,33.82,35648
2021-04-27,34.02,33.89,34.11,33.52,47162
2021-04-28,33.88,34.3,34.34,33.51,42438
2021-04-29,34.3,35.11,35.25,34.3,42255
2021-04-30,34.83,34.52,35.205,34.265,75312
2021-05-03,34.94,35.2,35.21,34.65,57606
2021-05-04,34.93,35.19,35.39,34.57,60780
2021-05-05,35.22,35.12,35.12,34.6247,30630
2021-05-06,35.02,35.63,35.63,34.98,45703
2021-05-07,35.15,35.91,35.93,35.05,41763
2021-05-10,35.92,35.47,36.21,35.44,50267
2021-05-11,35.07,34.96,35.22,34.63,37761
2021-05-12,34.94,34.115,35.21,34.13,51537
2021-05-13,33.86,35.32,35.49,33.86,37858
2021-05-14,35.34,35.43,35.59,35.12,36813
2021-05-17,35.18,35.33,35.37,34.6765,25278
2021-05-18,35.3,34.87,35.37,34.76,29209
2021-05-19,33.0,34.25,34.43,33.0,43455
2021-05-20,34.24,34.17,34.4,33.98,38907
2021-05-21,34.54,34.4,34.7,33.93,34804
2021-05-24,34.51,34.94,35.01,34.22,81413
2021-05-25,34.85,35.63,35.63,34.68,115365
2021-05-26,35.58,35.76,35.99,35.26,62940
2021-05-27,36.25,35.92,36.2854,35.75,74795
2021-05-28,36.0,35.98,36.18,35.73,51079
2021-06-01,36.24,36.48,36.6,35.88,52394
2021-06-02,36.61,35.4,36.63,35.22,76159
2021-06-03,35.26,36.05,36.05,34.94,71357
2021-06-04,36.08,36.65,36.69,36.01,43234
2021-06-07,36.67,36.99,37.03,36.43,61744
2021-06-08,36.92,37.32,37.37,36.75,54811
2021-06-09,37.21,36.39,37.245,36.21,40879
2021-06-10,36.62,35.88,36.62,35.755,57969
2021-06-11,35.91,35.9,36.05,35.28,44116
2021-06-14,35.97,35.62,36.055,35.11,74648
2021-06-15,35.53,36.1,36.23,35.47,63562
2021-06-16,35.88,36.49,36.81,35.71,91849
2021-06-17,36.37,35.08,36.77,34.67,120295
2021-06-18,34.56,33.42,34.58,33.41,210389
2021-06-21,33.81,34.44,34.71,33.81,79738
2021-06-22,34.24,34.5,34.64,33.86,74740
2021-06-23,34.69,34.52,34.79,34.14,108984
2021-06-24,34.68,35.03,35.12,34.2,105173
2021-06-25,35.18,34.09,35.415,33.8,887556
2021-06-28,33.97,34.26,34.45,33.54,80495
2021-06-29,34.45,34.17,34.58,34.15,58704
2021-06-30,34.19,34.44,34.835,33.8792,78511
2021-07-01,34.63,34.62,34.68,34.42,42642
2021-07-02,34.55,34.61,34.81,34.36,38202
2021-07-06,34.68,34.67,34.72,33.76,68529
2021-07-07,34.67,34.93,35.14,34.48,48830
2021-07-08,34.35,34.41,34.8,34.15,37347
2021-07-09,34.87,35.04,35.11,34.87,30373
2021-07-12,34.77,35.33,35.34,34.6,44355
2021-07-13,35.05,34.83,35.2027,34.56,37141
2021-07-14,34.83,34.87,34.92,34.52,41250
2021-07-15,34.58,34.98,34.99,34.41,29390
2021-07-16,35.21,34.91,35.26,34.85,47752
2021-07-19,34.03,34.17,34.8,33.83,52760
2021-07-20,34.18,35.12,35.56,34.18,86896
2021-07-21,35.55,35.44,35.83,35.18,34268
2021-07-22,35.16,34.59,35.16,34.52,27287
2021-07-23,35.01,34.99,35.45,34.54,23400
2021-07-26,34.86,35.28,35.49,34.86,20999
2021-07-27,35.02,35.03,35.28,34.83,43127
2021-07-28,35.18,34.93,35.195,34.7,36088
2021-07-29,35.2,35.32,35.64,35.13,22087
2021-07-30,35.27,35.69,35.69,35.08,34368
2021-08-02,35.48,35.26,36.29,35.17,24919
2021-08-03,35.1,35.58,35.6,34.84,48626
2021-08-04,35.06,35.0,35.5499,34.51,40929
2021-08-05,35.03,35.36,35.4,34.64,28336
2021-08-06,35.74,35.16,36.03,35.1,31724
2021-08-09,35.11,34.78,35.49,34.75,15567
2021-08-10,34.5,35.15,35.26,34.5,28316
2021-08-11,35.15,35.245,35.57,34.97,24097
2021-08-12,35.1239,35.1,35.37,34.965,28834
2021-08-13,35.1,35.12,35.28,34.8,20585
2021-08-16,34.82,35.2,35.525,34.7,27677
2021-08-17,34.89,35.17,35.42,34.29,49196
2021-08-18,35.01,34.76,35.5,34.66,36018
2021-08-19,34.44,35.02,35.27,34.35,30315
2021-08-20,34.84,35.44,35.89,34.84,67875
2021-08-23,35.52,35.69,35.84,35.15,49534
2021-08-24,35.81,35.82,35.9876,35.4,65010
2021-08-25,35.73,35.16,36.0,35.14,34346
2021-08-26,34.88,34.79,35.105,34.61,46487
2021-08-27,34.91,35.63,36.13,34.91,75645
2021-08-30,35.69,35.18,35.69,35.1,39160
2021-08-31,35.09,35.07,35.42,34.83,29227
2021-09-01,35.27,35.21,35.4,34.69,30738
2021-09-02,35.52,35.53,35.7,35.32,26158
2021-09-03,35.33,35.53,35.63,35.0554,30729
2021-09-07,35.42,36.1,36.12,35.42,47464
2021-09-08,35.83,36.37,36.52,35.66,44881
2021-09-09,36.33,35.89,36.84,35.89,42683
2021-09-10,36.29,35.79,36.29,35.69,33302
2021-09-13,36.14,36.54,36.7,35.85,53456
2021-09-14,36.74,36.04,36.91,35.75,56462
2021-09-15,36.02,37.12,37.26,36.02,58837
2021-09-16,37.19,36.75,37.19,36.44,60887
2021-09-17,37.14,36.89,37.4,36.37,280934
2021-09-20,36.48,36.57,36.65,35.83,76605
2021-09-21,36.84,36.7,36.84,36.21,52597
2021-09-22,36.7,36.33,36.875,36.155,51040
2021-09-23,36.67,36.48,36.94,36.37,61596
2021-09-24,36.4,36.33,36.73,36.12,40353
2021-09-27,36.25,36.6,36.9699,36.25,54676
2021-09-28,36.49,35.9,36.49,35.69,66406
2021-09-29,35.975,36.36,36.43,35.89,24377
2021-09-30,36.61,35.81,36.68,35.66,34295
2021-10-01,35.96,36.7,36.83,35.3483,58800
2021-10-04,36.5,36.88,37.08,36.26,42879
2021-10-05,36.9,37.13,37.41,36.69,34702
2021-10-06,36.8,37.13,37.26,36.36,30208
2021-10-07,37.38,37.71,37.951,37.3101,33090
2021-10-08,37.71,37.57,37.9,37.44,21884
2021-10-11,37.65,37.34,37.76,37.34,30539
2021-10-12,37.45,37.66,37.76,37.4,26513
2021-10-13,37.4,37.59,37.78,37.3,31996
2021-10-14,37.9,38.98,38.99,37.77,44724
2021-10-15,39.44,39.23,40.13,39.04,97173
2021-10-18,39.17,39.14,39.27,38.73,29420
2021-10-19,39.18,39.14,39.28,38.78,22164
2021-10-20,39.14,39.5,39.54,38.81,21732
2021-10-21,39.33,39.87,39.92,39.12,20791
2021-10-22,39.55,39.86,40.2,39.21,47188
2021-10-25,39.92,39.8,39.92,38.99,36070
2021-10-26,39.76,39.9,40.23,39.4013,32800
2021-10-27,39.66,39.92,40.19,39.55,28739
2021-10-28,39.93,40.66,41.0,39.93,43934
2021-10-29,40.75,42.52,42.76,40.41,78403
2021-11-01,42.62,42.48,43.29,41.97,51155
2021-11-02,42.46,42.92,43.14,42.086,41742
2021-11-03,42.84,44.54,44.8,42.3597,43917
2021-11-04,44.37,45.36,45.36,44.04,67478
2021-11-05,45.69,46.46,46.7,44.921,63596
2021-11-08,46.27,46.0,47.12,45.2,62793
2021-11-09,46.14,45.74,46.16,45.5,86673
2021-11-10,45.6,45.7,46.0,45.2917,43302
2021-11-11,45.96,45.6,45.96,45.2524,45551
2021-11-12,45.92,45.91,46.15,45.63,23577
2021-11-15,45.77,45.81,46.23,45.265,45214
2021-11-16,43.99,45.16,45.41,43.11,66518
2021-11-17,45.16,45.39,45.47,44.7,34101
2021-11-18,45.13,45.49,45.68,44.89,54556
2021-11-19,45.01,45.34,45.99,45.01,39720
2021-11-22,45.5,45.62,45.98,45.25,52093
2021-11-23,45.45,45.33,45.45,44.58,50117
2021-11-24,45.19,44.76,45.19,44.5,40407
2021-11-26,43.78,43.07,44.0354,42.06,60140
2021-11-29,43.47,43.19,43.71,42.53,55145
2021-11-30,43.16,43.23,43.41,42.61,88381
2021-12-01,44.04,43.6,44.93,43.55,61557
2021-12-02,43.98,44.53,44.64,43.16,69448
2021-12-03,44.7,46.4,46.71,44.3,170676
2021-12-06,46.8,44.95,46.8,44.6,81897
2021-12-07,45.44,45.28,45.79,44.91,49446
2021-12-08,45.34,45.28,45.52,44.615,42270
2021-12-09,45.03,45.28,45.49,44.89,34114
2021-12-10,45.66,45.43,45.66,44.9,38403
2021-12-13,45.43,45.21,45.44,44.44,66255
2021-12-14,45.04,44.78,45.83,44.63,111218
2021-12-15,45.11,45.72,45.73,44.28,85204
2021-12-16,45.88,44.05,46.17,43.75,142136
2021-12-17,44.01,43.3,44.63,42.87,228588
2021-12-20,42.84,42.18,42.84,41.47,71587
2021-12-21,42.68,43.22,43.2966,42.67,45856
2021-12-22,43.43,43.71,43.71,42.9,34855
2021-12-23,43.84,44.28,44.55,43.72,30622
2021-12-27,44.63,44.65,44.65,43.52,34561
2021-12-28,44.8,44.58,44.99,44.47,33786
2021-12-29,44.635,44.75,44.88,44.55,19648
2021-12-30,44.88,44.21,44.98,44.18,26473
2021-12-31,44.08,44.55,44.94,44.08,37783
2022-01-03,44.91,43.91,45.495,43.46,31510
2022-01-04,43.98,44.39,44.7007,43.84,20592
2022-01-05,44.31,43.79,44.7895,43.63,24219
2022-01-06,43.78,44.11,44.18,43.53,37270
2022-01-07,44.05,43.34,44.1531,43.16,19244
2022-01-10,42.99,42.49,42.99,42.04,38297
2022-01-11,42.51,42.26,42.51,41.56,43164
2022-01-12,42.57,41.56,42.9296,41.52,74935
2022-01-13,41.86,41.99,42.39,41.79,31116
2022-01-14,41.71,41.84,41.87,41.1205,39544
2022-01-18,41.67,41.18,41.67,40.81,51852
2022-01-19,41.2,40.48,41.68,40.24,43421
2022-01-20,40.72,39.6,40.975,39.32,40909
2022-01-21,39.45,40.23,40.87,39.3,65454
2022-01-24,39.83,41.14,41.2,39.63,64578
2022-01-25,40.74,40.32,40.91,39.36,45892
2022-01-26,40.82,39.82,41.57,39.08,83965
2022-01-27,40.22,39.02,40.43,38.5,45194
2022-01-28,38.66,39.2,39.2,37.91,40239
2022-01-31,38.74,40.11,40.15,38.465,146547
2022-02-01,40.24,40.11,41.0873,39.42,59718
2022-02-02,40.19,40.17,40.64,39.45,101408
2022-02-03,40.08,39.43,40.6,39.28,83516
2022-02-04,37.5,36.37,38.58,36.145,96291
2022-02-07,36.79,37.5,37.63,36.54,130095
2022-02-08,37.82,38.74,38.97,37.58,64584
2022-02-09,39.24,38.17,39.24,37.9,60157
2022-02-10,37.56,37.23,38.09,36.99,55446
2022-02-11,37.5,36.61,37.76,36.72,41967
2022-02-14,36.66,37.19,37.37,36.63,63190
2022-02-15,37.77,37.67,37.95,37.48,46462
2022-02-16,37.38,38.04,38.05,37.3,41057
2022-02-17,37.7,37.53,37.78,37.21,34497
2022-02-18,37.6,37.39,37.875,37.27,35766
2022-02-22,37.25,36.94,37.28,36.7052,36670
2022-02-23,37.1,36.56,37.23,36.38,59552
2022-02-24,36.05,36.51,36.57,35.64,75061
2022-02-25,36.82,37.6,37.72,36.67,63826
2022-02-28,37.27,37.26,37.5106,36.89,90279
2022-03-01,37.45,38.0,38.17,37.2,114994
2022-03-02,38.31,38.54,38.75,38.13,74787
2022-03-03,38.83,39.02,39.27,38.49,71396
2022-03-04,38.64,38.59,38.7824,38.16,28189
2022-03-07,38.82,38.9,39.19,38.53,45817
2022-03-08,39.26,38.86,39.9082,38.8,63214
2022-03-09,39.49,39.1,39.55,38.93,37662
2022-03-10,38.75,38.83,38.8754,38.245,39727
2022-03-11,38.86,38.67,39.14,38.55,31148
2022-03-14,38.5,35.02,38.74,34.75,229073
2022-03-15,35.48,36.04,36.04,35.09,138557
2022-03-16,35.9,36.1,36.31,35.07,215757
2022-03-17,35.88,36.29,36.62,35.51,125611
2022-03-18,36.48,36.87,36.88,35.78,819180
2022-03-21,36.97,36.9,37.79,36.54,99417
2022-03-22,36.81,36.62,37.36,36.4,73740
2022-03-23,36.49,36.24,36.49,36.08,53936
2022-03-24,36.22,36.27,36.52,35.97,54989
2022-03-25,36.61,36.11,36.61,35.95,88207
2022-03-28,35.99,36.27,36.41,35.955,54933
2022-03-29,36.61,37.05,37.16,36.58,56665
2022-03-30,36.96,36.48,37.255,36.405,37259
2022-03-31,36.48,35.88,36.48,35.72,66544
2022-04-01,36.16,36.5,36.5,35.76,100568
2022-04-04,36.26,36.24,36.71,35.74,58945
2022-04-05,35.94,35.41,36.31,35.24,44867
2022-04-06,35.11,35.12,35.365,34.67,33526
2022-04-07,34.97,35.23,35.41,34.79,43877
2022-04-08,35.14,34.75,35.36,34.67,39757
2022-04-11,34.73,34.58,35.12,34.425,47842
2022-04-12,34.75,34.82,35.25,34.5,50102
2022-04-13,35.01,34.92,35.29,34.59,47603
2022-04-14,35.09,34.53,35.12,34.45,35626
2022-04-18,34.5,34.44,34.7135,34.24,57452
2022-04-19,34.49,34.78,34.99,34.18,31657
2022-04-20,34.8,35.0,35.349,34.55,54452
2022-04-21,35.32,34.96,35.32,34.83,42956
2022-04-22,35.05,35.23,35.36,34.65,78954
2022-04-25,35.1,34.66,35.35,34.1,57931
2022-04-26,34.31,33.03,34.31,32.97,48057
2022-04-27,35.0,33.66,35.16,33.47,210203
2022-04-28,33.97,33.17,34.39,32.04,79350
2022-04-29,33.21,31.86,33.21,31.69,75388
2022-05-02,31.77,31.64,32.3272,30.98,145976
2022-05-03,31.71,32.03,32.48,31.6,56151
2022-05-04,32.04,33.13,33.14,31.82,63146
2022-05-05,32.99,31.51,33.19,31.19,61323
2022-05-06,31.41,30.78,31.41,30.35,42787
2022-05-09,30.55,30.98,31.55,30.43,66551
2022-05-10,31.15,30.28,31.62,30.0,68420
2022-05-11,30.31,29.83,31.0,29.91,78771
2022-05-12,29.67,30.24,30.42,29.63,66078
2022-05-13,30.36,30.3,30.57,30.0744,39968
2022-05-16,30.02,29.83,30.26,29.7,37390
2022-05-17,30.15,29.88,30.36,29.81,62937
2022-05-18,29.57,29.49,30.08,29.27,83101
2022-05-19,29.47,29.29,29.645,28.965,91470
2022-05-20,29.56,28.76,30.12,28.3,77853
2022-05-23,29.18,28.64,29.18,28.58,74595
2022-05-24,28.66,28.6,28.72,28.145,84142
2022-05-25,28.71,28.6,29.05,28.405,69350
2022-05-26,28.94,28.89,29.14,28.52,64747
2022-05-27,29.16,29.48,29.5,28.895,63959
2022-05-31,29.27,29.79,29.99,29.06,94070
2022-06-01,29.87,30.09,30.4721,29.845,78288
2022-06-02,30.07,29.8,30.3,29.69,83759
2022-06-03,29.54,29.41,29.7,29.06,62961
2022-06-06,29.66,29.81,30.08,29.52,53274
2022-06-07,29.83,29.6,29.83,29.29,54283
2022-06-08,29.61,29.29,29.61,29.13,46991
2022-06-09,29.28,28.92,29.28,28.82,154849
2022-06-10,28.88,29.76,29.82,28.54,88995
2022-06-13,29.32,28.19,29.39,28.05,112923
2022-06-14,28.38,28.23,28.48,27.6,70150
2022-06-15,28.38,28.14,28.56,27.95,50277
2022-06-16,27.65,27.6,27.88,27.45,77529
2022-06-17,27.67,27.69,28.0,27.505,236658
2022-06-21,28.05,28.12,28.6,27.7,57353
2022-06-22,27.97,28.03,28.26,27.74,138518
2022-06-23,28.16,27.91,28.35,27.6,63019
2022-06-24,28.02,28.74,28.78,27.95,102894
2022-06-27,28.99,28.89,29.08,28.61,31579
2022-06-28,29.13,28.12,29.13,28.05,43587
2022-06-29,28.24,28.02,28.24,27.635,78770
2022-06-30,27.66,28.3,28.3,27.62,86221
2022-07-01,28.27,28.45,28.54,27.71,52838
2022-07-05,28.0,27.85,28.2,27.3421,67047
2022-07-06,27.72,27.74,27.99,27.55,50688
2022-07-07,27.91,27.9,28.14,27.8,42604
2022-07-08,28.0,27.51,28.0,27.45,33731
2022-07-11,27.43,27.29,27.57,27.1814,44583
2022-07-12,27.25,27.07,27.6016,27.0,47980
2022-07-13,26.94,27.33,27.44,26.9,33977
2022-07-14,26.96,27.33,27.33,26.835,42720
2022-07-15,27.78,27.74,28.13,27.48,68833
2022-07-18,27.82,27.32,27.88,27.17,37712
2022-07-19,27.58,28.3,28.35,27.5,31672
2022-07-20,28.26,28.61,28.66,28.25,39155
2022-07-21,28.36,28.84,28.925,28.36,32000
2022-07-22,28.82,28.59,29.0,28.35,27281
2022-07-25,28.56,28.72,28.838,28.453,30975
2022-07-26,28.55,29.1,29.165,28.55,29522
2022-07-27,29.19,30.16,30.31,29.1488,79061
2022-07-28,29.92,31.03,31.04,29.92,63056
2022-07-29,30.35,30.7,30.85,30.34,53242
2022-08-01,30.55,30.31,30.55,30.09,106025
2022-08-02,30.04,29.58,30.04,29.5,81762
2022-08-03,29.48,29.27,29.62,28.31,77607
2022-08-04,29.12,28.85,29.18,28.68,41757
2022-08-05,28.5,28.23,28.6951,28.18,39961
2022-08-08,28.2,27.95,28.3847,27.72,57625
2022-08-09,27.82,27.28,27.82,27.07,62820
2022-08-10,27.48,27.8,28.12,27.46,53522
2022-08-11,27.87,27.45,28.16,27.57,43541
2022-08-12,27.45,27.81,27.91,27.26,52277
2022-08-15,27.72,28.15,28.31,27.48,56158
2022-08-16,28.08,28.19,28.95,27.86,82744
2022-08-17,27.97,27.32,27.97,27.0162,38058
2022-08-18,27.3,27.38,27.5399,27.16,39370
2022-08-19,27.27,27.28,27.31,26.5784,114761
2022-08-22,27.05,26.26,27.05,26.1743,64115
2022-08-23,26.15,25.88,26.38,25.75,56229
2022-08-24,25.9,26.29,26.38,25.73,60285
2022-08-25,26.31,26.53,26.69,26.1771,28851
2022-08-26,26.39,25.93,26.39,25.8,54031
2022-08-29,25.72,25.77,26.0,25.65,52166
2022-08-30,25.86,26.44,26.53,25.685,105232
2022-08-31,26.74,26.41,27.08,26.35,112510
2022-09-01,26.41,26.32,26.635,25.82,56089
2022-09-02,26.42,26.23,26.7829,26.0617,42521
2022-09-06,26.14,25.9,26.26,25.7101,50299
2022-09-07,25.99,26.67,26.685,25.78,56758
2022-09-08,26.72,26.48,26.7599,26.24,40088
2022-09-09,26.69,27.04,27.42,26.36,63413
2022-09-12,27.16,26.8,27.22,26.69,42257
2022-09-13,26.31,26.22,26.51,25.67,135723
2022-09-14,26.08,25.77,26.49,25.46,97996
2022-09-15,25.6,25.49,26.15,25.26,96447
2022-09-16,25.23,25.43,25.46,24.64,367810
2022-09-19,25.38,25.95,26.2,25.38,68957
2022-09-20,25.84,25.67,25.84,25.39,55024
2022-09-21,25.94,25.22,26.085,25.16,47983
2022-09-22,25.28,24.77,25.28,24.64,55103
2022-09-23,24.64,24.39,24.7282,24.02,85636
2022-09-26,24.2,24.13,24.75,23.82,64250
2022-09-27,24.05,24.55,24.69,23.68,133744
2022-09-28,24.45,24.75,24.94,24.37,62275
2022-09-29,24.62,24.12,24.62,23.88,51042
2022-09-30,24.05,23.79,24.15,23.71,78880
2022-10-03,24.0,24.6,24.86,23.9,62380
2022-10-04,24.79,25.66,25.7,24.79,123933
2022-10-05,25.27,25.14,25.78,25.025,42574
2022-10-06,25.07,24.99,25.26,24.73,41097
2022-10-07,24.69,24.13,24.69,23.76,57150
2022-10-10,24.34,24.11,24.39,23.96,37945
2022-10-11,23.9,23.74,24.14,23.57,58120
2022-10-12,23.63,23.16,23.63,23.14,66954
2022-10-13,22.83,24.0,24.145,22.67,86044
2022-10-14,24.28,23.93,24.28,23.57,102268
2022-10-17,24.21,24.77,24.97,24.21,155824
2022-10-18,25.18,25.38,25.68,24.87,117343
2022-10-19,25.11,25.56,25.59,24.7,138480
2022-10-20,25.47,24.85,25.57,24.61,121505
2022-10-21,24.95,26.0,26.23,24.6,544747
2022-10-24,26.22,25.8,26.3535,25.66,96470
2022-10-25,25.94,26.46,26.68,25.82,98067
2022-10-26,26.73,26.28,26.88,26.28,72054
2022-10-27,26.41,26.8,27.01,26.29,91686
2022-10-28,26.58,27.47,27.8062,26.58,85378
2022-10-31,27.2,27.14,27.46,26.895,81474
2022-11-01,27.2,27.62,27.947,27.2,79865
2022-11-02,27.43,26.69,27.56,26.605,82564
2022-11-03,26.28,27.07,27.09,26.26,71799
2022-11-04,27.27,27.75,27.76,27.17,46816
2022-11-07,27.68,28.43,28.49,27.52,78855
2022-11-08,28.46,28.43,28.9,28.11,72032
2022-11-09,28.2,27.54,28.3,27.5,46529
2022-11-10,28.33,28.59,28.89,28.2128,76362
2022-11-11,28.58,28.015,29.0,28.11,51342
2022-11-14,27.74,27.79,28.13,27.64,76942
2022-11-15,28.04,28.33,28.6,27.96,48040
2022-11-16,28.34,28.16,28.34,27.8,45525
2022-11-17,27.95,27.69,27.95,27.25,62498
2022-11-18,28.19,27.48,28.19,27.29,80736
2022-11-21,27.32,27.86,27.88,27.16,70334
2022-11-22,27.9,28.0,28.165,27.77,43532
2022-11-23,28.14,27.7,28.19,27.68,34585
2022-11-25,27.47,27.7,28.03,27.47,26257
2022-11-28,27.64,27.11,27.64,26.985,38217
2022-11-29,27.01,26.84,27.09,26.63,39302
2022-11-30,26.78,27.68,27.72,26.61,68838
2022-12-01,27.88,27.68,28.04,27.4675,40827
2022-12-02,27.36,27.32,27.661,27.2213,62515
2022-12-05,27.0,27.7,27.75,26.5561,80986
2022-12-06,27.67,27.16,27.67,27.02,39268
2022-12-07,26.97,27.25,27.79,26.87,43725
2022-12-08,27.37,27.1,27.48,26.94,33934
2022-12-09,27.15,26.66,27.28,26.64,41191
2022-12-12,26.71,26.72,26.9092,26.59,43939
2022-12-13,27.15,26.77,27.67,26.64,168496
2022-12-14,26.72,26.69,27.1243,26.475,75825
2022-12-15,26.28,25.61,26.28,25.54,63427
2022-12-16,25.3,25.31,25.5,24.97,162102
2022-12-19,25.55,25.21,25.6897,25.0,55727
2022-12-20,25.19,25.34,25.59,25.07,49599
2022-12-21,25.61,26.09,26.3,25.4558,41270
2022-12-22,25.94,25.34,25.94,24.9569,50316
2022-12-23,25.32,25.57,25.59,25.25,29152
2022-12-27,25.6,25.7,25.72,25.35,24908
2022-12-28,25.76,25.15,25.9954,25.15,36338
2022-12-29,25.44,25.79,25.9,25.44,34223
2022-12-30,25.69,25.62,25.97,25.325,44505
2023-01-03,25.68,25.51,25.88,25.16,53383
2023-01-04,25.76,25.01,25.82,25.0,102080
2023-01-05,25.08,25.23,25.27,24.57,58197
2023-01-06,25.41,25.76,26.06,25.24,46926
2023-01-09,26.14,26.13,26.27,25.71,49102
2023-01-10,26.07,26.47,26.53,25.79,44731
2023-01-11,26.61,26.84,26.91,26.335,51117
2023-01-12,27.04,27.58,27.62,26.735,56263
2023-01-13,27.41,27.77,27.95,27.41,45343
2023-01-17,27.81,27.26,27.89,27.2,47248
2023-01-18,27.22,26.85,27.39,26.66,76335
2023-01-19,26.83,26.75,26.8389,26.475,67242
2023-01-20,26.96,27.19,27.21,26.62,51477
2023-01-23,27.15,27.29,27.46,26.9813,30311
2023-01-24,27.12,27.18,27.5065,26.9,26935
2023-01-25,27.12,27.53,27.67,26.75,68575
2023-01-26,27.73,27.81,27.81,27.3,45489
2023-01-27,27.82,28.41,28.59,27.74,75705
2023-01-30,28.4,27.67,28.4861,27.505,58925
2023-01-31,27.81,28.73,29.24,27.6,280100
2023-02-01,28.67,29.71,30.09,28.6,64107
2023-02-02,29.86,30.05,30.27,29.61,57380
2023-02-03,29.41,28.94,30.43,28.5133,92975
2023-02-06,28.64,28.47,28.941,28.18,48629
2023-02-07,28.29,28.59,28.82,28.06,47260
2023-02-08,28.38,27.99,28.51,27.88,45587
2023-02-09,28.12,27.56,28.285,27.55,38714
2023-02-10,27.55,28.05,28.23,27.4375,42223
2023-02-13,28.11,28.065,28.345,28.09,24758
2023-02-14,27.88,27.63,28.2,27.59,45927
2023-02-15,27.43,27.86,27.96,27.32,32259
2023-02-16,27.46,27.5,27.83,27.372,33002
2023-02-17,27.66,27.89,27.95,27.39,65092
2023-02-21,27.52,27.94,28.05,27.26,89022
2023-02-22,28.04,28.61,28.72,28.04,100483
2023-02-23,28.76,28.28,28.99,27.93,47172
2023-02-24,27.86,27.62,28.1799,27.4,43045
2023-02-27,27.87,27.67,27.94,27.31,53917
2023-02-28,27.53,27.86,28.15,27.4,143124
2023-03-01,27.79,27.51,27.9,27.47,44528
2023-03-02,27.36,27.38,27.71,27.09,34732
2023-03-03,27.56,27.89,27.92,27.14,47774
2023-03-06,27.95,27.05,28.0,26.8,95920
2023-03-07,27.0,26.98,27.13,26.62,65510
2023-03-08,27.01,26.82,27.21,26.7,35061
2023-03-09,26.81,26.15,26.86,26.01,39504
2023-03-10,26.17,25.18,26.17,24.89,62693
2023-03-13,24.87,23.97,24.87,23.825,59856
2023-03-14,24.66,24.22,24.85,23.93,76685
2023-03-15,23.59,23.46,23.92,23.23,77903
2023-03-16,23.15,23.47,23.82,22.92,89791
2023-03-17,23.48,23.91,24.22,23.3,273272
2023-03-20,23.85,24.1,24.23,23.85,109513
2023-03-21,24.53,24.28,24.735,24.26,101955
2023-03-22,24.24,23.8,24.42,23.6316,79865
2023-03-23,23.89,23.86,24.15,23.64,50187
2023-03-24,23.58,24.0,24.12,23.58,52224
2023-03-27,24.36,24.07,24.36,24.07,40426
2023-03-28,23.92,24.19,24.32,23.92,30703
2023-03-29,24.44,24.34,24.45,24.05,29986
2023-03-30,24.52,24.29,24.7,24.21,27877
2023-03-31,24.53,25.0,25.025,24.45,108385
2023-04-03,25.03,25.52,25.59,24.88,90325
2023-04-04,25.64,24.73,25.64,24.5,71618
2023-04-05,24.65,24.02,24.78,23.63,90674
2023-04-06,24.16,23.7,24.16,23.53,51248
2023-04-10,23.72,24.2,24.345,23.72,40404
2023-04-11,24.41,24.33,24.79,24.32,30977
2023-04-12,24.64,24.27,24.64,24.23,28504
2023-04-13,24.31,24.19,24.455,23.93,73660
2023-04-14,24.24,24.08,24.31,23.905,52338
2023-04-17,24.04,24.08,24.16,23.96,68059
2023-04-18,24.15,23.69,24.15,23.605,77986
2023-04-19,23.5,23.96,24.11,23.3,88563
2023-04-20,23.84,23.9,24.03,23.72,38912
2023-04-21,24.0,23.76,24.0,23.68,52493
2023-04-24,23.69,23.81,23.98,23.68,53645
2023-04-25,23.71,23.74,23.79,23.5159,47881
2023-04-26,23.56,23.45,23.59,23.22,63154
2023-04-27,23.73,25.12,25.19,23.73,78619
2023-04-28,24.86,24.55,25.35,24.42,72736
2023-05-01,24.54,25.21,25.45,24.54,51159
2023-05-02,25.21,25.07,25.27,24.525,57398
2023-05-03,25.17,25.32,25.65,25.12,59652
2023-05-04,25.08,24.86,25.24,24.65,30582
2023-05-05,25.26,25.52,25.675,25.1623,58057
2023-05-08,25.6,25.13,25.7,25.01,30186
2023-05-09,24.7,24.69,24.8,24.34,37199
2023-05-10,25.07,24.83,25.07,24.68,58902
2023-05-11,24.7,24.415,24.83,24.495,46317
2023-05-12,24.55,24.55,24.855,24.49,41448
2023-05-15,24.59,24.56,24.71,24.42,31717
2023-05-16,24.51,24.46,24.66,24.41,45794
2023-05-17,24.62,25.17,25.23,24.49,61112
2023-05-18,25.03,25.6,25.64,25.03,32354
2023-05-19,25.88,25.27,25.88,25.105,38749
2023-05-22,25.38,25.76,25.81,25.25,35685
2023-05-23,25.63,25.35,25.89,25.31,42254
2023-05-24,25.29,24.83,25.29,24.78,38824
2023-05-25,24.8,24.67,24.84,24.45,29368
2023-05-26,24.63,24.89,25.075,24.54,33196
