2023-11-10,15.25,15.0,15.39,15.0,4338957
2023-11-13,15.0,15.0,15.11,14.74,1430122
2023-11-14,15.01,15.25,15.33,15.0,753947
2023-11-15,15.31,15.15,15.41,15.06,345994
2023-11-16,15.15,15.14,15.2,15.02,376043
2023-11-17,15.33,15.19,16.35,15.04,351623
2023-11-20,15.19,15.04,15.37,15.04,256295
2023-11-21,15.0,15.6,15.65,14.35,954467
2023-11-22,15.69,15.69,15.83,15.53,277695
2023-11-24,15.63,15.7,15.79,15.3,154557
2023-11-27,15.63,15.48,15.63,15.28,232655
2023-11-28,15.48,15.46,15.63,15.25,252980
2023-11-29,15.59,15.35,15.75,15.2501,115749
2023-11-30,15.45,15.5,15.56,15.44,29735
2023-12-01,15.6,15.29,15.625,15.1801,107935
2023-12-04,15.29,15.3,15.39,14.85,155023
2023-12-05,15.25,15.76,15.77,15.25,356626
2023-12-06,16.16,15.13,16.16,15.06,210493
2023-12-07,15.13,14.94,15.26,14.62,205874
2023-12-08,14.89,15.29,15.55,14.89,115327
2023-12-11,15.42,15.12,15.64,14.84,132074
2023-12-12,15.23,15.29,15.29,14.955,91405
2023-12-13,15.51,15.39,15.6,15.15,229914
2023-12-14,15.56,14.92,15.56,14.8,277222
2023-12-15,14.82,14.45,14.84,13.9829,264808
2023-12-18,14.34,14.39,14.72,14.13,190315
2023-12-19,14.32,14.29,14.64,14.24,154753
2023-12-20,14.41,14.52,14.84,14.07,132133
2023-12-21,14.46,14.85,14.9,14.25,219806
2023-12-22,14.65,14.58,15.06,14.535,128632
2023-12-26,14.53,14.5,14.725,14.3,154662
2023-12-27,14.43,14.91,15.02,14.385,181207
2023-12-28,14.92,14.91,15.22,14.79,164352
2023-12-29,14.99,14.95,15.26,14.78,182401
2024-01-02,14.78,15.03,15.23,14.6634,283685
2024-01-03,15.03,15.07,15.26,14.79,171169
2024-01-04,15.21,15.42,15.68,14.94,236211
2024-01-05,15.19,15.45,15.53,15.19,103170
2024-01-08,15.58,15.5,15.63,15.38,53341
2024-01-09,15.46,15.31,15.48,15.25,169619
2024-01-10,15.35,15.41,15.48,15.32,96664
2024-01-11,15.49,15.24,15.49,15.095,55307
2024-01-12,15.21,15.17,15.365,15.13,31239
2024-01-16,15.17,15.44,15.51,15.1,89788
2024-01-17,15.36,15.35,15.718,15.25,115026
2024-01-18,15.43,15.28,15.44,14.765,144961
2024-01-19,15.24,15.43,15.66,15.1,172404
2024-01-22,15.42,15.55,15.67,15.36,146900
2024-01-23,15.55,15.28,15.6337,15.24,82953
2024-01-24,15.25,15.15,15.5,15.03,136846
2024-01-25,15.22,14.95,15.22,14.8,149834
2024-01-26,14.9,14.99,15.02,14.7201,140712
2024-01-29,15.0,14.87,15.04,14.69,83568
2024-01-30,14.8,14.71,15.01,14.6238,87332
2024-01-31,14.61,15.09,15.26,14.6,88990
2024-02-01,15.04,14.93,15.17,14.86,85891
2024-02-02,14.76,14.75,14.9,14.62,96712
2024-02-05,14.61,14.52,14.78,14.47,94886
2024-02-06,14.51,14.45,14.51,14.21,71949
2024-02-07,14.43,14.59,14.615,14.31,164847
2024-02-08,14.56,14.92,15.06,14.56,61360
2024-02-09,15.03,14.92,15.03,14.755,67756
2024-02-12,15.0,14.98,15.115,14.8599,117665
2024-02-13,15.11,14.74,15.37,14.74,130174
2024-02-14,14.74,14.58,15.0,14.58,97205
2024-02-15,14.54,14.81,14.98,14.54,124992
2024-02-16,14.67,14.31,14.8,14.23,256503
2024-02-20,14.14,14.56,14.71,14.14,257818
2024-02-21,14.44,14.24,14.65,14.04,133699
2024-02-22,14.3,14.31,14.55,14.23,144994
2024-02-23,14.29,14.31,14.52,14.15,141954
2024-02-26,14.32,14.48,14.83,14.26,158773
2024-02-27,14.45,14.36,14.65,14.35,220348
2024-02-28,14.28,14.03,14.6,14.03,149537
2024-02-29,14.01,13.51,14.34,13.51,473947
2024-03-01,13.46,14.11,14.34,13.43,437692
2024-03-04,14.2,14.49,14.56,14.06,239785
2024-03-05,14.48,14.5,14.62,14.35,274252
2024-03-06,14.75,14.46,14.75,14.31,263993
2024-03-07,15.765,14.39,16.0,13.92,758901
2024-03-08,14.08,14.19,14.53,14.04,331414
2024-03-11,14.4,14.12,14.47,14.0,342903
2024-03-12,14.16,14.2,14.32,13.93,236615
2024-03-13,14.46,14.05,14.52,14.05,342508
2024-03-14,14.01,13.5,14.09,13.21,492849
2024-03-15,13.5,13.08,13.77,13.08,2769430
2024-03-18,13.13,12.7,13.59,12.65,980051
2024-03-19,12.61,12.99,13.07,12.6,645785
2024-03-20,12.99,13.56,13.56,12.99,246950
2024-03-21,13.56,13.21,13.56,12.96,208623
2024-03-22,13.21,13.01,13.25,12.99,135679
2024-03-25,13.0,13.15,13.26,12.99,118288
2024-03-26,13.2,13.45,13.52,13.16,334964
2024-03-27,13.49,13.72,13.9,13.4,456461
2024-03-28,13.79,13.93,14.01,13.73,526859
2024-04-01,14.0,13.47,14.1476,13.43,187444
2024-04-02,13.32,13.25,13.48,13.13,165844
2024-04-03,13.2,13.3,13.32,13.07,307771
2024-04-04,13.32,13.31,13.62,13.22,283062
2024-04-05,13.29,13.17,13.323,13.0,156597
2024-04-08,13.21,13.05,13.2361,12.94,77899
2024-04-09,13.09,12.97,13.13,12.85,289474
2024-04-10,12.86,12.44,13.0,12.44,381493
2024-04-11,13.05,12.84,13.26,12.56,463893
2024-04-12,12.8,12.98,13.38,12.8,535895
2024-04-15,13.11,13.2,13.43,12.9,375297
2024-04-16,13.2,13.75,13.82,13.01,229410
2024-04-17,13.75,13.36,13.85,13.21,277422
2024-04-18,13.68,13.92,14.15,13.25,264346
2024-04-19,13.93,14.3,14.32,13.67,265482
2024-04-22,14.15,14.24,14.45,14.06,211863
2024-04-23,14.26,14.08,14.46,14.03,194187
2024-04-24,13.94,14.2,14.3,13.91,133115
2024-04-25,14.13,14.05,14.1774,13.83,127598
2024-04-26,13.91,13.71,14.052,13.2,235960
2024-04-29,13.65,13.51,13.8,13.5,158063
2024-04-30,13.48,13.58,13.68,13.36,175055
2024-05-01,13.49,13.68,13.97,13.49,222263
2024-05-02,13.69,14.26,14.29,13.69,314005
2024-05-03,14.26,14.09,14.26,13.83,230833
2024-05-06,14.14,14.29,14.48,14.04,226773
2024-05-07,14.41,14.65,14.9,14.285,363787
2024-05-08,14.66,15.14,15.17,14.5297,369992
2024-05-09,16.03,16.12,16.275,15.25,1029677
2024-05-10,16.43,16.02,16.58,16.01,482006
2024-05-13,16.08,16.11,16.3,15.91,247569
2024-05-14,16.13,16.05,16.3,15.95,297392
2024-05-15,16.1,16.22,16.23,15.93,220488
2024-05-16,16.46,16.64,16.89,16.25,374237
2024-05-17,16.75,16.82,16.97,16.64,377428
2024-05-20,16.82,16.46,16.88,16.44,423271
2024-05-21,16.61,16.64,16.92,16.52,489516
2024-05-22,16.57,16.84,17.155,16.57,601609
2024-05-23,16.78,16.65,16.93,16.65,377754
2024-05-24,16.65,16.7,16.795,16.635,242223
2024-05-28,16.8,17.01,17.06,16.55,417776
2024-05-29,16.88,16.86,17.05,16.75,399127
2024-05-30,16.99,17.38,17.6,16.86,552077
2024-05-31,17.43,17.25,17.6199,17.21,493656
2024-06-03,17.4,17.18,17.48,17.06,274919
2024-06-04,17.17,17.3,17.325,16.91,448606
2024-06-05,17.35,17.66,17.73,17.23,416891
2024-06-06,17.62,17.36,17.765,17.19,285908
2024-06-07,17.28,17.45,17.7,17.2184,273510
2024-06-10,17.31,17.16,17.4,17.0301,231854
2024-06-11,17.02,16.72,17.07,16.62,273204
2024-06-12,16.81,16.75,17.12,16.46,283915
2024-06-13,16.8,16.55,16.8,16.43,199882
2024-06-14,16.4,16.42,16.5,16.27,151622
2024-06-17,16.3,16.5,16.5,16.19,192567
2024-06-18,16.56,15.99,16.625,15.91,350475
2024-06-20,15.91,16.04,16.2,15.8,210143
2024-06-21,16.07,15.9,16.07,15.635,336486
2024-06-24,15.92,15.83,15.99,15.73,165366
2024-06-25,15.88,15.87,15.97,15.74,266703
2024-06-26,15.75,15.33,15.8,15.19,331292
2024-06-27,15.43,15.58,15.58,15.22,272966
2024-06-28,15.53,16.65,17.11,15.53,2114557
2024-07-01,16.56,16.33,16.56,16.12,343375
2024-07-02,16.34,15.89,16.34,15.66,302222
2024-07-03,15.94,15.75,15.94,15.68,71023
2024-07-05,15.75,15.48,15.845,15.41,278139
2024-07-08,15.6,15.68,15.88,15.6,201534
2024-07-09,15.68,15.63,15.83,15.61,346579
2024-07-10,15.65,15.9,16.02,15.58,477398
2024-07-11,16.02,16.38,16.54,15.99,273752
2024-07-12,16.46,16.64,16.79,16.45,197247
2024-07-15,16.82,16.98,17.125,16.71,553147
2024-07-16,17.14,17.51,17.575,17.14,421087
2024-07-17,17.55,17.53,18.07,17.32,625511
2024-07-18,17.53,16.88,17.69,16.83,585613
2024-07-19,16.88,16.75,17.02,16.54,267800
2024-07-22,16.76,16.8,16.98,16.66,284135
2024-07-23,16.8,16.78,17.13,16.76,617397
2024-07-24,16.8,16.98,17.36,16.8,591705
2024-07-25,17.01,16.64,17.13,16.6,583389
2024-07-26,16.81,17.13,17.24,16.695,666673
2024-07-29,17.11,16.89,17.24,16.79,373081
2024-07-30,16.93,17.24,17.46,16.93,567544
2024-07-31,17.16,17.43,17.57,17.125,894535
2024-08-01,17.49,16.86,17.505,16.54,683508
2024-08-02,16.54,16.64,16.76,16.24,455797
2024-08-05,16.175,15.61,16.175,15.4401,537035
2024-08-06,15.62,15.47,15.785,15.45,611477
2024-08-07,15.56,15.47,15.75,15.305,403418
2024-08-08,17.4,16.66,17.4,16.42,752170
2024-08-09,16.74,17.18,17.22,16.63,350109
2024-08-12,17.06,17.1,17.27,16.87,893819
