2021-08-06,132.7,97.4,132.7,97.4,2569
2021-08-09,98.0,97.6,107.6,95.5,5699
2021-08-10,93.1,98.0,98.17,93.1,18141
2021-08-11,97.744,98.5,98.5,97.744,450
2021-08-12,98.5,98.4,98.9,98.4,459
2021-08-13,97.7,97.48,98.0,97.48,3586
2021-08-16,97.2,97.7,99.0,96.7,4480
2021-08-17,97.7,97.8,98.5,97.6,20770
2021-08-18,98.5,97.9,98.5,97.9,540
2021-08-19,97.7,98.2,98.2,97.7,1140
2021-08-20,98.9,98.9,98.9,98.9,17
2021-08-23,98.8,98.7,98.8,98.7,133
2021-08-24,97.957,97.6,98.2,97.4,2031
2021-08-25,97.6,97.9,98.8,97.599,28160
2021-08-26,97.8,98.3,98.3,97.7,2500
2021-08-27,98.1,98.1,98.1,98.1,22
2021-08-30,98.0,98.7,98.7,97.7,2101
2021-08-31,98.3,98.5,98.5,98.3,213
2021-09-01,98.1,98.5,98.5,98.0,16933
2021-09-02,98.0,98.5,98.8,97.755,10835
2021-09-03,NaN,98.5,NaN,NaN,0
2021-09-07,98.7,98.9,98.9,98.7,3163
2021-09-08,98.9,98.9,98.9,98.9,40
2021-09-09,98.924,98.924,98.924,98.924,105
2021-09-10,100.8,99.2,100.801,98.9,97660
2021-09-13,99.246,99.5,99.5,98.8,2890
2021-09-14,98.8,98.9,99.4,98.6,3277
2021-09-15,99.0,99.0,99.0,98.9,1165
2021-09-16,99.0,98.96,99.0,98.8,1011
2021-09-17,98.9,98.9,99.0,98.8,984
2021-09-20,98.8,98.9,99.0,98.8,733
2021-09-21,98.9,98.8,99.0,98.8,2652
2021-09-22,99.0,99.0,99.0,99.0,300
2021-09-23,99.0,99.0,99.0,98.8,510
2021-09-24,98.8,98.8,99.0,98.8,1259
2021-09-27,98.9,98.9,98.9,98.8,1631
2021-09-28,99.0,98.7,99.0,98.7,2455
2021-09-29,98.9,99.0,99.0,98.8,4733
2021-09-30,99.0,99.1,99.1,99.0,1010
2021-10-01,99.0,99.2,99.2,99.0,420
2021-10-04,99.2,99.2,99.2,99.2,788
2021-10-05,99.318,99.3,99.318,99.3,361
2021-10-06,99.3,99.3,99.3,99.3,300
2021-10-07,99.2,99.4,99.4,99.2,250
2021-10-08,99.4,99.5,99.5,99.4,711
2021-10-11,99.3,99.5,99.5,99.2,1198
2021-10-12,99.3,99.3,99.3,99.2,810
2021-10-13,99.5,99.4,99.5,99.4,1546
2021-10-14,99.5,99.6,99.6,99.5,691
2021-10-15,99.4,99.4,99.436,99.4,804
2021-10-18,99.6,99.6,99.6,99.6,481
2021-10-19,99.4,99.3,99.4,99.3,484
2021-10-20,99.6,99.7,99.7,99.6,851
2021-10-21,99.5,99.6,99.6,99.4,1120
2021-10-22,99.7,99.502,99.8,99.5,1190
2021-10-25,99.5,99.552,99.552,99.4,980
2021-10-26,99.6,99.8,99.8,99.6,4674
2021-10-27,99.7,99.9,99.9,99.7,696
2021-10-28,99.9,99.8,100.0,99.8,622
2021-10-29,99.8,99.97,100.0,99.8,1442
2021-11-01,99.8,100.1,100.1,99.8,1302
2021-11-02,100.0,100.0,100.0,100.0,210
2021-11-03,100.1,100.2,100.2,100.1,463
2021-11-04,100.0,100.0,100.06,100.0,1073
2021-11-05,99.9,100.0,100.0,99.9,244
2021-11-08,100.1,100.15,100.15,100.076,361
2021-11-09,99.954,99.9,99.954,99.9,1710
2021-11-10,99.8,100.1,100.1,99.8,650
2021-11-11,100.0,99.933,100.0,99.933,750
2021-11-12,100.0,99.9,100.0,99.9,310
2021-11-15,100.2,100.2,100.2,100.2,460
2021-11-16,100.0,99.9,100.0,99.9,570
2021-11-17,100.152,99.9,100.2,99.9,503
2021-11-18,99.9,99.9,99.912,99.9,329
2021-11-19,100.2,100.3,100.3,100.12,370
2021-11-22,100.0,100.0,100.016,100.0,381
2021-11-23,100.076,100.168,100.168,100.076,550
2021-11-24,100.0,99.9,100.0,99.9,1034
2021-11-26,100.0,100.0,100.0,100.0,210
2021-11-29,100.0,100.0,100.0,100.0,571
2021-11-30,99.8,99.8,99.8,99.8,600
2021-12-01,100.0,100.0,100.0,100.0,545
2021-12-02,99.8,99.8,99.8,99.8,531
2021-12-03,NaN,99.8,NaN,NaN,1
2021-12-06,100.0,99.8,100.0,99.8,794
2021-12-07,99.7,99.7,99.7,99.7,375
2021-12-08,99.8,99.9,99.9,99.8,306
2021-12-09,99.7,99.6,99.7,99.6,411
2021-12-10,100.0,100.0,100.0,100.0,311
2021-12-13,99.9,99.9,99.9,99.9,520
2021-12-14,100.0,99.7,100.0,99.7,564
2021-12-15,99.9,99.9,99.9,99.9,513
2021-12-16,99.7,99.7,99.7,99.7,511
2021-12-17,99.9,99.9,99.9,99.9,611
2021-12-20,99.8,99.8,99.8,99.8,511
2021-12-21,99.7,99.5,99.7,99.3,2700
2021-12-22,99.424,99.4,99.424,99.4,385
2021-12-23,99.44,99.4,99.5,99.4,906
2021-12-27,99.468,99.5,99.5,99.468,205
2021-12-28,99.5,99.6,99.6,99.5,420
2021-12-29,99.5,99.5,99.5,99.5,446
2021-12-30,99.5,99.5,99.5,99.5,1854
2021-12-31,99.6,99.6,99.6,99.6,850
2022-01-03,99.5,99.5,99.536,99.5,384
2022-01-04,99.676,99.7,99.7,99.676,250
2022-01-05,99.5,99.7,99.7,99.5,811
2022-01-06,99.8,99.8,99.8,99.8,404
2022-01-07,99.66,99.6,99.66,99.6,451
2022-01-10,99.8,99.601,99.8,99.601,366
2022-01-11,99.8,99.8,99.8,99.8,838
2022-01-12,100.0,100.1,100.1,99.682,2390
2022-01-13,100.0,99.8,100.036,99.8,2481
2022-01-14,99.8,99.96,100.0,99.8,1866
2022-01-18,100.0,100.0,100.0,99.8,1894
2022-01-19,99.8,100.0,100.0,99.8,1725
2022-01-20,100.0,100.0,100.0,99.8,1031
2022-01-21,100.0,99.8,100.0,99.8,897
2022-01-24,99.8,99.8,99.9,99.8,1701
2022-01-25,100.0,100.0,100.0,99.8,618
2022-01-26,100.0,99.8,100.0,99.8,882
2022-01-27,100.0,100.0,100.0,99.8,2664
2022-01-28,99.8,100.0,100.1,99.8,882
2022-01-31,100.052,100.1,100.1,99.8,499
2022-02-01,99.8,100.1,100.1,99.8,670
2022-02-02,99.9,99.8,99.9,99.8,883
2022-02-03,100.0,99.9,100.1,99.8,1486
2022-02-04,99.936,100.1,100.1,99.9,610
2022-02-07,99.9,100.076,100.076,99.9,660
2022-02-08,99.9,99.9,100.1,99.9,491
2022-02-09,100.1,99.9,100.1,99.9,2362
2022-02-10,99.9,100.1,100.1,99.9,1001
2022-02-11,100.1,99.9,100.1,99.9,480
2022-02-14,100.0,100.0,100.2,100.0,1030
2022-02-15,100.2,99.9,100.3,99.9,1010
2022-02-16,100.0,100.158,100.2,99.9,970
2022-02-17,99.9,100.1,100.2,99.9,1170
2022-02-18,100.2,100.176,100.2,100.0,1000
2022-02-22,99.9,100.2,100.2,99.9,948
2022-02-23,100.0,100.0,100.3,100.0,996
2022-02-24,100.264,100.3,100.3,100.1,1098
2022-02-25,100.0,100.0,100.2,100.0,1001
2022-02-28,100.042,100.299,100.299,100.0,1027
2022-03-01,100.4,100.3,100.4,100.1,1207
2022-03-02,100.042,100.1,100.2,100.0,1104
2022-03-03,100.3,100.24,100.3,100.1,1000
2022-03-04,100.3,100.0,100.3,100.0,1094
2022-03-07,100.15,100.2,100.3,100.1,1161
2022-03-08,100.2,100.1,100.2,100.0,1011
2022-03-09,100.4,100.3,100.4,100.1,4240
2022-03-10,100.22,100.2,100.4,100.2,1038
2022-03-11,100.4,100.2,100.5,100.2,1267
2022-03-14,100.4,100.3,100.5,100.2,3024
2022-03-15,100.3,100.6,100.6,100.3,1093
2022-03-16,100.3,100.3,100.5,100.3,1040
2022-03-17,100.5,100.3,100.5,100.3,960
2022-03-18,100.2,100.3,100.6,100.2,1001
2022-03-21,100.3,100.468,100.5,100.3,1173
2022-03-22,100.5,100.3,100.5,100.3,1201
2022-03-23,100.5,100.5,100.5,100.3,1021
2022-03-24,100.3,100.3,100.5,100.3,1001
2022-03-25,100.3,100.3,100.6,100.3,932
2022-03-28,100.3,100.436,100.6,100.3,1027
2022-03-29,100.56,100.56,100.6,100.4,1012
2022-03-30,100.4,100.4,100.6,100.4,956
2022-03-31,100.6,100.7,100.7,100.4,940
2022-04-01,100.442,100.7,100.7,100.4,1004
2022-04-04,100.4,100.7,100.7,100.4,1000
2022-04-05,100.7,100.4,100.7,100.4,1179
2022-04-06,100.4,100.7,100.7,100.4,1030
2022-04-07,100.54,100.7,100.7,100.5,1060
2022-04-08,100.7,100.8,100.8,100.65,1335
2022-04-11,100.7,100.509,100.7,100.506,301
2022-04-12,100.9,100.9,100.9,100.858,438
2022-04-13,100.8,100.9,100.9,100.8,458
2022-04-14,100.7,100.5,100.7,100.5,438
2022-04-18,100.8,100.8,100.8,100.8,351
2022-04-19,100.7,100.8,100.8,100.7,1203
2022-04-20,100.8,100.9,100.9,100.7,632
2022-04-21,101.0,101.0,101.0,101.0,202
2022-04-22,101.0,101.0,101.0,101.0,500
2022-04-25,100.8,101.0,101.0,100.8,420
2022-04-26,101.0,100.9,101.0,100.9,398
2022-04-27,100.9,100.9,101.1,100.9,490
2022-04-28,101.0,100.9,101.0,100.9,790
2022-04-29,100.8,100.7,100.9,100.7,2450
2022-05-02,100.9,100.7,100.9,100.7,800
2022-05-03,100.7,100.9,100.9,100.7,608
2022-05-04,100.9,100.9,100.937,100.8,990
2022-05-05,101.0,100.9,101.0,100.9,256
2022-05-06,101.0,100.965,101.0,100.8,623
2022-05-09,100.8,100.7,100.8,100.7,720
2022-05-10,100.7,100.5,100.7,100.5,323
2022-05-11,100.5,100.5,100.7,100.5,418
2022-05-12,100.7,100.5,100.7,100.5,570
2022-05-13,100.5,100.664,100.7,100.5,203
2022-05-16,100.7,100.5,100.7,100.5,546
2022-05-17,100.6,100.6,100.8,100.6,10907
2022-05-18,100.6,100.8,100.8,100.6,1059
2022-05-19,100.6,100.6,100.6,100.6,611
2022-05-20,100.7,100.6,100.8,100.6,500
2022-05-23,100.7,100.7,100.7,100.693,8124
2022-05-24,101.0,101.0,101.0,100.9,200
2022-05-25,100.7,101.0,101.0,100.7,400
2022-05-26,100.8,101.0,101.0,100.8,406
2022-05-31,100.8,100.801,100.801,100.8,1870
2022-06-01,100.8,100.9,100.9,100.8,505
2022-06-02,100.818,100.9,100.9,100.8,600
2022-06-03,100.8,100.9,100.9,100.8,700
2022-06-06,100.9,100.8,100.9,100.8,955
2022-06-07,100.8,100.9,100.9,100.8,26342
2022-06-08,100.9,101.2,101.2,100.9,700
2022-06-09,101.1,101.1,101.1,101.1,140
2022-06-10,100.9,100.9,100.9,100.9,140
2022-06-13,101.0,101.0,101.0,101.0,132
2022-06-14,101.04,101.2,101.2,101.0,210
2022-06-15,101.0,101.2,101.2,101.0,257
2022-06-16,101.0,101.0,101.1,101.0,164
2022-06-17,101.1,101.1,101.1,101.1,189
2022-06-21,101.0,101.1,101.1,101.0,251
2022-06-22,101.0,101.164,101.176,101.0,180
2022-06-23,101.0,101.2,101.2,101.0,160
2022-06-24,101.0,101.2,101.2,101.0,170
2022-06-27,101.0,101.2,101.2,101.0,220
2022-06-28,101.2,101.0,101.2,101.0,180
2022-06-29,101.101,101.3,101.3,101.101,180
2022-06-30,101.299,101.1,101.3,101.1,200
2022-07-01,101.1,101.277,101.277,101.1,180
2022-07-05,101.2,101.3,101.3,101.2,180
2022-07-06,101.1,101.277,101.277,101.1,140
2022-07-07,101.3,101.3,101.3,101.129,102
2022-07-08,101.3,101.386,101.386,101.104,90
2022-07-11,101.1,101.3,101.3,101.1,171
2022-07-12,101.201,101.2,101.201,101.2,82
2022-07-13,101.4,101.4,101.4,101.4,60
2022-07-14,101.3,101.4,101.4,101.3,158
2022-07-15,101.308,101.5,101.5,101.3,451
2022-07-19,101.499,101.5,101.5,101.499,75
2022-07-20,101.4,101.493,101.493,101.4,130
2022-07-21,101.413,101.413,101.413,101.413,50
2022-07-22,101.5,101.5,101.5,101.5,80
2022-07-25,101.5,101.5,101.5,101.5,85
2022-07-26,101.6,101.6,101.6,101.6,88
2022-07-27,101.5,101.5,101.5,101.5,80
2022-07-28,101.6,101.6,101.6,101.4,969
2022-07-29,101.6,101.6,101.7,101.6,471
2022-08-01,101.7,101.7,101.7,101.7,114
2022-08-02,101.6,101.7,101.7,101.6,130
2022-08-03,101.8,101.8,101.8,101.8,100
2022-08-04,101.9,101.8,101.9,101.8,22
2022-08-05,101.7,101.8,101.8,101.7,282
2022-08-08,101.7,101.7,101.7,101.7,108
2022-08-09,101.799,101.8,101.8,101.799,109
2022-08-10,101.701,101.7,101.701,101.7,101
2022-08-11,101.7,101.9,101.9,101.7,92
2022-08-12,101.7,101.7,101.7,101.7,60
2022-08-15,101.899,101.9,101.9,101.893,410
2022-08-16,101.801,101.8,102.0,101.65,18263
2022-08-17,101.9,101.8,101.9,101.75,4991
2022-08-18,101.8,102.0,102.0,101.799,8121
2022-08-19,102.0,102.3,102.3,101.999,6034
2022-08-22,102.4,102.35,102.4,102.195,4112
2022-08-23,102.3,102.1,112.5,102.1,16225
2022-08-24,103.8,102.4,103.9,102.3,10656
2022-08-25,102.3,102.3,103.9,102.2,16522
2022-08-26,102.1,102.0,102.8,101.8,11648
2022-08-29,102.0,102.1,102.6,102.0,26675
2022-08-30,102.2,102.3,102.6,102.0,101666
2022-08-31,102.3,102.2,102.8,102.0,256240
2022-09-01,102.4,102.5,105.0,102.3,511753
2022-09-02,103.0,103.5,103.65,102.2,779491
2022-09-06,102.0,102.2,103.6,102.0,706127
2022-09-07,102.099,88.8,102.099,82.3,44357
2022-09-08,88.0,74.0,89.9,72.4,21926
2022-09-09,72.8,68.2,79.7,64.5,17614
2022-09-12,66.4,71.0,72.2,65.0,36210
2022-09-13,69.4,86.9,93.15,67.0,153915
2022-09-14,87.8,100.5,106.5,87.8,50164
2022-09-15,99.5,94.6,106.399,89.7,26756
2022-09-16,93.6,84.1,113.6,82.3,131308
2022-09-19,335.6,29.5,350.0,26.0,5314535
2022-09-20,28.0,25.4,31.4,24.5,498255
2022-09-21,23.8,20.0,25.5,19.3,272421
2022-09-22,18.8,19.7,21.3,16.7,161416
2022-09-23,18.3,16.7,18.8,16.1,93161
2022-09-26,16.1,16.4,16.994,15.7,74355
2022-09-27,16.3,19.6,21.2,15.7,326061
2022-09-28,19.6,21.5,22.3,18.4,274699
2022-09-29,20.6,19.6,21.5,19.3,139087
2022-09-30,18.5,21.6,22.4,18.3,139336
2022-10-03,21.2,22.3,24.0,21.2,152712
2022-10-04,22.6,26.6,28.1,21.643,136500
2022-10-05,26.0,20.9,27.699,20.4,389426
2022-10-06,20.1,19.8,21.4,19.4,43185
2022-10-07,19.4,17.0,19.6,16.8,78645
2022-10-10,16.1,17.6,18.0,15.9,24050
2022-10-11,16.5,17.8,17.9,16.5,76803
2022-10-12,17.5,19.7,19.999,16.8,94680
2022-10-13,19.3,20.2,20.602,17.501,118465
2022-10-14,20.6,25.8,26.699,19.3,198357
2022-10-17,25.2,22.4,26.1,20.995,64564
2022-10-18,22.5,23.3,24.913,21.6,61476
2022-10-19,22.6,24.5,24.8,22.3,21634
2022-10-20,24.1,25.0,30.6,24.1,126524
2022-10-21,25.0,22.9,25.85,22.532,20783
2022-10-24,22.9,23.9,24.291,21.801,48460
2022-10-25,22.6,24.5,25.0,22.6,19868
2022-10-26,26.5,26.2,26.989,24.0,90625
2022-10-27,25.6,25.7,26.5,24.6,42543
2022-10-28,24.7,25.0,26.6,24.7,45840
2022-10-31,26.4,26.3,26.8,25.4,88653
2022-11-01,27.3,27.9,28.3,26.7,41016
2022-11-02,27.4,26.5,28.2,26.3,37482
2022-11-03,26.1,27.5,27.8,23.8,9957
2022-11-04,27.5,25.2,27.5,23.9,6447
2022-11-07,24.3,23.4,24.448,22.5,1497
2022-11-08,22.0,20.0,22.0,19.8,5731
2022-11-09,21.0,21.199,22.0,20.901,3397
2022-11-10,22.258,19.9,22.258,19.541,6632
2022-11-11,20.0,21.9,21.9,19.1,4782
2022-11-14,21.5,20.8,22.0,20.3,1127
2022-11-15,24.0,24.8,25.999,23.5,19016
2022-11-16,24.699,24.9,27.4,24.661,21568
2022-11-17,26.0,25.1,26.2,24.8,13468
2022-11-18,25.7,25.6,25.7,24.815,17691
2022-11-21,25.2,25.1,26.8,24.9,20712
2022-11-22,24.9,25.8,25.8,24.738,14048
2022-11-23,25.101,25.3,25.929,25.1,16781
2022-11-25,25.8,25.334,26.3,25.25,5713
2022-11-28,25.55,25.4,26.16,25.2,15583
2022-11-29,25.904,25.5,26.399,25.4,15409
2022-11-30,25.9,25.6,26.383,25.5,14996
2022-12-01,25.7,26.0,26.14,25.4,4696
2022-12-02,25.6,27.8,27.8,25.6,6075
2022-12-05,27.4,25.4,27.4,25.1,17578
2022-12-06,25.5,25.5,25.9,25.3,9772
2022-12-07,25.3,25.6,26.2,25.3,1668
2022-12-08,25.6,26.0,26.5,25.5,1461
2022-12-09,26.0,25.5,26.5,25.0,24332
2022-12-12,25.9,25.6,25.9,25.4,6256
2022-12-13,25.97,26.0,26.0,25.5,1904
2022-12-14,26.4,25.6,27.0,25.4,2395
2022-12-15,25.6,25.3,25.6,24.733,1499
2022-12-16,25.1,25.3,25.5,25.0,2481
2022-12-19,25.1,25.0,25.1,24.8,2667
2022-12-20,25.1,25.0,25.3,24.5,3985
2022-12-21,25.2,25.1,25.3,24.9,2958
2022-12-22,25.5,25.05,25.5,24.9,2860
2022-12-23,25.2,25.0,25.4,25.0,632
2022-12-27,25.0,25.0,25.3,24.9,2610
2022-12-28,25.0,24.4,25.45,24.3,95734
2022-12-29,24.8,22.6,25.1,21.0,6076
2022-12-30,23.1,22.701,23.9,21.999,3809
2023-01-03,23.3,24.5,24.5,23.3,1922
2023-01-04,24.5,25.7,25.7,24.5,2750
2023-01-05,26.0,30.0,33.279,26.0,59426
2023-01-06,30.5,45.5,47.4,30.0,91242
2023-01-09,43.1,55.7,57.0,41.8,66893
2023-01-10,53.7,76.5,82.7,52.9,133388
2023-01-11,70.0,74.8,77.7,62.5,74278
2023-01-12,74.8,76.7,80.0,73.2,25588
2023-01-13,75.2,79.5,85.0,51.5,138477
2023-01-17,79.6,75.8,79.6,72.005,28635
2023-01-18,73.2,81.4,88.9,71.0,50290
2023-01-19,80.0,83.0,83.0,73.6,29103
2023-01-20,81.6,112.2,114.616,81.6,53976
2023-01-23,110.5,129.6,133.899,105.8,44686
2023-01-24,162.6,124.8,176.3,91.1,222931
2023-01-25,105.0,114.4,126.8,102.5,55528
2023-01-26,107.9,88.0,119.22,86.8,45613
2023-01-27,90.7,100.5,123.0,90.0,87771
2023-01-30,101.7,86.3,101.7,83.0,30610
2023-01-31,84.1,90.0,94.199,84.1,18648
2023-02-01,92.0,86.5,100.0,81.101,52545
2023-02-02,85.7,85.0,87.4,82.9,25385
2023-02-03,82.0,77.2,84.699,75.4,24049
2023-02-06,76.9,63.6,76.9,62.3,34378
2023-02-07,56.4,30.9,61.5,29.5,836491
2023-02-08,29.8,30.0,31.0,27.601,67538
2023-02-09,29.1,29.1,30.5,28.5,31723
2023-02-10,27.6,27.0,28.217,25.7,31196
2023-02-13,26.1,26.9,27.5,25.71,16873
2023-02-14,26.4,25.7,28.1,25.0,24812
2023-02-15,25.5,26.5,26.5,24.654,30861
2023-02-16,25.6,24.8,25.7,24.0,14131
2023-02-17,24.1,22.8,24.1,22.1,17786
2023-02-21,22.7,22.0,23.7,21.526,9514
2023-02-22,21.3,21.8,21.8,20.3,9164
2023-02-23,21.3,20.9,21.3,20.0,15548
2023-02-24,20.5,19.6,20.9,18.8,9800
2023-02-27,20.7,19.5,21.8,19.03,14146
2023-02-28,19.6,20.4,20.8,19.1,20418
2023-03-01,20.1,21.1,22.5,20.0,26273
2023-03-02,21.3,22.0,22.0,20.899,9276
2023-03-03,22.0,21.5,22.589,20.8,12963
2023-03-06,22.3,21.5,22.3,20.3,17641
2023-03-07,20.5,21.5,22.027,20.5,10551
2023-03-08,21.3,21.1,22.3,20.5,16049
2023-03-09,21.3,21.5,21.5,20.7,11977
2023-03-10,21.5,21.5,21.5,20.6,11183
2023-03-13,21.2,21.1,21.3,20.5,11088
2023-03-14,21.6,21.0,21.6,20.8,29217
2023-03-15,20.3,21.6,21.988,20.3,64360
2023-03-16,21.0,21.2,21.5,20.8,9736
2023-03-17,21.2,22.0,22.1,21.1,15917
2023-03-20,21.0,21.9,22.5,21.0,13449
2023-03-21,22.0,22.7,23.3,21.6,9906
2023-03-22,22.0,22.9,23.15,21.7,16265
2023-03-23,22.6,21.9,23.2,21.3,11065
2023-03-24,21.9,22.2,22.3,21.6,9285
2023-03-27,22.1,21.4,22.1,21.2,8779
2023-03-28,21.3,21.0,21.6,20.8,8122
2023-03-29,21.2,21.1,22.0,21.0,7165
2023-03-30,21.208,22.0,22.1,20.9,7091
2023-03-31,21.2,22.2,22.874,21.2,3220
2023-04-03,22.1,24.3,24.999,22.0,22426
2023-04-04,24.1,22.5,24.399,22.3,10580
2023-04-05,23.4,23.3,23.4,21.602,6582
2023-04-06,23.6,24.2,24.8,22.85,5142
2023-04-10,23.9,24.2,25.062,23.7,5451
2023-04-11,24.5,24.7,24.899,23.4,5708
2023-04-12,24.0,23.7,24.405,23.5,5093
2023-04-13,24.2,25.8,26.7,23.9,37126
2023-04-14,25.8,23.8,26.499,22.0,58989
2023-04-17,23.7,23.1,24.01,22.2,15282
2023-04-18,23.241,23.0,23.3,22.2,9927
2023-04-19,22.9,22.5,23.1,22.5,4556
2023-04-20,22.5,24.4,26.8,22.0,161433
2023-04-21,23.5,26.2,27.8,23.3,121967
2023-04-24,32.1,28.3,34.7,23.4,1053611
2023-04-25,27.1,20.9,27.4,19.8,184167
2023-04-26,20.3,15.1,20.3,14.802,142058
2023-04-27,14.8,14.5,14.9,13.3,41508
2023-04-28,14.2,15.1,17.3,14.2,54236
2023-05-01,15.2,14.7,16.7,14.201,27902
2023-05-02,14.6,14.5,15.0,14.2,24151
2023-05-03,14.9,14.8,14.9,14.2,15472
2023-05-04,14.4,18.1,21.9,14.4,386775
2023-05-05,16.8,17.8,17.872,16.2,48328
2023-05-08,17.5,17.75,18.097,16.8,26288
2023-05-09,17.4,18.5,20.3,17.4,59637
2023-05-10,19.1,19.6,20.2,18.6,16490
2023-05-11,19.4,20.0,20.45,19.4,13391
2023-05-12,20.0,20.238,20.8,19.4,40867
2023-05-15,19.9,21.8,21.8,19.9,17564
2023-05-16,21.5,21.6,22.4,21.139,16925
2023-05-17,21.1,22.0,22.0,20.5,16896
2023-05-18,21.5,22.7,22.7,20.8,19368
2023-05-19,22.5,22.2,22.743,21.5,10874
2023-05-22,21.9,21.5,22.0,21.3,5414
2023-05-23,21.3,21.5,22.699,21.3,7707
2023-05-24,21.3,22.2,22.4,21.3,6215
2023-05-25,21.9,21.8,22.222,21.5,9662
2023-05-26,21.8,22.4,22.4,21.7,11565
