2022-08-29,NaN,60.0,NaN,NaN,0
2022-08-30,380.0,77.8,418.0,75.0,452208
2022-08-31,71.6,51.1,74.3,48.0,174512
2022-09-01,77.7,83.5,114.9,75.2,5088627
2022-09-02,70.1,56.4,74.0,54.1,247307
2022-09-06,52.2,45.5,53.999,41.7,115933
2022-09-07,42.7,47.4,48.481,40.0,88191
2022-09-08,47.4,43.1,47.4,42.3,32759
2022-09-09,40.9,38.4,42.4,37.5,58254
2022-09-12,38.9,37.501,39.499,35.5,58794
2022-09-13,36.9,34.0,37.0,33.7,25938
2022-09-14,33.4,34.8,37.193,33.201,52420
2022-09-15,33.1,31.8,34.948,31.5,39667
2022-09-16,29.5,28.4,30.5,28.0,42226
2022-09-19,26.7,24.1,26.8,23.7,40027
2022-09-20,23.5,24.5,24.9,23.3,20526
2022-09-21,24.5,22.4,24.8,22.001,12547
2022-09-22,22.2,22.7,24.2,22.101,11244
2022-09-23,22.0,21.8,23.199,20.9,14267
2022-09-26,21.1,22.7,23.5,21.01,20242
2022-09-27,23.1,23.6,25.0,22.5,28339
2022-09-28,24.3,24.1,24.9,23.1,15824
2022-09-29,23.9,25.8,31.399,23.6,298603
2022-09-30,25.2,22.5,25.95,22.2,36000
2022-10-03,25.3,25.0,25.5,23.4,37344
2022-10-04,25.3,25.5,26.4,24.301,39338
2022-10-05,24.5,24.4,25.7,23.7,15774
2022-10-06,24.9,25.5,27.7,23.0,96065
2022-10-07,25.7,23.4,26.0,22.6,29503
2022-10-10,22.8,22.0,25.0,21.9,7616
2022-10-11,21.9,21.9,22.9,20.7,12872
2022-10-12,35.3,31.4,36.4,28.6,2910249
2022-10-13,29.0,33.8,36.0,28.6,241002
2022-10-14,32.9,27.8,32.9,27.3,57902
2022-10-17,28.0,25.4,29.2,25.2,35027
2022-10-18,25.8,23.7,26.9,23.5,25687
2022-10-19,22.7,21.1,22.799,20.6,19364
2022-10-20,21.0,20.9,22.0,20.5,9535
2022-10-21,20.8,20.6,21.4,19.6,11101
2022-10-24,19.5,19.0,20.8,17.8,13322
2022-10-25,19.4,19.6,20.4,18.4,18983
2022-10-26,19.2,18.7,20.5,18.5,22169
2022-10-27,19.2,18.3,19.9,18.3,15728
2022-10-28,18.8,18.9,19.663,17.72,8816
2022-10-31,19.6,19.4,19.6,17.9,48584
2022-11-01,19.3,20.0,20.6,19.0,45596
2022-11-02,20.0,18.9,20.4,17.801,12425
2022-11-03,18.9,18.8,18.9,17.8,9898
2022-11-04,18.1,18.5,18.5,17.801,3653
2022-11-07,18.8,17.1,19.3,16.5,12330
2022-11-08,16.9,15.9,17.15,15.064,9912
2022-11-09,14.6,14.4,15.2,13.85,9642
2022-11-10,14.6,15.1,15.466,13.605,18538
2022-11-11,15.0,17.0,17.2,14.5,27039
2022-11-14,17.2,16.1,17.2,15.612,7214
2022-11-15,15.8,15.7,16.61,15.2,5724
2022-11-16,15.601,15.5,15.888,15.2,1485
2022-11-17,15.1,15.5,15.85,14.6,8940
2022-11-18,15.3,15.2,15.899,15.2,986
2022-11-21,15.4,14.7,15.5,14.6,6167
2022-11-22,15.6,14.4,15.6,14.2,5149
2022-11-23,14.75,14.8,15.3,14.2,4267
2022-11-25,15.5,15.0,15.5,14.8,3876
2022-11-28,15.4,13.6,15.4,13.6,8125
2022-11-29,15.2,13.6,15.2,13.5,4581
2022-11-30,15.4,15.3,16.121,14.5,11282
2022-12-01,15.899,14.96,15.899,14.5,4411
2022-12-02,14.8,15.5,15.8,14.0,9121
2022-12-05,16.1,14.0,16.1,14.0,15213
2022-12-06,14.2,14.2,14.2,13.1,4265
2022-12-07,13.7,13.6,13.95,13.3,3312
2022-12-08,13.943,13.2,13.999,13.1,4025
2022-12-09,13.7,12.7,14.1,12.5,2675
2022-12-12,13.1,11.7,13.1,11.7,9829
2022-12-13,11.7,12.0,12.2,11.6,6729
2022-12-14,11.7,11.4,11.8,11.2,6598
2022-12-15,10.5,11.2,11.9,10.4,2688
2022-12-16,11.4,10.801,11.4,10.1,4816
2022-12-19,10.1,10.419,10.7,10.1,7064
2022-12-20,10.2,9.275,10.733,8.16,6146
2022-12-21,9.77,8.828,9.77,8.5,5895
2022-12-22,8.944,8.80001,9.79899,8.4,7612
2022-12-23,8.96,8.70001,8.96,8.3,2132
2022-12-27,9.189,8.30301,9.617,8.302,4160
2022-12-28,8.401,8.2,8.821,8.2,3444
2022-12-29,8.2,8.251,8.5,7.573,9217
2022-12-30,8.003,8.19,8.4,7.81,3434
2023-01-03,8.839,7.95,8.839,7.95,2736
2023-01-04,8.0,8.0,8.399,7.62,3899
2023-01-05,8.403,8.79899,8.79899,7.8,13655
2023-01-06,9.0,9.3,9.752,8.78508,7703
2023-01-09,10.1,9.1,12.5,9.1,33754
2023-01-10,9.448,9.2,10.175,9.1,8686
2023-01-11,10.4,9.4,10.9,9.2,12640
2023-01-12,9.4,11.3,12.0,9.4,11723
2023-01-13,11.8,10.5,11.8,10.2,8548
2023-01-17,11.1,11.8,12.0,10.6,6563
2023-01-18,11.4,10.6,11.449,10.45,6731
2023-01-19,10.4,10.5,10.8,10.001,9015
2023-01-20,10.3,10.4,11.025,10.3,8594
2023-01-23,10.4,10.2,10.5,9.4,10581
2023-01-24,10.0,9.915,10.6,9.5,8529
2023-01-25,10.0,10.1,10.1,9.5,2715
2023-01-26,9.8,10.0,10.1,9.6,2425
2023-01-27,10.0,9.812,10.0,9.8,5295
2023-01-30,10.1,10.099,10.1,9.8,3369
2023-01-31,10.0,10.3,10.5,10.0,7219
2023-02-01,10.4,12.299,12.8,10.4,32318
2023-02-02,13.0,11.1,13.5,11.0,55277
2023-02-03,11.4,10.2,11.4,10.2,18358
2023-02-06,9.1,8.6,9.85,7.7,57011
2023-02-07,8.47,8.036,8.8,7.8,29537
2023-02-08,8.26,7.55,8.26,7.4,235678
2023-02-09,13.5,44.0,44.9,12.5,13491379
2023-02-10,17.1,14.6,22.1,13.9,3380052
2023-02-13,13.5,12.7,14.0,11.9,496298
2023-02-14,12.1,15.0,16.0,10.6,1303016
2023-02-15,14.2,12.3,14.397,11.773,377946
2023-02-16,12.2,12.9,13.5,11.6,227025
2023-02-17,12.0,12.1,12.499,11.6,121589
2023-02-21,11.9,11.6,12.594,11.3,109282
2023-02-22,11.7,10.0,11.7,10.0,167301
2023-02-23,10.3,9.054,10.399,8.6,157046
2023-02-24,8.8,9.077,9.415,8.5,73233
2023-02-27,8.8,8.755,9.1,8.588,50424
2023-02-28,9.4,8.752,9.48,8.66,53593
2023-03-01,8.6,9.0,9.33,8.6,35746
2023-03-02,8.736,8.68,8.999,8.4,30670
2023-03-03,8.625,8.7,9.231,8.4,46703
2023-03-06,8.848,8.841,9.48,8.52,56289
2023-03-07,8.888,8.5,8.944,8.2,41798
2023-03-08,8.252,8.5,8.5,7.936,52797
2023-03-09,8.245,8.203,8.39,8.0,35909
2023-03-10,7.957,8.0,8.221,7.60301,33126
2023-03-13,7.7,7.909,7.909,7.16,37908
2023-03-14,8.0,7.985,8.369,7.6,44870
2023-03-15,7.725,7.816,7.816,7.2,17647
2023-03-16,7.7,7.437,7.899,7.279,26222
2023-03-17,7.6,7.181,7.609,7.139,25705
2023-03-20,7.4,6.401,7.41,6.34,35971
2023-03-21,6.5,6.2,6.8,6.2,39734
2023-03-22,6.5,5.709,6.798,5.605,32336
2023-03-23,5.781,5.5,6.0,5.5,19390
2023-03-24,5.5,5.9,6.19,5.5,28724
2023-03-27,6.0,6.9,7.2,6.0,50080
2023-03-28,6.9,6.3,6.9,6.3,21315
2023-03-29,6.301,6.5,6.798,6.301,21325
2023-03-30,6.6,6.3,6.787,6.3,12850
2023-03-31,6.398,6.0,6.5,6.0,17057
2023-04-03,6.227,6.005,6.262,5.901,9982
2023-04-04,6.157,6.2,6.205,5.8,11404
2023-04-05,6.205,6.472,6.599,6.01,15218
2023-04-06,6.598,6.9,7.097,6.309,28705
2023-04-10,6.9,7.4,7.901,6.8,73050
2023-04-11,7.7,7.2,7.7,6.903,33018
2023-04-12,7.2,7.099,7.299,6.6,21587
2023-04-13,6.886,7.02,7.345,6.64719,10878
2023-04-14,6.893,6.802,7.2,6.701,16383
2023-04-17,7.0,6.9,7.0,6.65,7842
2023-04-18,7.0,6.724,7.14899,6.4,17717
2023-04-19,6.9,6.835,7.2,6.63,16589
2023-04-20,6.9,6.58,7.19,6.431,20381
2023-04-21,6.5,6.3,6.8,6.101,16292
2023-04-24,6.111,6.06,6.357,5.8,15170
2023-04-25,6.2,6.1,6.29899,5.911,6667
2023-04-26,6.0,5.8,6.199,5.4,26818
2023-04-27,5.674,5.45,5.851,5.253,15179
2023-04-28,5.45,5.556,5.699,5.074,26070
2023-05-01,5.484,5.4,5.556,5.2,9123
2023-05-02,5.6,5.09,5.67,4.9,16760
2023-05-03,4.937,5.05,5.26,4.937,11112
2023-05-04,5.1,5.3,5.499,4.911,20894
2023-05-05,5.1,5.45,5.454,5.1,11318
2023-05-08,5.39,6.6,7.69224,5.39,229345
2023-05-09,6.27,6.2,6.459,5.7,38354
2023-05-10,6.2,6.102,6.8,6.05,41342
2023-05-11,6.10101,6.2,6.6,5.90101,14852
2023-05-12,6.12499,5.999,6.125,5.376,13827
2023-05-15,5.432,5.85,5.999,5.432,7285
2023-05-16,5.703,5.7,5.999,5.501,26107
2023-05-17,5.799,5.771,5.9,5.6,7710
2023-05-18,5.771,5.801,6.0,5.7,10320
2023-05-19,5.7,5.749,5.96,5.6,7325
2023-05-22,5.88,5.7,5.9,5.61,8405
2023-05-23,5.8,5.676,5.9,5.511,6190
2023-05-24,6.0,5.9,6.1,5.691,10813
2023-05-25,6.0,5.999,6.06999,5.52,8377
2023-05-26,5.607,5.799,6.09899,5.6,7405
