2022-03-24,9.85,9.81,9.85,9.8,155032
2022-03-25,9.8,9.8,9.81,9.8,175000
2022-03-28,9.8,9.81,9.83,9.8,48902
2022-03-29,9.83,9.82,9.83,9.8184,5128
2022-03-30,9.92,9.92,9.92,9.92,996
2022-03-31,9.8619,9.8619,9.8619,9.8619,1619
2022-04-04,9.88,9.88,9.8936,9.86,54321
2022-04-05,9.88,9.91,9.91,9.88,300
2022-04-06,9.87,9.87,9.87,9.87,231097
2022-04-08,9.8932,9.8932,9.8932,9.8932,112
2022-04-13,9.88,9.91,9.91,9.88,1400
2022-04-28,9.9,9.93,9.93,9.9,431
2022-05-09,9.9,9.83,9.92,9.83,163120
2022-05-13,9.87,9.86,9.87,9.86,7500
2022-05-23,9.89,9.87,9.89,9.87,22700
2022-05-24,9.85,9.85,9.855,9.85,37800
2022-05-26,9.85,9.88,9.88,9.85,22200
2022-06-06,10.4,9.9,10.4,9.9,767
2022-06-13,9.89,9.86,9.89,9.83,300648
2022-06-15,9.88,9.84,9.88,9.84,205011
2022-06-17,9.86,9.86,9.86,9.86,108001
2022-06-27,9.88,9.88,9.88,9.855,18057
2022-07-05,9.89,9.89,9.89,9.89,11188
2022-07-13,9.84,9.84,9.84,9.84,159
2022-07-14,9.83,9.89,9.89,9.83,405
2022-07-15,9.9,9.89,9.92,9.89,58139
2022-07-18,9.865,9.85,9.865,9.85,10891
2022-07-19,9.9,9.9,9.9,9.9,19221
2022-07-20,9.9,9.9,9.91,9.9,20045
2022-07-21,9.9,9.9,9.9,9.9,915
2022-07-22,9.91,9.91,9.91,9.91,6148
2022-07-25,9.91,9.92,9.93,9.91,56926
2022-07-26,9.92,9.91,9.93,9.91,19077
2022-07-27,9.905,9.9,9.905,9.9,5156
2022-08-01,9.91,9.91,9.91,9.91,152
2022-08-03,9.91,9.9,9.91,9.9,377142
2022-08-04,9.91,9.91,9.91,9.91,300
2022-08-09,9.9,9.9,9.9,9.9,100
2022-08-10,9.99,9.99,9.99,9.99,153
2022-08-15,9.91,9.91,9.91,9.91,403
2022-08-16,9.91,9.91,9.91,9.91,423
2022-08-22,9.93,9.93,9.93,9.93,806
2022-08-24,9.93,9.92,9.93,9.92,10031
2022-08-26,9.91,9.9,9.91,9.9,9494
2022-08-30,9.91,9.91,9.91,9.91,396
2022-09-02,9.94,9.94,9.94,9.94,155
2022-09-08,9.93,9.93,9.93,9.93,176
2022-09-12,9.94,9.87,9.94,9.87,367673
2022-09-13,9.88,9.88,9.88,9.88,113
2022-09-15,9.87,9.88,9.88,9.87,900
2022-09-16,9.88,9.88,9.88,9.88,613
2022-09-19,9.8799,9.8799,9.8799,9.8799,206
2022-09-20,9.88,9.88,9.89,9.88,8001
2022-09-21,9.88,9.88,9.88,9.88,2827
2022-09-30,9.88,9.88,9.88,9.88,21320
2022-10-05,9.88,9.89,9.89,9.88,7317
2022-10-11,9.89,9.89,9.89,9.89,35763
2022-10-13,9.89,9.89,9.89,9.89,2600
2022-10-14,9.89,9.89,9.89,9.89,101
2022-10-17,9.9,9.9,9.9,9.9,1173
2022-10-18,9.9,9.9,9.9,9.9,100
2022-10-24,9.91,9.91,9.91,9.91,138
2022-10-25,9.91,9.91,9.91,9.91,215
2022-11-02,9.9,9.89,9.9,9.89,161800
2022-11-03,9.91,9.91,9.91,9.91,932
2022-11-07,9.89,9.89,9.89,9.89,857
2022-11-09,9.89,9.89,9.89,9.89,575
2022-11-10,9.91,9.9,9.91,9.9,4453
2022-11-14,9.9,9.9,9.9,9.9,305
2022-11-15,9.9,9.9,9.9,9.9,120
2022-11-16,9.91,9.92,9.92,9.91,2130
2022-11-17,9.92,9.93,9.93,9.92,951
2022-11-18,9.94,9.94,9.94,9.94,1130
2022-11-21,9.95,9.95,9.95,9.95,5110
2022-11-28,9.93,9.93,9.93,9.93,212
2022-11-29,9.9,9.9,9.9,9.9,775
2022-11-30,10.4,9.94,10.4,9.93,2108
2022-12-01,9.92,9.92,9.92,9.92,900
2022-12-02,9.92,9.92,9.92,9.92,9403
2022-12-08,9.93,9.93,9.93,9.93,925
2022-12-13,9.96,9.96,9.96,9.96,117
2022-12-15,9.96,9.98,9.98,9.94,15050
2022-12-19,9.97,9.97,9.97,9.97,26699
2022-12-21,10.01,10.02,10.02,10.01,2826
2022-12-28,10.05,10.05,10.05,10.05,101
2023-01-03,10.02,10.02,10.02,10.02,587
2023-01-04,10.07,10.05,10.07,10.05,20700
2023-01-05,10.04,10.04,10.04,10.04,1013
2023-01-06,10.03,10.14,10.14,10.03,15301
2023-01-09,10.11,10.11,10.11,10.11,1526
2023-01-10,10.1,10.14,10.14,10.085,183498
2023-01-11,10.12,10.16,10.16,10.12,96168
2023-01-12,10.15,10.14,10.15,10.14,107625
2023-01-13,10.14,10.15,10.15,10.14,12336
2023-01-17,10.17,10.15,10.17,10.14,19361
2023-01-18,10.16,10.13,10.16,10.13,8435
2023-01-19,10.11,10.13,10.13,10.11,8189
2023-01-20,10.11,10.11,10.11,10.11,7287
2023-01-23,10.13,10.13,10.14,10.13,349902
2023-01-24,10.15,10.14,10.15,10.13,324440
2023-01-25,10.15,10.15,10.16,10.14,51681
2023-01-26,10.13,10.16,10.165,10.13,76094
2023-01-27,10.14,10.14,10.14,10.14,20504
2023-01-30,10.13,10.165,10.1899,10.1298,107949
2023-01-31,10.14,10.14,10.15,10.14,30389
2023-02-01,10.15,10.15,10.15,10.15,21531
2023-02-02,10.15,10.15,10.15,10.15,67299
2023-02-03,10.15,10.15,10.15,10.15,17163
2023-02-06,10.15,10.18,10.18,10.15,81775
2023-02-08,10.1738,10.1738,10.1738,10.1738,120
2023-02-10,10.15,10.18,10.18,10.15,35148
2023-02-13,10.18,10.18,10.18,10.18,839
2023-02-15,10.18,10.18,10.18,10.18,25013
2023-02-17,10.19,10.19,10.19,10.18,13559
2023-02-22,10.19,10.19,10.19,10.19,4478
2023-02-23,10.2,10.2,10.2,10.2,20000
2023-02-24,10.22,10.22,10.225,10.22,18200
2023-02-27,10.22,10.22,10.22,10.22,320
2023-02-28,10.235,10.25,10.25,10.235,44519
2023-03-01,10.25,10.25,10.25,10.25,5465
2023-03-02,10.25,10.25,10.25,10.25,91029
2023-03-06,10.27,10.27,10.27,10.27,100025
2023-03-07,10.27,10.28,10.28,10.27,17653
2023-03-08,10.29,10.26,10.29,10.26,52902
2023-03-09,10.29,10.3,10.3,10.29,1100
2023-03-10,10.29,10.29,10.29,10.29,200293
2023-03-14,10.29,10.29,10.29,10.29,129693
2023-03-15,10.29,10.29,10.29,10.29,214
2023-03-21,10.29,10.29,10.29,10.29,1122
2023-03-23,10.29,10.29,10.29,10.29,1141
2023-03-24,10.29,10.29,10.3,10.29,180482
2023-03-27,10.29,10.2947,10.2947,10.29,200
2023-03-28,10.28,10.28,10.28,10.28,10128
2023-04-05,10.31,10.3,10.31,10.3,643
2023-04-06,10.3,10.3,10.3,10.3,4272
2023-04-11,10.3,10.3,10.3,10.26,324285
2023-04-12,10.3,10.3,10.3,10.3,796
2023-04-18,10.31,10.31,10.31,10.31,227
2023-04-20,10.31,10.31,10.31,10.31,615
2023-04-21,10.3,10.3,10.3,10.3,599
2023-04-24,10.32,10.3,10.32,10.3,45287
2023-04-25,10.31,10.31,10.31,10.31,83470
2023-04-26,10.33,10.33,10.33,10.3,293380
2023-04-27,10.32,10.32,10.32,10.32,126
2023-05-04,10.34,10.34,10.34,10.34,50004
2023-05-05,10.33,10.33,10.33,10.33,297044
2023-05-12,10.34,10.34,10.4,10.34,4901
2023-05-16,10.4,10.36,10.4,10.36,3300
2023-05-24,10.36,10.36,10.36,10.36,105
2023-05-30,10.39,10.39,10.39,10.39,204
2023-05-31,10.4,10.4,10.4,10.4,126
2023-06-08,10.36,10.36,10.36,10.36,682
2023-06-12,10.36,10.36,10.36,10.36,196
2023-06-13,10.39,10.39,10.39,10.39,259
2023-06-14,10.4,10.4,10.4,10.4,100
2023-06-20,10.9,10.9,10.9,10.9,622
2023-07-11,10.45,10.47,10.49,10.4,89624
2023-07-12,10.45,10.45,10.45,10.45,48398
2023-07-13,10.49,10.45,10.49,10.45,2315
2023-07-17,10.45,10.45,10.45,10.41,90016
2023-07-18,10.45,10.5,10.5,10.45,11599
2023-07-19,10.4696,10.4696,10.4696,10.4696,218
2023-07-20,10.32,9.57,10.8,8.58,102447
2023-07-21,9.2,10.23,11.74,9.06,41167
2023-07-24,10.41,10.55,11.6,10.41,31889
2023-07-25,10.57,11.28,12.2707,10.56,86768
2023-07-26,10.99,10.3,11.27,10.26,23865
2023-07-27,9.8,9.47,10.26,9.26,21353
2023-07-28,9.42,7.6,9.7375,7.6,16186
2023-07-31,7.96,5.77,7.96,5.5002,60705
2023-08-01,5.35,5.07,5.35,5.0,19455
2023-08-02,4.7101,7.17,8.02,4.68,410256
2023-08-03,7.49,7.94,8.4999,6.65,191765
2023-08-04,7.33,7.72,7.88,7.14,9488
2023-08-25,10.52,10.85,15.04,10.5,859734
2023-08-28,10.58,10.58,10.9,10.45,105630
2023-08-29,10.55,10.57,10.75,10.55,24854
2023-08-30,10.55,10.55,10.65,10.55,8923
2023-08-31,10.55,10.47,10.65,10.45,17615
2023-09-01,10.47,10.4801,10.65,10.47,15019
2023-09-05,10.48,10.6,10.6,10.48,2676
2023-09-06,10.58,10.55,10.6,10.5374,3337
2023-09-07,10.5,10.5001,10.52,10.5,8541
2023-09-08,10.54,10.55,10.6,9.6,12435
2023-09-11,10.65,10.65,10.65,10.65,253
2023-09-12,10.5,9.22,10.9,9.22,47070
2023-09-13,10.49,10.61,10.75,10.49,22531
2023-09-14,10.61,10.57,10.8,10.56,34551
2023-09-15,10.57,10.57,10.57,10.57,628
2023-09-18,10.56,10.57,10.698,10.56,5264
2023-09-19,10.57,10.57,10.57,10.57,145
2023-09-20,10.56,10.65,10.75,10.56,6139
2023-09-22,10.56,10.58,10.59,10.56,3181
2023-09-25,10.62,10.49,10.63,10.48,2252
2023-09-26,10.48,10.46,10.6,10.45,3335
2023-09-27,10.24,9.76,10.24,9.4,27531
2023-09-28,10.6,10.64,10.68,10.5203,9055
2023-09-29,10.62,10.51,10.63,10.47,4437
2023-10-02,10.46,10.57,10.59,10.46,6028
2023-10-03,10.46,10.46,10.47,10.46,1125
2023-10-04,10.58,10.63,10.7,10.58,8185
2023-10-05,10.51,10.6,10.6,10.51,2362
2023-10-06,10.5614,10.59,10.62,10.5614,1196
2023-10-09,10.8,10.8,10.8,10.8,209
2023-10-12,10.51,10.55,10.55,10.51,2308
2023-10-13,10.55,10.55,10.55,10.55,598
2023-10-17,10.76,10.79,10.79,10.76,480
2023-10-19,10.51,10.5,10.53,10.5,808
2023-10-24,10.5,10.5001,10.5001,10.5,205
2023-10-26,10.5,10.5,10.5,10.5,233
2023-10-27,10.5,10.5,10.5,10.5,196
2023-10-30,10.6,10.6,10.6,10.6,1273
2023-10-31,10.55,10.55,10.55,10.55,1881
2023-11-01,10.55,10.55,10.55,10.55,604
2023-11-06,10.48,10.48,10.48,10.45,3242
2023-11-13,10.4,10.7,10.7,10.3,723
2023-11-16,10.52,10.55,10.55,10.52,6011
2023-11-17,11.54,10.52,12.7,10.52,5281
2023-11-20,10.6,10.62,10.72,10.6,4404
2023-11-21,10.52,10.52,10.52,10.52,330
2023-11-22,10.68,10.68,10.68,10.68,159
2023-11-27,10.52,10.52,10.52,10.52,173
2023-11-29,10.68,10.68,10.68,10.68,104
2023-11-30,10.6,10.7,10.7,10.6,40932
2023-12-01,10.52,10.52,10.52,10.52,373
2023-12-04,10.52,10.5,10.575,9.98,37953
2023-12-05,10.5,10.5,10.5,10.5,155
2023-12-08,10.8,10.6,10.8,10.6,222
2023-12-11,10.7997,10.6,10.8,10.6,910
2023-12-12,10.61,10.6,10.61,10.6,213
2023-12-13,10.61,10.8,10.8,10.6,2409
2023-12-19,10.6,10.6,10.6,10.6,207
2023-12-20,10.65,10.19,10.65,10.1,1600
2023-12-22,10.1,10.1,10.1,10.1,181
2023-12-27,10.1,9.99,10.1,9.99,694
2023-12-28,10.4,10.0,10.4,10.0,401
2023-12-29,10.3,10.3,10.3,10.3,227
2024-01-02,10.4,10.4,10.4,10.4,200
2024-01-08,4.5,3.82,4.79,2.96,507510
2024-01-09,3.28,2.82,3.33,1.65,889834
2024-01-10,2.24,2.3,2.49,1.7931,351485
2024-01-11,2.11,2.2,2.38,2.1,131425
2024-01-12,2.06,2.06,2.13,1.81,81849
2024-01-16,2.01,1.96,2.16,1.8238,153042
2024-01-17,1.87,1.77,1.92,1.75,60577
2024-01-18,1.72,1.7207,1.7934,1.5601,53336
2024-01-19,1.63,1.6499,1.7,1.59,30275
2024-01-22,1.65,1.61,1.87,1.5,149570
2024-01-23,1.68,1.99,2.19,1.5,297307
2024-01-24,1.88,1.89,2.2,1.7808,240732
2024-01-25,1.88,1.72,1.88,1.7,71430
2024-01-26,1.67,1.52,1.8094,1.51,41056
2024-01-29,1.59,1.44,1.59,1.34,31887
2024-01-30,1.32,1.3,1.41,1.23,39333
2024-01-31,1.26,1.18,1.3761,1.125,38632
2024-02-01,1.15,1.12,1.1899,1.07,21485
2024-02-02,1.1,1.19,1.19,1.05,33750
2024-02-05,1.14,1.1599,1.1599,1.05,37508
2024-02-06,1.16,1.2,1.23,1.12,12650
2024-02-07,1.2302,1.38,1.4,1.22,53298
2024-02-08,1.48,1.41,1.48,1.28,27798
2024-02-09,1.5,1.4,1.5,1.2633,5966
2024-02-12,1.3389,1.3465,1.42,1.24,24701
2024-02-13,1.23,1.39,1.63,1.2201,8998
2024-02-14,1.37,1.3899,1.39,1.1639,13405
2024-02-15,1.41,1.5,1.54,1.3,30730
2024-02-16,1.32,1.43,1.49,1.32,38956
2024-02-20,1.46,1.32,1.46,1.2701,17438
2024-02-21,1.3982,1.3,1.3982,1.2,5609
2024-02-22,1.23,1.05,1.24,1.0327,13979
2024-02-23,1.06,1.04,1.06,1.01,10865
2024-02-26,1.0432,0.9401,1.0432,0.89,19209
2024-02-27,1.01,1.05,1.05,0.95,10052
2024-02-28,0.9752,0.95,0.98,0.92,7007
2024-02-29,0.905,0.98,1.06,0.905,5759
2024-03-01,0.9489,1.02,1.04,0.9489,3698
2024-03-04,1.01,1.0,1.01,0.9119,6162
2024-03-05,1.0,1.0,1.0,0.99,4047
2024-03-06,0.96,1.14,1.19,0.96,21863
2024-03-07,1.0857,1.16,1.18,1.05,7914
2024-03-08,1.16,1.32,1.44,1.16,79475
2024-03-11,1.31,1.51,1.86,1.3,100949
2024-03-12,1.53,1.46,1.67,1.33,47280
2024-03-13,1.43,1.42,1.48,1.32,11698
2024-03-14,1.32,1.11,1.38,1.02,28911
2024-03-15,1.11,0.988,1.181,0.9839,22872
2024-03-18,1.0,0.9839,1.15,0.9839,6150
2024-03-19,1.06,0.97,1.06,0.93,1827
2024-03-20,0.99,1.19,1.2,0.99,7190
2024-03-21,1.1,1.065,1.1498,0.9501,14025
2024-03-22,1.03,1.06,1.06,1.02,3082
2024-03-25,1.04,0.95,1.04,0.9003,9196
2024-03-26,0.95,0.95,1.04,0.95,2748
2024-03-27,0.95,0.9,0.95,0.9,4088
2024-03-28,0.95,0.95,0.9644,0.816,27491
2024-04-01,0.98,0.9,0.98,0.78,1299573
2024-04-02,0.9235,1.54,1.62,0.751,3915077
2024-04-03,1.28,1.57,1.85,1.21,1099456
2024-04-04,2.43,2.3,2.57,1.86,14353242
2024-04-05,1.91,1.59,2.0,1.33,1251002
2024-04-08,1.59,1.61,1.69,1.25,444946
2024-04-09,1.5,1.49,1.59,1.37,127373
2024-04-10,1.45,1.28,1.45,1.15,100345
2024-04-11,1.24,1.19,1.2416,1.1,116132
2024-04-12,1.18,1.17,1.2192,1.08,64814
2024-04-15,1.11,1.15,1.15,1.045,69580
2024-04-16,1.08,1.01,1.08,0.950101,44551
2024-04-17,0.93,0.9501,0.9999,0.93,34012
2024-04-18,0.98,1.02,1.25,0.9578,259605
2024-04-19,0.9894,1.32,1.36,0.9894,318684
2024-04-22,1.5,1.28,1.5,1.12,330880
2024-04-23,1.76,1.51,1.77,1.3,16185577
2024-04-24,1.36,1.76,1.84,1.34,1476542
2024-04-25,1.52,1.66,1.74,1.4902,2486491
2024-04-26,1.8,1.82,2.29,1.72,9419996
2024-04-29,2.22,2.58,3.03,2.0,35336685
2024-04-30,2.26,1.92,3.15,1.63,3961313
2024-05-01,2.15,2.0,2.23,1.7404,906859
2024-05-02,2.03,2.03,2.09,1.8946,406683
2024-05-03,2.07,1.97,2.1,1.86,250290
2024-05-06,1.98,1.56,1.98,1.51,257413
2024-05-07,1.51,1.405,1.5548,1.32,179638
2024-05-08,1.42,1.44,1.52,1.29,84767
2024-05-09,1.46,1.4,1.5,1.4,49207
2024-05-10,1.41,1.3,1.4558,1.27,63337
2024-05-13,1.28,1.2,1.2985,1.1613,101829
2024-05-14,1.19,1.35,1.3999,1.1721,149657
2024-05-15,1.35,1.34,1.45,1.33,54693
2024-05-16,1.35,1.36,1.48,1.34,47075
2024-05-17,1.38,1.3,1.42,1.3,80979
2024-05-20,1.29,1.25,1.3,1.1859,85899
2024-05-21,1.25,1.15,1.27,1.14,57192
2024-05-22,1.22,1.1882,1.22,1.14,23819
2024-05-23,1.16,1.11,1.16,1.05,59290
2024-05-24,1.11,1.18,1.18,1.06,32415
2024-05-28,1.2,1.265,1.37,1.1801,81706
2024-05-29,1.27,1.2,1.27,1.18,14937
2024-05-30,1.19,1.14,1.21,1.062,43625
2024-05-31,1.08,1.08,1.16,1.07,32425
2024-06-03,1.16,1.09,1.16,1.0,46319
2024-06-04,1.06,1.01,1.07,1.0,33351
2024-06-05,1.0,1.0,1.04,0.95,51893
2024-06-06,1.07,1.0,1.07,0.956,37128
2024-06-07,0.97,0.9137,0.9799,0.8482,47804
2024-06-10,0.9137,0.97,0.98,0.865,36744
2024-06-11,0.93,0.9477,0.9477,0.874999,46148
2024-06-12,0.89,0.92,0.9676,0.89,17127
2024-06-13,0.926851,0.89,0.9654,0.89,7567
2024-06-14,0.922725,0.94,0.96,0.8902,54121
2024-06-17,0.9682,0.9499,0.9943,0.8906,49317
2024-06-18,0.91,0.8832,0.98,0.86,42968
2024-06-20,0.857,0.959,0.959,0.850101,59228
2024-06-21,0.92,1.13,1.13,0.9151,85931
2024-06-24,1.1,1.01,1.1,1.0,44885
2024-06-25,0.982,0.98,1.02,0.9171,13605
2024-06-26,0.94,0.9977,1.01,0.94,8992
2024-06-27,0.9501,0.96,0.996,0.9501,16533
2024-06-28,0.96005,1.02,1.02,0.95,75460
2024-07-01,0.995,1.02,1.02,0.97,17528
2024-07-02,1.01,0.995,1.0492,0.98,16569
2024-07-03,0.9949,1.0445,1.0445,0.9949,12185
2024-07-05,0.9701,1.01,1.03,0.96,11464
2024-07-08,0.975,0.99,1.0,0.94,9201
2024-07-09,0.9502,1.0,1.0,0.9502,3567
2024-07-10,1.0,0.97,1.0,0.9592,11890
2024-07-11,0.963,0.9749,1.03,0.963,6518
2024-07-12,0.9749,0.9823,0.9823,0.9683,3169
2024-07-15,0.94,0.99,0.99,0.94,2450
2024-07-16,0.99,0.97,0.998,0.97,3298
2024-07-17,0.99,0.9902,1.014,0.99,9733
2024-07-18,0.9902,0.940001,0.9902,0.94,7305
2024-07-19,0.97,0.91,1.05,0.91,15595
2024-07-22,0.91,0.9,0.96,0.895,6202
2024-07-23,0.89,0.9346,0.9346,0.8801,7107
2024-07-24,0.9,0.9073,0.9346,0.9,2254
2024-07-25,0.908,0.945,0.945,0.908,2368
2024-07-26,0.92,0.8904,0.92,0.8566,18285
2024-07-29,0.895,0.879223,0.9022,0.8,30170
2024-07-30,0.855,0.85,0.875,0.836,4084
2024-07-31,0.85,0.875,0.99,0.85,16538
2024-08-01,0.86,0.9,0.9,0.86,2349
2024-08-02,0.8628,0.88,0.909799,0.8605,4422
2024-08-05,0.82,0.87,0.88,0.82,24259
2024-08-06,0.856,0.8201,0.88,0.7603,28456
2024-08-07,0.8017,0.68,0.823,0.5,130886
2024-08-08,0.6596,0.44,0.6596,0.4111,242192
2024-08-09,0.4476,0.422,0.4576,0.4156,41838
2024-08-12,0.43,0.4387,0.4388,0.42,14234
