2022-10-25,25.0,25.0,25.0,25.0,990000
2022-10-26,25.2391,25.2391,25.2391,25.2391,0
2022-10-27,25.2243,25.2243,25.2243,25.2243,0
2022-10-28,25.3363,25.3363,25.3363,25.3363,2
2022-10-31,25.205,25.205,25.205,25.205,0
2022-11-01,25.22,25.22,25.22,25.22,0
2022-11-02,25.1773,25.1773,25.1773,25.1773,0
2022-11-03,25.0174,25.0174,25.0174,25.0174,0
2022-11-04,25.0825,25.0825,25.0825,25.0825,0
2022-11-07,25.1381,25.1381,25.1381,25.1381,2
2022-11-08,25.11,25.1284,25.1284,25.11,300
2022-11-09,24.93,24.93,24.93,24.93,0
2022-11-10,25.2,25.3912,25.3912,25.2,300
2022-11-11,25.42,25.53,25.53,25.36,4900
2022-11-14,25.49,25.49,25.49,25.49,1
2022-11-15,25.59,25.59,25.59,25.59,0
2022-11-16,25.65,25.65,25.65,25.65,115
2022-11-17,25.55,25.55,25.55,25.55,100
2022-11-18,25.6,25.6,25.6,25.6,106
2022-11-21,25.555,25.555,25.555,25.555,0
2022-11-22,25.7,25.7,25.7,25.7,200
2022-11-23,25.85,25.85,25.85,25.85,100
2022-11-25,25.89,25.89,25.89,25.89,100
2022-11-28,25.685,25.685,25.685,25.685,0
2022-11-29,25.71,25.71,25.71,25.71,100
2022-11-30,25.77,25.67922,25.8523,25.77,300
2022-12-01,25.96,25.96,25.96,25.96,100
2022-12-02,25.96,25.96,25.96,25.96,100
2022-12-05,25.84,25.84,25.84,25.84,101
2022-12-06,25.76,25.76,25.76,25.76,100
2022-12-07,25.84,25.84,25.84,25.84,100
2022-12-08,25.825,25.825,25.825,25.825,2
2022-12-09,25.86,25.86,25.86,25.86,3
2022-12-12,25.96,25.96,25.96,25.96,100
2022-12-13,26.13,26.13,26.13,26.13,101
2022-12-14,26.12,26.12,26.12,26.12,100
2022-12-15,26.01,26.01,26.01,26.01,104
2022-12-16,25.94,25.94,25.94,25.94,100
2022-12-19,25.8,25.8,25.8,25.8,101
2022-12-20,25.73,25.73,25.73,25.73,103
2022-12-21,25.84,25.84,25.84,25.84,100
2022-12-22,25.7484,25.7484,25.7484,25.7484,0
2022-12-23,25.82,25.82,25.82,25.82,100
2022-12-27,25.7144,25.7144,25.7144,25.7144,2
2022-12-28,25.5,25.34691,25.5,25.5,0
2022-12-29,25.35,25.35,25.35,25.35,200
2022-12-30,25.37,25.37,25.37,25.37,200
2023-01-03,25.4643,25.4643,25.4643,25.4643,0
2023-01-04,25.61,25.61,25.61,25.61,300
2023-01-05,25.67,25.67,25.67,25.67,107
2023-01-06,25.72,25.9,25.9,25.72,300
2023-01-09,26.04,26.04,26.04,26.04,103
2023-01-10,26.04,26.04,26.04,26.04,300
2023-01-11,26.16,26.14,26.16,26.14,300
2023-01-12,26.31,26.31,26.31,26.31,100
2023-01-13,26.3364,26.3364,26.3364,26.3364,0
2023-01-17,26.31,26.31,26.31,26.31,101
2023-01-18,26.4001,26.4001,26.4001,26.4001,0
2023-01-19,26.315,26.315,26.315,26.315,0
2023-01-20,26.2339,26.2339,26.2339,26.2339,1
2023-01-23,26.27,26.27,26.27,26.27,100
2023-01-24,26.28,26.28,26.28,26.28,200
2023-01-25,26.26,26.26,26.26,26.26,100
2023-01-26,26.31,26.2608,26.31,26.2608,101
2023-01-27,26.3,26.3,26.3,26.3,100
2023-01-30,26.17,26.17,26.17,26.17,0
2023-01-31,26.23,26.11949,26.29,26.23,433
2023-02-01,26.16,26.2535,26.2535,26.16,300
2023-02-02,26.42,26.45,26.45,26.42,700
2023-02-03,26.38,26.38,26.38,26.38,0
2023-02-06,26.215,26.215,26.215,26.215,0
2023-02-07,26.2,26.21,26.21,26.2,501
2023-02-08,26.1422,26.1422,26.1422,26.1422,3
2023-02-09,26.24,26.085,26.4,26.085,3001
2023-02-10,25.9181,25.9181,25.9181,25.9181,1
2023-02-13,25.85,25.85,25.85,25.85,200
2023-02-14,25.855,25.855,25.855,25.855,0
2023-02-15,25.8042,25.8042,25.8042,25.8042,1
2023-02-16,25.6998,25.68,25.7,25.68,327
2023-02-17,25.59,25.64,25.64,25.59,3533
2023-02-21,25.3411,25.3411,25.3411,25.3411,1
2023-02-22,25.43,25.43,25.43,25.43,201
2023-02-23,25.58,25.58,25.58,25.58,401
2023-02-24,25.59,25.59,25.59,25.59,102
2023-02-27,25.68,25.68,25.68,25.68,200
2023-02-28,25.7,25.56006,25.7,25.7,100
2023-03-01,25.59,25.58,25.59,25.58,1631
2023-03-02,25.4746,25.4746,25.4746,25.4746,0
2023-03-03,25.65,25.65,25.65,25.65,100
2023-03-06,25.72,25.72,25.72,25.72,200
2023-03-07,25.6,25.6,25.6,25.6,168
2023-03-08,25.57,25.57,25.57,25.57,103
2023-03-09,25.44,25.44,25.44,25.44,1
2023-03-10,25.4,25.4,25.4,25.4,0
2023-03-13,25.32,25.32,25.32,25.32,0
2023-03-14,25.45,25.45,25.45,25.45,100
2023-03-15,25.355,25.355,25.355,25.355,0
2023-03-16,25.47,25.47,25.47,25.47,101
2023-03-17,25.45,25.41,25.45,25.41,200
2023-03-20,25.41,25.41,25.41,25.41,100
2023-03-21,25.51,25.51,25.51,25.51,200
2023-03-22,25.55,25.58,25.58,25.55,500
2023-03-23,25.64,25.64,25.64,25.64,200
2023-03-24,25.58,25.58,25.58,25.58,100
2023-03-27,25.63,25.6,25.63,25.6,200
2023-03-28,25.555,25.555,25.555,25.555,0
2023-03-29,25.66,25.72,25.72,25.66,200
2023-03-30,25.83,25.83,25.83,25.83,100
2023-03-31,26.11,25.95367,26.11,26.11,100
2023-04-03,25.93,26.02,26.02,25.93,1407
2023-04-04,26.02,26.01,26.02,26.01,200
2023-04-05,25.92,25.92,25.92,25.92,0
2023-04-06,25.99,25.99,25.99,25.99,100
2023-04-10,25.8882,25.8882,25.8882,25.8882,116
2023-04-11,25.97,26.08,26.08,25.97,6492
2023-04-12,26.08,26.12,26.24,26.08,3101
2023-04-13,26.127,26.127,26.127,26.127,0
2023-04-14,26.1406,26.1406,26.1406,26.1406,0
2023-04-17,26.045,26.045,26.045,26.045,0
2023-04-18,26.04,26.04,26.04,26.04,0
2023-04-19,26.0,26.0,26.0,26.0,100
2023-04-20,25.93,25.93,25.93,25.93,0
2023-04-21,25.99,25.99,25.99,25.99,100
2023-04-24,25.975,25.975,25.975,25.975,2
2023-04-25,26.04,25.9861,26.04,25.9861,101
2023-04-26,26.04,25.965,26.04,25.965,101
2023-04-27,25.98,25.98,25.98,25.98,0
2023-04-28,26.07,25.9188,26.07,26.07,100
2023-05-01,25.92,25.875,25.92,25.875,519
2023-05-02,25.825,25.825,25.825,25.825,1
2023-05-03,25.865,25.865,25.865,25.865,0
2023-05-04,25.77,25.77,25.77,25.77,2
2023-05-05,25.846,25.846,25.846,25.846,1
2023-05-08,25.835,25.835,25.835,25.835,5
2023-05-09,25.8,25.8,25.8,25.8,1
2023-05-10,25.87,25.87,25.87,25.87,0
2023-05-11,25.885,25.885,25.885,25.885,0
2023-05-12,25.845,25.845,25.845,25.845,0
2023-05-15,25.815,25.815,25.815,25.815,3
2023-05-16,25.72,25.72,25.72,25.72,1
2023-05-17,25.74,25.735,25.75,25.735,2228833
2023-05-18,25.71,25.71,25.71,25.71,100
2023-05-19,25.675,25.675,25.675,25.675,0
2023-05-22,25.7,25.7,25.7,25.7,0
2023-05-23,25.7,25.7,25.7,25.7,0
2023-05-24,25.54,25.54,25.54,25.54,0
2023-05-25,25.52,25.52,25.52,25.52,0
2023-05-26,25.54,25.54,25.54,25.54,0
2023-05-30,25.635,25.635,25.635,25.635,0
2023-05-31,25.615,25.47725,25.615,25.615,0
2023-06-01,25.5559,25.5559,25.5559,25.5559,0
2023-06-02,25.65,25.7257,25.7257,25.65,200
2023-06-05,25.705,25.7257,25.705,25.705,0
2023-06-06,25.715,25.715,25.715,25.715,0
2023-06-07,25.71,25.71,25.71,25.71,5
2023-06-08,25.74,25.74,25.74,25.74,0
2023-06-09,25.775,25.775,25.775,25.775,3
2023-06-12,25.82,25.8,25.82,25.8,5011
2023-06-13,25.83,25.83,25.83,25.83,0
2023-06-14,25.825,25.825,25.825,25.825,6
2023-06-15,25.885,25.885,25.885,25.885,77
2023-06-16,25.95,25.92,25.95,25.88,20095
2023-06-20,25.86,25.86,25.86,25.86,3
2023-06-21,25.76,25.76,25.76,25.76,0
2023-06-22,25.78,25.72,25.78,25.72,301
2023-06-23,25.66,25.66,25.66,25.66,1
2023-06-26,25.65,25.65,25.65,25.65,1
2023-06-27,25.71,25.71,25.71,25.71,0
2023-06-28,25.85,25.85,25.85,25.85,100
2023-06-29,25.775,25.775,25.775,25.775,0
2023-06-30,25.875,25.74021,25.875,25.875,0
2023-07-03,25.7454,25.7454,25.7454,25.7454,0
2023-07-05,25.685,25.685,25.685,25.685,0
2023-07-06,25.54,25.5,25.54,25.5,402
2023-07-07,25.555,25.555,25.555,25.555,1
2023-07-10,25.59,25.59,25.59,25.59,1
2023-07-11,25.6702,25.6702,25.6702,25.6702,11985
2023-07-12,25.94,25.94,25.94,25.94,102
2023-07-13,26.04,26.04,26.04,26.04,1
2023-07-14,25.995,25.995,25.995,25.995,0
2023-07-17,25.95,25.95,25.95,25.95,0
2023-07-18,26.02,26.02,26.02,26.02,0
2023-07-19,26.045,26.045,26.045,26.045,0
2023-07-20,25.995,25.995,25.995,25.995,2
2023-07-21,26.0,26.0,26.0,26.0,0
2023-07-24,26.035,26.035,26.035,26.035,0
2023-07-25,25.99,25.99,25.99,25.99,0
2023-07-26,25.99,25.99,25.99,25.99,0
2023-07-27,25.995,25.995,25.995,25.995,0
2023-07-28,26.025,26.025,26.025,26.025,0
2023-07-31,26.0531,25.9055,26.0531,26.0531,0
2023-08-01,25.83,25.83,25.83,25.83,0
2023-08-02,25.72,25.72,25.72,25.72,1
2023-08-03,25.63,25.65,25.65,25.63,5040
2023-08-04,25.765,25.765,25.765,25.765,0
2023-08-07,25.775,25.775,25.775,25.775,1
2023-08-08,25.839,25.8224,25.84,25.8224,7535
2023-08-09,25.815,25.815,25.815,25.815,1
2023-08-10,25.885,25.885,25.885,25.885,9960
2023-08-11,25.835,25.835,25.835,25.835,1
2023-08-14,25.79,25.79,25.79,25.79,0
2023-08-15,25.79,25.745,25.8,25.745,702
2023-08-16,25.745,25.745,25.745,25.745,2
2023-08-17,25.62,25.62,25.62,25.62,2
2023-08-18,25.615,25.615,25.615,25.615,0
2023-08-21,25.6,25.6,25.6,25.6,1
2023-08-22,25.625,25.625,25.625,25.625,0
2023-08-23,25.745,25.745,25.745,25.745,0
2023-08-24,25.735,25.735,25.735,25.735,15
2023-08-25,25.74,25.74,25.74,25.74,0
2023-08-28,25.805,25.805,25.805,25.805,0
2023-08-29,25.87,25.955,25.955,25.87,301
2023-08-30,25.975,25.975,25.975,25.975,0
2023-08-31,25.995,25.84458,25.995,25.995,0
2023-09-01,25.86,25.86,25.86,25.86,0
2023-09-05,25.82,25.775,25.83,25.775,2532
2023-09-06,25.7096,25.7096,25.7096,25.7096,1
2023-09-07,25.715,25.715,25.715,25.715,1
2023-09-08,25.81,25.765,25.82,25.765,201
2023-09-11,25.765,25.765,25.765,25.765,86
2023-09-12,25.8,25.755,25.8,25.755,51092
2023-09-13,25.77,25.77,25.77,25.77,0
2023-09-14,25.83,25.83,25.83,25.83,0
2023-09-15,25.785,25.785,25.785,25.785,614
2023-09-18,25.755,25.755,25.755,25.755,0
2023-09-19,25.72,25.72,25.72,25.72,0
2023-09-20,25.73,25.73,25.73,25.73,1
2023-09-21,25.585,25.585,25.585,25.585,1
2023-09-22,25.6,25.6,25.6,25.6,0
2023-09-25,25.53,25.53,25.53,25.53,0
2023-09-26,25.44,25.44,25.44,25.44,1
2023-09-27,25.385,25.385,25.385,25.385,1
2023-09-28,25.39,25.39,25.39,25.39,2
2023-09-29,25.475,25.3176,25.475,25.475,0
2023-10-02,25.16,25.16,25.16,25.16,0
2023-10-03,24.98,24.98,24.98,24.98,1
2023-10-04,24.96,24.96,24.96,24.96,2
2023-10-05,25.005,25.005,25.005,25.005,1
2023-10-06,25.0028,25.0028,25.0028,25.0028,0
2023-10-09,25.07,25.085,25.085,25.07,136
2023-10-10,25.22,25.22,25.22,25.22,1
2023-10-11,25.245,25.245,25.245,25.245,27577
2023-10-12,25.16,25.16,25.16,25.16,34
2023-10-13,25.155,25.155,25.155,25.155,0
2023-10-16,25.1147,25.1147,25.1147,25.1147,0
2023-10-17,25.015,25.015,25.015,25.015,0
2023-10-18,24.916,24.916,24.916,24.916,0
2023-10-19,24.87,24.87,24.87,24.87,3
2023-10-20,24.88,24.825,24.88,24.825,305
2023-10-23,24.8629,24.8629,24.8629,24.8629,2
2023-10-24,24.965,24.965,24.965,24.965,0
2023-10-25,24.93,24.93,24.93,24.93,1
2023-10-26,24.9116,24.9116,24.9116,24.9116,0
2023-10-27,24.945,24.945,24.945,24.945,2
2023-10-30,24.9358,24.9358,24.9358,24.9358,1
2023-10-31,25.0141,24.87254,25.035,25.0141,278
2023-11-01,24.98,24.98,24.98,24.98,0
2023-11-02,25.295,25.295,25.295,25.295,300
2023-11-03,25.47,25.4509,25.47,25.4509,101
2023-11-06,25.51,25.4659,25.51,25.4659,231
2023-11-07,25.43,25.32,25.43,25.32,501
2023-11-08,25.44,25.4,25.44,25.4,650
2023-11-09,25.42,25.25,25.45,25.25,1002
2023-11-10,25.38,25.36,25.38,25.36,601
2023-11-13,25.38,25.37,25.38,25.37,400
2023-11-14,25.64,25.64,25.64,25.64,2
2023-11-15,25.645,25.645,25.645,25.645,306
2023-11-16,25.61,25.5855,25.61,25.5855,200
2023-11-17,25.56,25.56,25.56,25.56,23380
2023-11-20,25.7486,25.67,25.7486,25.67,276
2023-11-21,25.72,25.72,25.72,25.72,15
2023-11-22,25.7868,25.7868,25.7868,25.7868,199
2023-11-24,25.8,25.8,25.8,25.8,1
2023-11-27,25.7908,25.7908,25.7908,25.7908,5
2023-11-28,25.8165,25.8165,25.8165,25.8165,0
2023-11-29,26.0222,26.0222,26.0222,26.0222,1
2023-11-30,25.98,25.79939,25.98,25.9565,200
2023-12-01,25.87,25.87,25.87,25.87,101
2023-12-04,25.945,25.945,25.945,25.945,0
2023-12-05,25.97,25.9463,25.97,25.9463,401
2023-12-06,26.02,25.91,26.02,25.91,301
2023-12-07,26.02,25.91,26.02,25.91,306
2023-12-08,25.98,25.87,25.98,25.87,534
2023-12-11,25.94,25.82,25.94,25.82,419
2023-12-12,25.94,25.84,25.94,25.84,24726
2023-12-13,26.05,26.03,26.05,26.03,301
2023-12-14,26.5,26.4764,26.5,26.4764,328
2023-12-15,26.4,26.4,26.4,26.4,104
2023-12-18,26.45,26.47,26.47,26.45,100
2023-12-19,26.51,26.4861,26.51,26.4861,201
2023-12-20,26.59,26.46,26.59,26.46,501
2023-12-21,26.61,26.51,26.61,26.51,387
2023-12-22,26.65,26.6,26.65,26.6,512
2023-12-26,26.65,26.6,26.65,26.6,584
2023-12-27,26.68,26.61045,26.7981,26.68,500
2023-12-28,26.59,26.58,26.59,26.58,400
2023-12-29,26.55,26.56,26.56,26.52,200
2024-01-02,26.42,26.28,26.42,26.28,2518
2024-01-03,26.24,26.14,26.25,26.14,330
2024-01-04,26.23,26.17,26.23,26.17,702
2024-01-05,26.16,26.1,26.2,26.1,503
2024-01-08,26.22,26.24,26.24,26.22,444
2024-01-09,26.3,26.35,26.35,26.3,102
2024-01-10,26.38,26.415,26.415,26.38,300
2024-01-11,26.43,26.39,26.43,26.38,24662
2024-01-12,26.47,26.515,26.515,26.47,300
2024-01-16,26.46,26.4,26.46,26.36,920
2024-01-17,26.32,26.32,26.32,26.32,100
2024-01-18,26.395,26.395,26.395,26.395,2
2024-01-19,26.405,26.405,26.405,26.405,108
2024-01-22,26.475,26.475,26.475,26.475,0
2024-01-23,26.46,26.46,26.46,26.46,120
2024-01-24,26.46,26.46,26.46,26.46,100
2024-01-25,26.58,26.58,26.58,26.58,100
2024-01-26,26.5202,26.56,26.56,26.5202,212
2024-01-29,26.6,26.6,26.6,26.6,1
2024-01-30,26.595,26.595,26.595,26.595,0
2024-01-31,26.575,26.41037,26.575,26.575,0
2024-02-01,26.5,26.5,26.5,26.5,2
2024-02-02,26.425,26.425,26.425,26.425,130
2024-02-05,26.38,26.32,26.38,26.32,2412
2024-02-06,26.3932,26.3932,26.3932,26.3932,2
2024-02-07,26.395,26.395,26.395,26.395,4
2024-02-08,26.395,26.395,26.395,26.395,52
2024-02-09,26.42,26.42,26.42,26.42,0
2024-02-12,26.445,26.445,26.445,26.445,18452
2024-02-13,26.26,26.26,26.26,26.26,119
2024-02-14,26.295,26.295,26.295,26.295,2
2024-02-15,26.365,26.365,26.365,26.365,1
2024-02-16,26.325,26.3242,26.325,26.3242,101
2024-02-20,26.325,26.325,26.325,26.325,80
2024-02-21,26.325,26.325,26.325,26.325,0
2024-02-22,26.4119,26.4119,26.4119,26.4119,2
2024-02-23,26.435,26.435,26.435,26.435,0
2024-02-26,26.42,26.42,26.42,26.42,0
2024-02-27,26.395,26.395,26.395,26.395,0
2024-02-28,26.395,26.395,26.395,26.395,0
2024-02-29,26.415,26.26252,26.415,26.415,2
2024-03-01,26.305,26.305,26.305,26.305,0
2024-03-04,26.315,26.315,26.315,26.315,1
2024-03-05,26.335,26.335,26.335,26.335,1
2024-03-06,26.37,26.37,26.37,26.37,0
2024-03-07,26.415,26.415,26.415,26.415,1
2024-03-08,26.455,26.455,26.455,26.455,34
2024-03-11,26.36,26.415,26.415,26.36,22509
2024-03-12,26.435,26.435,26.435,26.435,1
2024-03-13,26.45,26.45,26.45,26.45,11
2024-03-14,26.395,26.395,26.395,26.395,2
2024-03-15,26.375,26.375,26.375,26.375,3
2024-03-18,26.375,26.375,26.375,26.375,97
2024-03-19,26.44,26.44,26.44,26.44,2
2024-03-20,26.45,26.45,26.45,26.45,0
2024-03-21,26.515,26.515,26.515,26.515,0
2024-03-22,26.515,26.515,26.515,26.515,2
2024-03-25,26.49,26.49,26.49,26.49,5
2024-03-26,26.485,26.485,26.485,26.485,0
2024-03-27,26.505,26.505,26.505,26.505,1
2024-03-28,26.535,26.37257,26.535,26.535,1
2024-04-01,26.43,26.3,26.43,26.3,271
2024-04-02,26.225,26.225,26.225,26.225,2
2024-04-03,26.235,26.235,26.235,26.235,2
2024-04-04,26.265,26.265,26.265,26.265,1
2024-04-05,26.2,26.19,26.2147,26.19,3389
2024-04-08,26.04,26.225,26.225,26.04,1405
2024-04-09,26.265,26.265,26.265,26.265,12176
2024-04-10,26.135,26.135,26.135,26.135,150
2024-04-11,26.09,26.09,26.09,26.09,0
2024-04-12,26.065,26.065,26.065,26.065,1
2024-04-15,26.0,26.0,26.0,26.0,106
2024-04-16,25.87,25.87,25.87,25.87,0
2024-04-17,25.87,25.87,25.87,25.87,0
2024-04-18,25.875,25.875,25.875,25.875,1
2024-04-19,25.895,25.895,25.895,25.895,0
2024-04-22,25.965,25.965,25.965,25.965,5
2024-04-23,26.075,26.075,26.075,26.075,0
2024-04-24,26.055,26.055,26.055,26.055,0
2024-04-25,25.96,25.96,25.96,25.96,1
2024-04-26,26.0499,26.0499,26.0499,26.0499,0
2024-04-29,26.1,26.1,26.1,26.1,0
2024-04-30,26.08,25.91224,26.1295,26.07,612
2024-05-01,25.905,25.905,25.905,25.905,4
2024-05-02,26.015,26.015,26.015,26.015,0
2024-05-03,26.165,26.165,26.165,26.165,5
2024-05-06,26.185,26.185,26.185,26.185,0
2024-05-07,26.195,26.195,26.195,26.195,20
2024-05-08,26.165,26.165,26.165,26.165,4
2024-05-09,26.155,26.155,26.155,26.155,2
2024-05-10,26.14,26.14,26.14,26.14,100
2024-05-13,26.115,26.1049,26.115,26.04,845680
2024-05-14,26.14,26.14,26.14,26.14,82
2024-05-15,26.27,26.27,26.27,26.27,4
2024-05-16,26.23,26.23,26.23,26.23,102
2024-05-17,26.21,26.21,26.21,26.21,185
2024-05-20,26.265,26.265,26.265,26.265,87
2024-05-21,26.23,26.23,26.23,26.23,185
2024-05-22,26.2,26.13,26.2,26.13,283
2024-05-23,26.2,26.1,26.2,26.1,301
2024-05-24,26.15,26.15,26.15,26.15,186
2024-05-28,26.16,26.17,26.17,26.16,108
2024-05-29,26.07,25.99,26.07,25.99,288
2024-05-30,26.07,26.07,26.07,26.07,309
2024-05-31,26.188,26.00144,26.188,26.188,91
2024-06-03,26.08,26.08,26.08,26.08,2
2024-06-04,26.12,26.12,26.12,26.12,3
2024-06-05,26.165,26.165,26.165,26.165,9
2024-06-06,26.18,26.18,26.18,26.18,109
2024-06-07,26.07,26.07,26.07,26.07,107
2024-06-10,26.11,26.11,26.11,26.11,1
2024-06-11,26.15,26.05,26.15,26.03,15128
2024-06-12,26.23,26.23,26.23,26.23,111
2024-06-13,26.23,26.23,26.23,26.22,401
2024-06-14,26.04,26.16,26.17,26.04,1053
2024-06-17,26.19,26.19,26.19,26.19,89
2024-06-18,26.255,26.255,26.255,26.255,1
2024-06-20,26.26,26.26,26.26,26.26,3
2024-06-21,26.2,26.225,26.225,26.2,303
2024-06-24,26.285,26.285,26.285,26.285,7
2024-06-25,26.29,26.29,26.29,26.29,0
2024-06-26,26.255,26.255,26.255,26.255,3
2024-06-27,26.19,26.06,26.19,26.06,848
2024-06-28,26.27,26.11283,26.27,26.27,76
2024-07-01,26.08,26.08,26.08,26.08,1
2024-07-02,26.055,26.055,26.055,26.055,0
2024-07-03,26.115,26.115,26.115,26.115,5
2024-07-05,26.185,26.185,26.185,26.185,98
2024-07-08,26.24,26.225,26.24,26.225,157
2024-07-09,26.24,26.225,26.24,26.2,12718
2024-07-10,26.245,26.245,26.245,26.245,0
2024-07-11,26.3428,26.3428,26.3428,26.3428,8
2024-07-12,26.385,26.385,26.385,26.385,20
2024-07-15,26.405,26.405,26.405,26.405,5
2024-07-16,26.485,26.485,26.485,26.485,67
2024-07-17,26.475,26.475,26.475,26.475,5
2024-07-18,26.48,26.48,26.48,26.48,0
2024-07-19,26.4953,26.4953,26.4953,26.4953,0
2024-07-22,26.475,26.475,26.475,26.475,1
2024-07-23,26.515,26.515,26.515,26.515,15
2024-07-24,26.4884,26.4884,26.4884,26.4884,53
2024-07-25,26.4796,26.4796,26.4796,26.4796,52
2024-07-26,26.5246,26.5246,26.5246,26.5246,4
2024-07-29,26.5054,26.5054,26.5054,26.5054,2
2024-07-30,26.5058,26.5058,26.5058,26.5058,0
2024-07-31,26.49,26.32583,26.49,26.4883,261
2024-08-01,26.3825,26.3825,26.3825,26.3825,10
2024-08-02,26.3192,26.3192,26.3192,26.3192,42
2024-08-05,26.175,26.175,26.175,26.175,18
2024-08-06,26.2893,26.2893,26.2893,26.2893,34
2024-08-07,26.3686,26.3686,26.3686,26.3686,32
2024-08-08,26.3687,26.3687,26.3687,26.3687,2
2024-08-09,26.3989,26.3989,26.3989,26.3989,0
2024-08-12,26.42,26.415,26.48,26.415,418
