2023-12-20,25.28,24.9319,25.28,24.9319,590412
2023-12-21,25.12,25.2669,25.2669,25.12,406
2023-12-22,25.4574,25.3283,25.4574,25.3283,1515
2023-12-26,25.4,25.4408,25.4408,25.4,1000
2023-12-27,25.562,25.5555,25.562,25.5555,130
2023-12-28,25.5574,25.54,25.5574,25.53,2702
2023-12-29,25.57,25.4927,25.57,25.4927,1105
2024-01-02,25.2776,25.2776,25.2776,25.2776,2
2024-01-03,25.0906,25.0906,25.0906,25.0906,0
2024-01-04,25.15,25.0946,25.19,25.0946,395202
2024-01-05,25.21,25.2189,25.2189,25.21,105
2024-01-08,25.4043,25.4043,25.4043,25.4043,0
2024-01-09,25.0999,25.0561,25.0999,25.0561,100
2024-01-10,25.1992,25.1992,25.1992,25.1992,0
2024-01-11,25.2022,25.2022,25.2022,25.2022,2
2024-01-12,25.27,25.217,25.27,25.21,6000
2024-01-16,24.85,24.7752,24.85,24.7752,1100
2024-01-17,24.47,24.5023,24.5023,24.46,600
2024-01-18,24.7618,24.7618,24.7618,24.7618,0
2024-01-19,24.9091,24.9091,24.9091,24.9091,20
2024-01-22,24.9422,24.9422,24.9422,24.9422,0
2024-01-23,24.72,24.8327,24.8327,24.72,100
2024-01-24,24.9702,24.9702,24.9702,24.9702,0
2024-01-25,24.9864,24.9864,24.9864,24.9864,1
2024-01-26,24.9824,24.9824,24.9824,24.9824,75
2024-01-29,25.12,25.1006,25.12,25.1006,583
2024-01-30,25.2298,25.2298,25.2298,25.2298,0
2024-01-31,25.19,24.9919,25.19,24.9919,1001
2024-02-01,25.12,25.1442,25.1442,25.12,1505
2024-02-02,24.9854,24.9854,24.9854,24.9854,0
2024-02-05,24.8016,24.8016,24.8016,24.8016,0
2024-02-06,24.9453,24.9453,24.9453,24.9453,0
2024-02-07,24.8252,24.8252,24.8252,24.8252,0
2024-02-08,24.6394,24.6394,24.6394,24.6394,45
2024-02-09,24.6436,24.6436,24.6436,24.6436,0
2024-02-12,24.7436,24.7436,24.7436,24.7436,0
2024-02-13,24.4007,24.4007,24.4007,24.4007,1
2024-02-14,24.5374,24.5374,24.5374,24.5374,0
2024-02-15,24.8883,24.8883,24.8883,24.8883,1
2024-02-16,24.8979,24.8979,24.8979,24.8979,0
2024-02-20,25.0,24.9574,25.0,24.9,1400
2024-02-21,24.97,24.97,24.97,24.97,0
2024-02-22,25.12,25.1841,25.1841,25.12,200
2024-02-23,25.2805,25.2805,25.2805,25.2805,0
2024-02-26,25.219,25.219,25.219,25.219,50
2024-02-27,25.2803,25.2803,25.2803,25.2803,0
2024-02-28,25.0981,25.0981,25.0981,25.0981,0
2024-02-29,25.227,25.227,25.227,25.227,80
2024-03-01,25.4324,25.4324,25.4324,25.4324,0
2024-03-04,25.3996,25.3996,25.3996,25.3996,0
2024-03-05,25.4278,25.4278,25.4278,25.4278,0
2024-03-06,25.712,25.712,25.712,25.712,0
2024-03-07,25.9087,25.9087,25.9087,25.9087,1
2024-03-08,25.8969,25.8969,25.8969,25.8969,1
2024-03-11,25.7929,25.7929,25.7929,25.7929,0
2024-03-12,26.0143,26.0143,26.0143,26.0143,0
2024-03-13,26.2403,26.2403,26.2403,26.2403,0
2024-03-14,26.147,26.147,26.147,26.147,0
2024-03-15,26.0792,26.0792,26.0792,26.0792,0
2024-03-18,26.2,26.1612,26.2,26.1612,1075
2024-03-19,26.18,26.1864,26.1864,26.18,2501
2024-03-20,26.32,26.5924,26.5924,26.32,137
2024-03-21,26.6079,26.6079,26.6079,26.6079,1
2024-03-22,26.535,26.535,26.535,26.535,0
2024-03-25,26.4727,26.4727,26.4727,26.4727,0
2024-03-26,26.5309,26.5309,26.5309,26.5309,0
2024-03-27,26.6843,26.6843,26.6843,26.6843,0
2024-03-28,26.814,26.814,26.814,26.814,0
2024-04-01,26.63,26.6781,26.6781,26.63,162
2024-04-02,26.645,26.645,26.645,26.645,4
2024-04-03,26.8929,26.8929,26.8929,26.8929,0
2024-04-04,26.7475,26.7475,26.7475,26.7475,0
2024-04-05,26.8663,26.8663,26.8663,26.8663,0
2024-04-08,27.065,27.065,27.065,27.065,1
2024-04-09,26.9857,26.9857,26.9857,26.9857,2
2024-04-10,26.6896,26.6896,26.6896,26.6896,2
2024-04-11,26.6542,26.6542,26.6542,26.6542,20
2024-04-12,26.234,26.234,26.234,26.234,2
2024-04-15,26.1405,26.1405,26.1405,26.1405,0
2024-04-16,25.8234,25.8234,25.8234,25.8234,3
2024-04-17,25.8628,25.8628,25.8628,25.8628,1
2024-04-18,25.8116,25.8116,25.8116,25.8116,3
2024-04-19,25.862,25.862,25.862,25.862,2
2024-04-22,26.0532,26.0532,26.0532,26.0532,6
2024-04-23,26.2285,26.2285,26.2285,26.2285,5
2024-04-24,26.241,26.241,26.241,26.241,0
2024-04-25,26.2376,26.2376,26.2376,26.2376,5
2024-04-26,26.4975,26.4975,26.4975,26.4975,0
2024-04-29,26.6643,26.6643,26.6643,26.6643,0
2024-04-30,26.3263,26.3263,26.3263,26.3263,0
2024-05-01,26.2631,26.2631,26.2631,26.2631,2
2024-05-02,26.5395,26.5395,26.5395,26.5395,3
2024-05-03,26.7386,26.7386,26.7386,26.7386,0
2024-05-06,27.0101,27.0101,27.0101,27.0101,9
2024-05-07,27.0443,27.0443,27.0443,27.0443,2
2024-05-08,27.0998,27.0998,27.0998,27.0998,2
2024-05-09,27.2413,27.2413,27.2413,27.2413,2
2024-05-10,27.3196,27.3196,27.3196,27.3196,1
2024-05-13,27.2923,27.2923,27.2923,27.2923,1
2024-05-14,27.5692,27.5692,27.5692,27.5692,1
2024-05-15,27.8596,27.8596,27.8596,27.8596,2
2024-05-16,27.6425,27.6425,27.6425,27.6425,2
2024-05-17,27.65,27.7705,27.7705,27.65,328
2024-05-20,27.809,27.809,27.809,27.809,0
2024-05-21,27.7935,27.7935,27.7935,27.7935,0
2024-05-22,27.4465,27.4465,27.4465,27.4465,0
2024-05-23,27.3184,27.3184,27.3184,27.3184,0
2024-05-24,27.5485,27.5485,27.5485,27.5485,2
2024-05-28,27.6464,27.6464,27.6464,27.6464,2
2024-05-29,27.1377,27.1377,27.1377,27.1377,4
2024-05-30,27.4257,27.4257,27.4257,27.4257,4
2024-05-31,27.6731,27.6731,27.6731,27.6731,0
2024-06-03,27.6778,27.6778,27.6778,27.6778,2
2024-06-04,27.4379,27.4379,27.4379,27.4379,4
2024-06-05,27.5509,27.5509,27.5509,27.5509,2
2024-06-06,27.6153,27.6153,27.6153,27.6153,5
2024-06-07,27.3227,27.3227,27.3227,27.3227,1
2024-06-10,27.3902,27.3902,27.3902,27.3902,0
2024-06-11,27.0508,27.0508,27.0508,27.0508,0
2024-06-12,27.42,27.3468,27.42,27.3468,200
2024-06-13,26.9227,26.9227,26.9227,26.9227,0
2024-06-14,26.6008,26.6008,26.6008,26.6008,2
2024-06-17,26.4,26.6767,26.6767,26.4,180
2024-06-18,26.8593,26.8593,26.8593,26.8593,0
2024-06-20,26.9667,26.9667,26.9667,26.9667,0
2024-06-21,26.7029,26.7029,26.7029,26.7029,2
2024-06-24,26.8971,26.8971,26.8971,26.8971,2
2024-06-25,26.8353,26.8353,26.8353,26.8353,2
2024-06-26,26.759,26.759,26.759,26.759,8
2024-06-27,26.8735,26.8735,26.8735,26.8735,2
2024-06-28,26.9294,26.9294,26.9294,26.9294,0
2024-07-01,26.9424,26.9424,26.9424,26.9424,3
2024-07-02,27.015,27.015,27.015,27.015,20
2024-07-03,27.3432,27.3432,27.3432,27.3432,0
2024-07-05,27.7509,27.7509,27.7509,27.7509,0
2024-07-08,27.6759,27.6759,27.6759,27.6759,8
2024-07-09,27.485,27.485,27.485,27.485,2
2024-07-10,27.8899,27.8899,27.8899,27.8899,2
2024-07-11,28.0751,28.0751,28.0751,28.0751,0
2024-07-12,28.2441,28.2441,28.2441,28.2441,2
2024-07-15,28.1228,28.1228,28.1228,28.1228,2
2024-07-16,28.3895,28.3895,28.3895,28.3895,4
2024-07-17,28.3168,28.3168,28.3168,28.3168,7
2024-07-18,27.9414,27.9414,27.9414,27.9414,3
2024-07-19,27.7396,27.7396,27.7396,27.7396,3
2024-07-22,27.9957,27.9957,27.9957,27.9957,2
2024-07-23,27.7827,27.7827,27.7827,27.7827,0
2024-07-24,27.4132,27.4132,27.4132,27.4132,42
2024-07-25,27.1527,27.1527,27.1527,27.1527,2
2024-07-26,27.634,27.634,27.634,27.634,0
2024-07-29,27.6015,27.6015,27.6015,27.6015,83
2024-07-30,27.623,27.623,27.623,27.623,2
2024-07-31,28.0613,28.0613,28.0613,28.0613,42
2024-08-01,27.25,27.2333,27.29,27.2333,4250
2024-08-02,26.6085,26.6085,26.6085,26.6085,1
2024-08-05,27.2,25.9464,27.2,25.64,2886
2024-08-06,25.9109,25.9109,25.9109,25.9109,3
2024-08-07,26.54,26.09,26.54,26.09,1449
2024-08-08,26.5422,26.5422,26.5422,26.5422,0
2024-08-09,26.6987,26.6987,26.6987,26.6987,0
2024-08-12,26.8118,26.8118,26.8118,26.8118,10
