2022-02-08,25.0224,25.0224,25.0224,25.0224,200000
2022-02-09,25.3902,25.3902,25.3902,25.3902,0
2022-02-10,24.9449,24.9449,24.9449,24.9449,63
2022-02-11,24.4141,24.4141,24.4141,24.4141,6
2022-02-14,24.2994,24.2994,24.2994,24.2994,1
2022-02-15,24.7589,24.7589,24.7589,24.7589,21
2022-02-16,24.776,24.776,24.776,24.776,52
2022-02-17,24.2069,24.2069,24.2069,24.2069,9
2022-02-18,23.9377,23.9377,23.9377,23.9377,12
2022-02-22,23.6782,23.6782,23.6782,23.6782,0
2022-02-23,23.3132,23.3132,23.3132,23.3132,0
2022-02-24,23.7544,23.7544,23.7544,23.7544,0
2022-02-25,24.2037,24.2037,24.2037,24.2037,0
2022-02-28,24.04,24.1811,24.1811,24.04,467
2022-03-01,23.8021,23.8021,23.8021,23.8021,0
2022-03-02,24.3051,24.3051,24.3051,24.3051,0
2022-03-03,24.0543,24.0543,24.0543,24.0543,8
2022-03-04,23.94,23.8467,23.94,23.8467,200
2022-03-07,23.1669,23.1669,23.1669,23.1669,0
2022-03-08,23.0612,23.0612,23.0612,23.0612,0
2022-03-09,23.6373,23.6373,23.6373,23.6373,12
2022-03-10,23.5931,23.5931,23.5931,23.5931,3
2022-03-11,23.3347,23.3347,23.3347,23.3347,0
2022-03-14,23.0551,23.0551,23.0551,23.0551,0
2022-03-15,23.602,23.602,23.602,23.602,12
2022-03-16,24.1267,24.1267,24.1267,24.1267,0
2022-03-17,24.4359,24.39446,24.4359,24.4359,0
2022-03-18,24.793,24.793,24.793,24.793,2
2022-03-21,24.7452,24.7452,24.7452,24.7452,0
2022-03-22,25.0463,25.0463,25.0463,25.0463,2
2022-03-23,24.98,24.791,24.98,24.791,781
2022-03-24,25.2098,25.2098,25.2098,25.2098,3
2022-03-25,25.2788,25.2788,25.2788,25.2788,0
2022-03-28,25.4787,25.4787,25.4787,25.4787,2
2022-03-29,25.799,25.799,25.799,25.799,0
2022-03-30,25.5554,25.5554,25.5554,25.5554,5
2022-03-31,25.1677,25.1677,25.1677,25.1677,0
2022-04-01,25.17,25.17,25.17,25.17,2
2022-04-04,25.5463,25.5463,25.5463,25.5463,0
2022-04-05,25.0842,25.0842,25.0842,25.0842,0
2022-04-06,24.7486,24.7486,24.7486,24.7486,0
2022-04-07,24.98,24.825,24.98,24.825,311
2022-04-08,24.6056,24.6056,24.6056,24.6056,0
2022-04-11,24.177,24.177,24.177,24.177,0
2022-04-12,24.0736,24.0736,24.0736,24.0736,0
2022-04-13,24.3867,24.3867,24.3867,24.3867,50
2022-04-14,24.0254,24.0254,24.0254,24.0254,1
2022-04-18,23.9618,23.9618,23.9618,23.9618,0
2022-04-19,24.3985,24.3985,24.3985,24.3985,0
2022-04-20,24.182,24.182,24.182,24.182,49
2022-04-21,23.7254,23.7254,23.7254,23.7254,0
2022-04-22,23.1259,23.1259,23.1259,23.1259,0
2022-04-26,22.7683,22.7683,22.7683,22.7683,0
2022-04-27,22.6478,22.6478,22.6478,22.6478,0
2022-04-28,23.407,23.407,23.407,23.407,0
2022-04-29,22.4564,22.4564,22.4564,22.4564,0
2022-05-02,22.7685,22.7685,22.7685,22.7685,0
2022-05-03,22.872,22.872,22.872,22.872,0
2022-05-04,23.4992,23.4992,23.4992,23.4992,0
2022-05-05,22.5415,22.5415,22.5415,22.5415,0
2022-05-06,22.3673,22.3673,22.3673,22.3673,0
2022-05-09,21.6392,21.6392,21.6392,21.6392,0
2022-05-10,21.8278,21.8278,21.8278,21.8278,0
2022-05-11,21.3078,21.3078,21.3078,21.3078,0
2022-05-12,21.3625,21.3625,21.3625,21.3625,0
2022-05-13,21.9454,21.9454,21.9454,21.9454,0
2022-05-16,21.8441,21.8441,21.8441,21.8441,1
2022-05-17,22.3807,22.3807,22.3807,22.3807,0
2022-05-18,21.4952,21.4952,21.4952,21.4952,0
2022-05-19,21.3962,21.3962,21.3962,21.3962,0
2022-05-20,21.3854,21.3854,21.3854,21.3854,0
2022-05-23,21.7047,21.7047,21.7047,21.7047,0
2022-05-24,21.3263,21.3263,21.3263,21.3263,0
2022-05-25,21.5911,21.5911,21.5911,21.5911,0
2022-05-26,22.0322,22.0322,22.0322,22.0322,1
2022-05-27,22.591,22.591,22.591,22.591,3
2022-05-31,22.5587,22.5587,22.5587,22.5587,0
2022-06-01,22.4398,22.4398,22.4398,22.4398,2
2022-06-02,22.8508,22.8508,22.8508,22.8508,0
2022-06-03,22.4219,22.4219,22.4219,22.4219,1
2022-06-06,22.4946,22.4946,22.4946,22.4946,1
2022-06-07,22.7012,22.7012,22.7012,22.7012,2
2022-06-08,22.4801,22.4801,22.4801,22.4801,1
2022-06-09,21.8769,21.8769,21.8769,21.8769,1
2022-06-10,21.1969,21.1969,21.1969,21.1969,0
2022-06-13,20.2768,20.2768,20.2768,20.2768,0
2022-06-14,20.2891,20.2891,20.2891,20.2891,2
2022-06-15,20.7055,20.7055,20.7055,20.7055,0
2022-06-16,19.9679,19.89193,19.9679,19.9679,1
2022-06-17,20.142,20.142,20.142,20.142,0
2022-06-21,20.5635,20.5635,20.5635,20.5635,0
2022-06-22,20.6258,20.6258,20.6258,20.6258,1
2022-06-23,20.8775,20.8775,20.8775,20.8775,0
2022-06-24,21.555,21.555,21.555,21.555,2
2022-06-27,21.4498,21.4498,21.4498,21.4498,0
2022-06-28,20.8987,20.8987,20.8987,20.8987,2
2022-06-29,20.8979,20.8979,20.8979,20.8979,0
2022-06-30,20.65,20.65,20.65,20.65,102
2022-07-01,20.7531,20.7531,20.7531,20.7531,0
2022-07-05,21.01,21.0374,21.0374,21.01,100
2022-07-06,21.1397,21.1397,21.1397,21.1397,0
2022-07-07,21.6114,21.6114,21.6114,21.6114,0
2022-07-08,21.6136,21.6136,21.6136,21.6136,0
2022-07-11,21.1686,21.1686,21.1686,21.1686,0
2022-07-12,21.0062,21.0062,21.0062,21.0062,0
2022-07-13,20.9724,20.9724,20.9724,20.9724,0
2022-07-14,20.857,20.857,20.857,20.857,0
2022-07-15,21.2639,21.2639,21.2639,21.2639,1
2022-07-18,21.76,21.0928,21.76,21.0928,9203
2022-07-19,21.67,21.6769,21.68,21.67,1900
2022-07-20,21.95,21.9391,21.97,21.9391,2000
2022-07-21,21.96,22.1547,22.1547,21.96,5305
2022-07-22,21.7055,21.7055,21.7055,21.7055,7
2022-07-25,21.6509,21.6509,21.6509,21.6509,4
2022-07-26,21.3329,21.3329,21.3329,21.3329,2
2022-07-27,22.0606,22.0606,22.0606,22.0606,0
2022-07-28,22.159,22.159,22.159,22.159,6
2022-07-29,22.3929,22.3929,22.3929,22.3929,0
2022-08-01,22.3847,22.3847,22.3847,22.3847,2
2022-08-02,22.3542,22.3542,22.3542,22.3542,37
2022-08-03,22.8994,22.8994,22.8994,22.8994,0
2022-08-04,22.9032,22.9032,22.9032,22.9032,2
2022-08-05,22.7951,22.7951,22.7951,22.7951,8
2022-08-08,22.8225,22.8225,22.8225,22.8225,53
2022-08-09,22.5334,22.5334,22.5334,22.5334,6
2022-08-10,23.1132,23.1132,23.1132,23.1132,12
2022-08-11,23.0075,23.0075,23.0075,23.0075,0
2022-08-12,23.4214,23.4214,23.4214,23.4214,12
2022-08-15,23.5192,23.5192,23.5192,23.5192,7
2022-08-16,23.5167,23.5167,23.5167,23.5167,0
2022-08-17,23.2177,23.2177,23.2177,23.2177,4
2022-08-18,23.2548,23.2548,23.2548,23.2548,2
2022-08-19,22.9213,22.9213,22.9213,22.9213,2
2022-08-22,22.3215,22.3215,22.3215,22.3215,4
2022-08-23,22.2523,22.2523,22.2523,22.2523,0
2022-08-24,22.3,22.3,22.3,22.3,0
2022-08-25,22.6733,22.6733,22.6733,22.6733,0
2022-08-26,21.8501,21.8501,21.8501,21.8501,4
2022-08-29,21.6277,21.6277,21.6277,21.6277,2
2022-08-30,21.3873,21.3873,21.3873,21.3873,2
2022-08-31,21.2862,21.2862,21.2862,21.2862,0
2022-09-01,21.3399,21.3399,21.3399,21.3399,6
2022-09-02,21.0556,21.0556,21.0556,21.0556,0
2022-09-06,20.8988,20.8988,20.8988,20.8988,0
2022-09-07,21.2971,21.2971,21.2971,21.2971,0
2022-09-08,21.462,21.462,21.462,21.462,0
2022-09-09,21.9124,21.9124,21.9124,21.9124,0
2022-09-12,22.1192,22.1192,22.1192,22.1192,0
2022-09-13,21.0526,21.0526,21.0526,21.0526,5
2022-09-14,21.1304,21.1304,21.1304,21.1304,0
2022-09-15,20.9405,20.87029,20.9405,20.9405,15
2022-09-16,20.7279,20.7279,20.7279,20.7279,6
2022-09-19,20.7649,20.7649,20.7649,20.7649,0
2022-09-20,20.4573,20.4573,20.4573,20.4573,6
2022-09-21,20.56,20.1378,20.56,20.12,1200
2022-09-22,20.0571,20.0571,20.0571,20.0571,13
2022-09-23,19.676,19.676,19.676,19.676,29
2022-09-26,19.5625,19.5625,19.5625,19.5625,2
2022-09-27,19.59,19.5479,19.59,19.52,200
2022-09-28,20.0283,20.0283,20.0283,20.0283,260
2022-09-29,19.4959,19.4959,19.4959,19.4959,1
2022-09-30,19.2003,19.2003,19.2003,19.2003,10
2022-10-03,19.638,19.638,19.638,19.638,20
2022-10-04,20.3065,20.3065,20.3065,20.3065,10
2022-10-05,20.3195,20.3195,20.3195,20.3195,5
2022-10-06,20.1727,20.1727,20.1727,20.1727,0
2022-10-07,19.496,19.496,19.496,19.496,7
2022-10-10,19.2862,19.2862,19.2862,19.2862,0
2022-10-11,19.1272,19.1272,19.1272,19.1272,15
2022-10-12,19.1352,19.1352,19.1352,19.1352,0
2022-10-13,19.5627,19.5627,19.5627,19.5627,2
2022-10-14,19.162,19.0996,19.27,19.0996,3311
2022-10-17,19.6502,19.6502,19.6502,19.6502,0
2022-10-18,19.7685,19.7685,19.7685,19.7685,0
2022-10-19,19.72,19.6692,19.79,19.63,2331
2022-10-20,19.77,19.6629,19.77,19.65,443
2022-10-21,20.056,20.1712,20.1712,20.056,201
2022-10-24,20.4041,20.4041,20.4041,20.4041,0
2022-10-25,20.65,20.734,20.78,20.65,1055
2022-10-26,20.43,20.409,20.61,20.4,1100
2022-10-27,19.9958,19.9958,19.9958,19.9958,33
2022-10-28,20.5006,20.5006,20.5006,20.5006,0
2022-10-31,20.37,20.2775,20.37,20.2775,591
2022-11-01,20.1358,20.1358,20.1358,20.1358,4
2022-11-02,19.5811,19.5811,19.5811,19.5811,8
2022-11-03,19.3036,19.3036,19.3036,19.3036,8
2022-11-04,19.5672,19.5672,19.5672,19.5672,50
2022-11-07,19.65,19.8442,19.8442,19.65,755
2022-11-08,20.04,19.9717,20.04,19.9717,204
2022-11-09,19.6091,19.6091,19.6091,19.6091,53
2022-11-10,20.5221,20.8009,20.8009,20.5221,4334
2022-11-11,21.0523,21.0523,21.0523,21.0523,0
2022-11-14,21.19,20.985,21.19,20.985,201
2022-11-15,21.1997,21.1997,21.1997,21.1997,3
2022-11-16,20.57,20.57,20.57,20.57,0
2022-11-17,20.76,20.4548,20.76,20.4548,152
2022-11-18,21.02,20.625,21.02,20.625,220
2022-11-21,20.69,20.7223,20.74,20.69,289
2022-11-22,20.87,21.0125,21.0125,20.87,101
2022-11-23,21.11,21.1358,21.1358,21.11,117
2022-11-25,21.0756,21.0756,21.0756,21.0756,66
2022-11-28,20.87,20.7997,20.87,20.7997,107
2022-11-29,20.6838,20.6838,20.6838,20.6838,6
2022-11-30,21.4717,21.4717,21.4717,21.4717,0
2022-12-01,21.5542,21.5542,21.5542,21.5542,0
2022-12-02,21.32,21.4919,21.4919,21.32,100
2022-12-05,21.1492,21.1492,21.1492,21.1492,3
2022-12-06,20.7223,20.7223,20.7223,20.7223,20
2022-12-07,20.6989,20.6989,20.6989,20.6989,0
2022-12-08,20.9148,20.9148,20.9148,20.9148,0
2022-12-09,20.87,20.7416,20.87,20.7416,130
2022-12-12,20.9993,20.9993,20.9993,20.9993,20
2022-12-13,21.2522,21.2522,21.2522,21.2522,1
2022-12-14,21.44,21.2098,21.44,21.2098,502
2022-12-15,20.5133,20.5133,20.5133,20.5133,0
2022-12-16,20.2981,20.2981,20.2981,20.2981,0
2022-12-19,19.94,19.94,19.94,19.94,2
2022-12-20,19.9956,19.9956,19.9956,19.9956,8
2022-12-21,20.2706,20.2706,20.2706,20.2706,2
2022-12-22,19.8951,19.8951,19.8951,19.8951,26
2022-12-23,19.9436,19.9436,19.9436,19.9436,6
2022-12-27,19.75,19.75,19.75,19.75,3
2022-12-28,19.5262,19.5262,19.5262,19.5262,0
2022-12-29,19.9457,19.9457,19.9457,19.9457,26
2022-12-30,19.9342,19.9342,19.9342,19.9342,0
2023-01-03,19.9825,19.9825,19.9825,19.9825,2
2023-01-04,20.1454,20.1454,20.1454,20.1454,1
2023-01-05,19.9302,19.9302,19.9302,19.9302,0
2023-01-06,20.3969,20.3969,20.3969,20.3969,0
2023-01-09,20.3865,20.3865,20.3865,20.3865,0
2023-01-10,20.5875,20.5875,20.5875,20.5875,65
2023-01-11,20.902,20.902,20.902,20.902,0
2023-01-12,20.955,20.955,20.955,20.955,0
2023-01-13,21.104,21.104,21.104,21.104,0
2023-01-17,21.1,21.0172,21.1,21.0172,115
2023-01-18,20.7386,20.7386,20.7386,20.7386,0
2023-01-19,20.57,20.6139,20.6139,20.57,100
2023-01-20,21.0511,21.0511,21.0511,21.0511,1
2023-01-23,21.4728,21.4728,21.4728,21.4728,0
2023-01-24,21.34,21.34,21.34,21.34,2
2023-01-25,21.3359,21.3359,21.3359,21.3359,0
2023-01-26,21.6108,21.6108,21.6108,21.6108,0
2023-01-27,21.7521,21.7521,21.7521,21.7521,0
2023-01-30,21.3318,21.3318,21.3318,21.3318,0
2023-01-31,21.687,21.687,21.687,21.687,17
2023-02-01,21.6,22.0481,22.0481,21.6,130
2023-02-02,22.67,22.8674,22.8674,22.67,103
2023-02-03,22.62,22.5225,22.62,22.5225,100
2023-02-06,22.25,22.291,22.291,22.25,100
2023-02-07,22.6591,22.6591,22.6591,22.6591,1
2023-02-08,22.2456,22.2456,22.2456,22.2456,0
2023-02-09,21.9816,21.9816,21.9816,21.9816,3
2023-02-10,21.9189,21.9189,21.9189,21.9189,15
2023-02-13,22.214,22.214,22.214,22.214,1
2023-02-14,22.3135,22.3135,22.3135,22.3135,0
2023-02-15,22.3872,22.3872,22.3872,22.3872,99
2023-02-16,22.0393,22.0393,22.0393,22.0393,1
2023-02-17,21.9298,21.9298,21.9298,21.9298,0
2023-02-21,21.445,21.445,21.445,21.445,0
2023-02-22,21.4275,21.4275,21.4275,21.4275,11
2023-02-23,21.5419,21.5419,21.5419,21.5419,0
2023-02-24,21.1906,21.1906,21.1906,21.1906,0
2023-02-27,21.2268,21.2268,21.2268,21.2268,0
2023-02-28,21.2706,21.2706,21.2706,21.2706,4
2023-03-01,21.1204,21.1204,21.1204,21.1204,0
2023-03-02,21.3297,21.3297,21.3297,21.3297,0
2023-03-03,21.7849,21.7849,21.7849,21.7849,0
2023-03-06,21.7772,21.7772,21.7772,21.7772,4
2023-03-07,21.503,21.503,21.503,21.503,0
2023-03-08,21.5622,21.5622,21.5622,21.5622,0
2023-03-09,21.209,21.209,21.209,21.209,1
2023-03-10,20.9315,20.9315,20.9315,20.9315,2
2023-03-13,21.0505,21.0505,21.0505,21.0505,7
2023-03-14,21.5001,21.5001,21.5001,21.5001,0
2023-03-15,21.54,21.54,21.54,21.54,2
2023-03-16,22.1057,22.1057,22.1057,22.1057,3
2023-03-17,21.8578,21.8578,21.8578,21.8578,6
2023-03-20,21.9618,21.9618,21.9618,21.9618,2
2023-03-21,22.238,22.238,22.238,22.238,0
2023-03-22,21.9684,21.9684,21.9684,21.9684,0
2023-03-23,22.1765,22.1765,22.1765,22.1765,10
2023-03-24,22.2293,22.2293,22.2293,22.2293,1
2023-03-27,22.1515,22.1515,22.1515,22.1515,0
2023-03-28,22.0503,22.0503,22.0503,22.0503,2
2023-03-29,22.4739,22.4739,22.4739,22.4739,0
2023-03-30,22.6688,22.6688,22.6688,22.6688,0
2023-03-31,22.85,22.9544,22.9544,22.8499,440
2023-04-03,23.0015,23.0015,23.0015,23.0015,1
2023-04-04,22.9382,22.9382,22.9382,22.9382,1
2023-04-05,22.8448,22.8448,22.8448,22.8448,0
2023-04-06,22.83,22.9881,22.9881,22.83,112
2023-04-10,22.9831,22.9831,22.9831,22.9831,4
2023-04-11,22.86,22.86,22.86,22.86,3
2023-04-12,22.7227,22.7227,22.7227,22.7227,0
2023-04-13,23.2,23.2,23.2,23.2,4
2023-04-14,23.05,23.05,23.05,23.05,4
2023-04-17,23.02,23.0663,23.0663,22.96,648
2023-04-18,23.0228,23.0228,23.0228,23.0228,47
2023-04-19,22.9356,22.9356,22.9356,22.9356,2
2023-04-20,22.7592,22.7592,22.7592,22.7592,6
2023-04-21,22.8271,22.8271,22.8271,22.8271,1
2023-04-24,22.7927,22.7927,22.7927,22.7927,1
2023-04-25,22.3838,22.3838,22.3838,22.3838,0
2023-04-26,22.3741,22.3741,22.3741,22.3741,0
2023-04-27,22.8838,22.8838,22.8838,22.8838,50
2023-04-28,23.0105,23.0105,23.0105,23.0105,0
2023-05-01,23.0431,23.0431,23.0431,23.0431,0
2023-05-02,22.8677,22.8677,22.8677,22.8677,0
2023-05-03,22.7569,22.7569,22.7569,22.7569,0
2023-05-04,22.6327,22.6327,22.6327,22.6327,0
2023-05-05,22.9754,22.9754,22.9754,22.9754,0
2023-05-08,23.0438,23.0438,23.0438,23.0438,1
2023-05-09,22.9325,22.9325,22.9325,22.9325,1
2023-05-10,23.1223,23.1223,23.1223,23.1223,0
2023-05-11,23.1544,23.1544,23.1544,23.1544,1
2023-05-12,23.0448,23.0448,23.0448,23.0448,0
2023-05-15,23.367,23.367,23.367,23.367,2
2023-05-16,23.1638,23.1638,23.1638,23.1638,0
2023-05-17,23.3981,23.3981,23.3981,23.3981,0
2023-05-18,23.7461,23.7461,23.7461,23.7461,0
2023-05-19,23.72,23.7525,23.7525,23.72,965
2023-05-22,23.8212,23.8212,23.8212,23.8212,0
2023-05-23,23.6158,23.6158,23.6158,23.6158,1
2023-05-24,23.4675,23.4675,23.4675,23.4675,9
2023-05-25,23.7291,23.7291,23.7291,23.7291,900
2023-05-26,24.2669,24.2669,24.2669,24.2669,0
2023-05-30,24.3489,24.3489,24.3489,24.3489,56
2023-05-31,24.3034,24.3034,24.3034,24.3034,100
2023-06-01,24.5024,24.5024,24.5024,24.5024,75
2023-06-02,24.7794,24.7794,24.7794,24.7794,10
2023-06-05,24.8784,24.7573,24.8784,24.7573,134
2023-06-06,24.8538,24.8538,24.8538,24.8538,0
2023-06-07,24.5456,24.5456,24.5456,24.5456,0
2023-06-08,24.7708,24.7708,24.7708,24.7708,2
2023-06-09,24.826,24.826,24.826,24.826,41
2023-06-12,25.2399,25.2399,25.2399,25.2399,0
2023-06-13,25.4366,25.4366,25.4366,25.4366,2
2023-06-14,25.5556,25.5556,25.5556,25.5556,26
2023-06-15,25.79,25.9309,25.9309,25.79,100
2023-06-16,25.8263,25.8263,25.8263,25.8263,2
2023-06-20,25.6875,25.6875,25.6875,25.6875,0
2023-06-21,25.3366,25.3366,25.3366,25.3366,4
2023-06-22,25.5606,25.5606,25.5606,25.5606,2
2023-06-23,25.3901,25.3901,25.3901,25.3901,1
2023-06-26,25.1175,25.1175,25.1175,25.1175,2
2023-06-27,25.4268,25.4268,25.4268,25.4268,0
2023-06-28,25.4438,25.4438,25.4438,25.4438,15
2023-06-29,25.448,25.448,25.448,25.448,21
2023-06-30,25.7187,25.7187,25.7187,25.7187,0
2023-07-03,25.7289,25.7289,25.7289,25.7289,0
2023-07-05,25.7465,25.7465,25.7465,25.7465,1
2023-07-06,25.4938,25.4938,25.4938,25.4938,44
2023-07-07,25.4084,25.4084,25.4084,25.4084,5
2023-07-10,25.4466,25.4466,25.4466,25.4466,30
2023-07-11,25.6549,25.6549,25.6549,25.6549,8
2023-07-12,25.8528,25.8528,25.8528,25.8528,0
2023-07-13,26.19,26.2348,26.2348,26.19,1506
2023-07-14,26.1527,26.1527,26.1527,26.1527,24
2023-07-17,26.2301,26.2301,26.2301,26.2301,1
2023-07-18,26.36,26.3889,26.3889,26.36,112
2023-07-19,26.435,26.435,26.435,26.435,103
2023-07-20,26.1113,26.1113,26.1113,26.1113,0
2023-07-21,26.1481,26.1481,26.1481,26.1481,30
2023-07-24,26.1497,26.1497,26.1497,26.1497,0
2023-07-25,26.2163,26.2163,26.2163,26.2163,105
2023-07-26,26.2616,26.2616,26.2616,26.2616,22
2023-07-27,26.2722,26.2722,26.2722,26.2722,0
2023-07-28,26.6791,26.6791,26.6791,26.6791,12
2023-07-31,26.6518,26.6518,26.6518,26.6518,1
2023-08-01,26.6061,26.6061,26.6061,26.6061,32
2023-08-02,26.1121,26.1121,26.1121,26.1121,4
2023-08-03,25.96,25.96,25.96,25.96,58
2023-08-04,25.9928,25.9928,25.9928,25.9928,1
2023-08-07,26.2625,26.2625,26.2625,26.2625,6
2023-08-08,26.1816,26.1816,26.1816,26.1816,56
2023-08-09,25.8842,25.8842,25.8842,25.8842,1
2023-08-10,25.8525,25.8525,25.8525,25.8525,30
2023-08-11,25.7862,25.7862,25.7862,25.7862,6
2023-08-14,26.0448,26.0448,26.0448,26.0448,12
2023-08-15,25.7791,25.7791,25.7791,25.7791,235
2023-08-16,25.4852,25.4852,25.4852,25.4852,33
2023-08-17,25.4,25.33,25.4,25.33,1611
2023-08-18,25.3,25.3,25.3,25.3,77
2023-08-21,25.5941,25.5941,25.5941,25.5941,47
2023-08-22,25.5283,25.5283,25.5283,25.5283,0
2023-08-23,25.8673,25.8673,25.8673,25.8673,6
2023-08-24,25.8,25.4073,25.81,25.4073,2520
2023-08-25,25.586,25.586,25.586,25.586,1
2023-08-28,25.7405,25.7405,25.7405,25.7405,0
2023-08-29,26.1,26.1631,26.1631,26.1,2671
2023-08-30,26.2608,26.2608,26.2608,26.2608,0
2023-08-31,26.3627,26.3627,26.3627,26.3627,0
2023-09-01,26.494,26.494,26.494,26.494,40
2023-09-05,26.466,26.466,26.466,26.466,0
2023-09-06,26.2431,26.2431,26.2431,26.2431,2
2023-09-07,26.1657,26.2023,26.2023,26.1657,150
2023-09-08,26.2669,26.2669,26.2669,26.2669,53
2023-09-11,26.5179,26.5179,26.5179,26.5179,4
2023-09-12,26.34,26.34,26.34,26.2672,246
2023-09-13,26.3762,26.3762,26.3762,26.3762,0
2023-09-14,26.5288,26.5288,26.5288,26.5288,1
2023-09-15,26.18,26.1485,26.18,26.1485,243
2023-09-18,26.22,26.121,26.22,26.121,2029
2023-09-19,26.0662,26.0662,26.0662,26.0662,16
2023-09-20,26.0499,25.7139,26.0499,25.7139,250
2023-09-21,25.393,25.2539,25.393,25.2539,111
2023-09-22,25.2313,25.2313,25.2313,25.2313,375
2023-09-25,25.3532,25.3532,25.3532,25.3532,2
2023-09-26,24.9928,24.9928,24.9928,24.9928,14
2023-09-27,25.0285,25.0285,25.0285,25.0285,105
2023-09-28,25.2,25.2142,25.2142,25.2,140
2023-09-29,25.1286,25.1286,25.1286,25.1286,1
2023-10-02,25.25,25.25,25.25,25.25,327
2023-10-03,24.8677,24.8677,24.8677,24.8677,2
2023-10-04,24.97,25.139,25.139,24.97,215
2023-10-05,25.1094,25.1094,25.1094,25.1094,0
2023-10-06,25.4805,25.4805,25.4805,25.4805,7
2023-10-09,25.58,25.58,25.58,25.58,120
2023-10-10,25.7066,25.7066,25.7066,25.7066,34
2023-10-11,25.885,25.885,25.885,25.885,31
2023-10-12,25.7733,25.7733,25.7733,25.7733,74
2023-10-13,25.4403,25.4403,25.4403,25.4403,10
2023-10-16,25.7572,25.7572,25.7572,25.7572,58
2023-10-17,25.8,25.6757,25.8,25.6757,101
2023-10-18,25.2943,25.2943,25.2943,25.2943,0
2023-10-19,25.21,25.1122,25.21,25.1122,1130
2023-10-20,24.814,24.814,24.814,24.814,2
2023-10-23,24.811,24.811,24.811,24.811,52
2023-10-24,25.0334,25.0334,25.0334,25.0334,55
2023-10-25,24.37,24.37,24.37,24.37,2
2023-10-26,24.0253,24.0253,24.0253,24.0253,7
2023-10-27,24.0075,24.0075,24.0075,24.0075,82
2023-10-30,24.3247,24.3247,24.3247,24.3247,16
2023-10-31,24.46,24.46,24.46,24.46,9
2023-11-01,24.83,24.83,24.83,24.83,49
2023-11-02,25.1754,25.1754,25.1754,25.1754,0
2023-11-03,25.5058,25.5058,25.5058,25.5058,20
2023-11-06,25.5729,25.5729,25.5729,25.5729,42
2023-11-07,25.7491,25.7491,25.7491,25.7491,10
2023-11-08,25.7544,25.7544,25.7544,25.7544,1
2023-11-09,25.4489,25.4489,25.4489,25.4489,0
2023-11-10,25.8809,25.8809,25.8809,25.8809,13
2023-11-13,25.8413,25.8413,25.8413,25.8413,1
2023-11-14,26.2953,26.2953,26.2953,26.2953,77
2023-11-15,26.3485,26.3485,26.3485,26.3485,1
2023-11-16,26.4057,26.4057,26.4057,26.4057,2
2023-11-17,26.47,26.4562,26.48,26.4562,3688
2023-11-20,26.7071,26.7071,26.7071,26.7071,240
2023-11-21,26.5339,26.5339,26.5339,26.5339,98
2023-11-22,26.6942,26.6942,26.6942,26.6942,10
2023-11-24,26.68,26.6796,26.68,26.6796,222
2023-11-27,26.6999,26.6397,26.6999,26.6397,973
2023-11-28,26.7125,26.7125,26.7125,26.7125,0
2023-11-29,26.85,26.8052,26.85,26.8052,231
2023-11-30,26.844,26.844,26.844,26.844,0
2023-12-01,26.9368,26.9315,26.9368,26.9315,144
2023-12-04,26.68,26.7438,26.7438,26.68,2059
2023-12-05,26.8,26.7786,26.8,26.7786,188
2023-12-06,26.6387,26.6387,26.6387,26.6387,57
2023-12-07,27.02,27.0104,27.02,27.0104,178
2023-12-08,27.1497,27.1497,27.1497,27.1497,1178
2023-12-11,27.28,27.2752,27.28,27.27,1039
2023-12-12,27.4,27.4406,27.4406,27.4,2450
2023-12-13,27.64,27.6709,27.6709,27.64,2305
2023-12-14,27.71,27.7616,27.7616,27.71,241
2023-12-15,27.88,27.8255,27.88,27.8,549
2023-12-18,27.99,27.9467,27.99,27.9467,207
2023-12-19,28.1542,28.1542,28.1542,28.1542,16
2023-12-20,28.2,27.8421,28.2,27.8421,962
2023-12-21,28.21,28.16,28.21,28.16,269
2023-12-22,28.2534,28.2534,28.2534,28.2534,98
2023-12-26,28.39,28.4095,28.4095,28.39,566
2023-12-27,28.4501,28.4497,28.4501,28.4001,762
2023-12-28,28.4851,28.4851,28.4851,28.4851,2
2023-12-29,28.38,28.3386,28.38,28.3386,168
2024-01-02,28.45,28.1572,28.45,28.0401,472
2024-01-03,28.02,27.9391,28.02,27.9391,155
2024-01-04,28.0017,27.8341,28.0017,27.8341,258
2024-01-05,27.82,27.9081,27.9081,27.82,979
2024-01-08,28.3,28.39,28.39,28.2999,426
2024-01-09,28.4382,28.4382,28.4382,28.4382,7
2024-01-10,28.6009,28.6009,28.6009,28.6009,29
2024-01-11,28.6342,28.6342,28.6342,28.6342,5
2024-01-12,28.95,28.6639,28.95,28.6144,2878
2024-01-16,28.4,28.5354,28.5354,28.4,9905
2024-01-17,28.4028,28.4028,28.4028,28.4028,98
2024-01-18,28.71,28.71,28.71,28.71,12
2024-01-19,28.91,29.163,29.163,28.91,1103
2024-01-22,29.3,29.1852,29.3,29.1852,12303
2024-01-23,29.2102,29.3233,29.3233,29.2102,204
2024-01-24,29.54,29.3738,29.54,29.3738,462
2024-01-25,29.505,29.5703,29.67,29.49,2441
2024-01-26,29.4103,29.4201,29.43,29.4103,368
2024-01-29,29.58,29.6854,29.6854,29.58,637
2024-01-30,29.5416,29.5416,29.5416,29.5416,0
2024-01-31,28.9994,28.9994,28.9994,28.9994,2
2024-02-01,29.1797,29.3527,29.3527,29.1797,191
2024-02-02,29.973,29.973,29.973,29.973,2
2024-02-05,29.83,29.8721,29.8721,29.8299,1704
2024-02-06,29.9299,29.915,29.9299,29.915,314
2024-02-07,30.16,30.1914,30.23,30.1454,580
2024-02-08,30.1731,30.1731,30.1731,30.1731,62
2024-02-09,30.3896,30.3891,30.3896,30.3891,683
2024-02-12,30.35,30.3409,30.35,30.3409,330
2024-02-13,29.8538,29.8538,29.8538,29.8538,39
2024-02-14,30.2192,30.2192,30.2192,30.2192,170
2024-02-15,30.34,30.297,30.34,30.26,1129
2024-02-16,30.2399,30.0497,30.2399,30.0497,331
2024-02-20,29.99,29.836,29.99,29.836,247
2024-02-21,29.75,29.8212,29.8212,29.66,2331
2024-02-22,30.3098,30.4925,30.51,30.3098,682
2024-02-23,30.5524,30.5524,30.5524,30.5524,24
2024-02-26,30.83,30.3671,30.83,30.3671,431
2024-02-27,30.3801,30.4313,30.4313,30.3801,540
2024-02-28,30.34,30.3025,30.35,30.3025,1433
2024-02-29,30.46,30.5349,30.5349,30.43,3363
2024-03-01,30.67,30.8939,30.8939,30.67,427
2024-03-04,30.8115,30.7904,30.9,30.7904,1455
2024-03-05,30.3483,30.3483,30.3483,30.3483,9
2024-03-06,30.61,30.5494,30.69,30.54,1735
2024-03-07,30.9553,30.9458,30.9553,30.9458,1146
2024-03-08,31.0,30.72,31.15,30.72,1680
2024-03-11,30.59,30.6193,30.6193,30.59,223
2024-03-12,31.027,31.027,31.027,31.027,71
2024-03-13,31.0,30.8759,31.0,30.8759,2421
2024-03-14,30.7877,30.7877,30.7877,30.7877,105
2024-03-15,30.5213,30.5213,30.5213,30.5213,24
2024-03-18,30.9,30.8,30.9,30.8,107
2024-03-19,30.78,30.8599,30.8599,30.78,4335
2024-03-20,31.21,31.21,31.21,31.21,89
2024-03-21,31.44,31.2813,31.44,31.2813,213
2024-03-22,31.35,31.42,31.42,31.35,205
2024-03-25,31.3,31.29,31.3,31.29,832
2024-03-26,31.39,31.205,31.41,31.205,1648
2024-03-27,31.53,31.53,31.53,31.53,49
2024-03-28,31.5014,31.45,31.5014,31.45,233
2024-04-01,31.08,31.45,31.45,31.08,229
2024-04-02,31.23,31.2765,31.2765,31.23,384
2024-04-03,31.26,31.27,31.27,31.241,936
2024-04-04,31.54,30.8161,31.54,30.8161,5032
2024-04-05,31.002,31.14,31.16,31.002,1309
2024-04-08,31.17,31.1352,31.17,31.1352,157
2024-04-09,31.23,31.2741,31.2741,31.23,108
2024-04-10,30.96,31.0337,31.0337,30.93,482
2024-04-11,31.09,31.3318,31.3318,31.09,200
2024-04-12,30.7935,30.7935,30.7935,30.7935,447
2024-04-15,31.33,30.3829,31.33,30.3829,305
2024-04-16,30.3226,30.3226,30.3226,30.3226,100
2024-04-17,30.1,30.1,30.1,30.1,88
2024-04-18,29.94,29.9357,29.94,29.9357,328
2024-04-19,29.79,29.5429,29.79,29.46,1560
2024-04-22,29.7962,29.7962,29.7962,29.7962,33
2024-04-23,30.2053,30.2053,30.2053,30.2053,80
2024-04-24,30.2,30.2303,30.2303,30.2,312
2024-04-25,29.82,29.82,29.82,29.82,13
2024-04-26,30.28,30.2892,30.31,30.27,4432
2024-04-29,30.25,30.27,30.27,30.25,353
2024-04-30,29.7905,29.7905,29.7905,29.7905,47
2024-05-01,29.8809,29.8809,29.8809,29.8809,57
2024-05-02,30.42,30.2344,30.42,30.2344,336
2024-05-03,30.61,30.61,30.61,30.61,540
2024-05-06,30.82,30.917,30.917,30.82,4443
2024-05-07,30.64,30.96,31.0,30.64,2360
2024-05-08,30.81,30.9169,30.9169,30.81,347
2024-05-09,30.95,30.9823,30.9823,30.95,813
2024-05-10,30.9386,30.9386,30.9386,30.9386,1
2024-05-13,31.0202,31.0202,31.0202,31.0202,1
2024-05-14,31.2383,31.2383,31.2383,31.2383,2
2024-05-15,31.6168,31.6168,31.6168,31.6168,82
2024-05-16,31.65,31.5767,31.65,31.5767,384
2024-05-17,31.574,31.574,31.574,31.574,91
2024-05-20,31.6687,31.6687,31.6687,31.6687,64
2024-05-21,31.6986,31.6986,31.6986,31.6986,67
2024-05-22,31.7214,31.7214,31.7214,31.7214,106
2024-05-23,31.4057,31.4057,31.4057,31.4057,7
2024-05-24,31.58,31.58,31.58,31.58,139
2024-05-28,31.41,31.4795,31.4795,31.41,337
2024-05-29,31.34,31.2834,31.34,31.2834,509
2024-05-30,30.9901,30.9901,30.9901,30.9901,14
2024-05-31,31.08,31.08,31.08,31.08,79
2024-06-03,31.31,31.31,31.31,31.31,60
2024-06-04,31.3745,31.3745,31.3745,31.3745,4
2024-06-05,31.8303,31.8303,31.8303,31.8303,344
2024-06-06,32.0,31.9177,32.0,31.9177,905
2024-06-07,31.9272,31.9272,31.9272,31.9272,106
2024-06-10,31.65,32.02,32.02,31.65,472
2024-06-11,32.2484,32.2484,32.2484,32.2484,4
2024-06-12,32.6,32.5778,32.6,32.5778,1234
2024-06-13,32.4683,32.4683,32.4683,32.4683,65
2024-06-14,32.4341,32.4341,32.4341,32.4341,6
2024-06-17,32.69,32.6814,32.69,32.6814,1540
2024-06-18,32.6517,32.6517,32.6517,32.6517,2
2024-06-20,32.659,32.659,32.659,32.659,12
2024-06-21,32.7155,32.7155,32.7155,32.7155,5
2024-06-24,32.6458,32.6458,32.6458,32.6458,0
2024-06-25,32.8559,32.8559,32.8559,32.8559,3
2024-06-26,32.82,32.9463,32.9463,32.82,253
2024-06-27,33.0171,33.0171,33.0171,33.0171,27
2024-06-28,32.7565,32.7565,32.7565,32.7565,50
2024-07-01,32.9739,32.9739,32.9739,32.9739,24
2024-07-02,33.1858,33.1858,33.1858,33.1858,6
2024-07-03,33.2123,33.2123,33.2123,33.2123,53
2024-07-05,33.6403,33.6403,33.6403,33.6403,10
2024-07-08,33.6869,33.6869,33.6869,33.6869,7
2024-07-09,33.73,33.73,33.73,33.73,53
2024-07-10,34.0484,34.0484,34.0484,34.0484,50
2024-07-11,33.6584,33.6584,33.6584,33.6584,40
2024-07-12,33.94,33.7925,33.94,33.7925,654
2024-07-15,33.8163,33.8163,33.8163,33.8163,37
2024-07-16,33.903,33.903,33.903,33.903,45
2024-07-17,33.3272,33.3272,33.3272,33.3272,4
2024-07-18,32.9698,32.9698,32.9698,32.9698,4
2024-07-19,32.7523,32.7523,32.7523,32.7523,43
2024-07-22,33.11,33.1405,33.1405,33.11,379
2024-07-23,33.092,33.092,33.092,33.092,34
2024-07-24,32.2831,32.2831,32.2831,32.2831,31
2024-07-25,32.49,31.94,32.49,31.94,333
2024-07-26,32.31,32.31,32.31,32.31,27
2024-07-29,32.3416,32.3416,32.3416,32.3416,9
2024-07-30,32.0269,32.0269,32.0269,32.0269,2
2024-07-31,32.3582,32.39,32.39,32.3582,1042
2024-08-01,32.144,31.9752,32.144,31.9752,269
2024-08-02,31.0245,30.9594,31.0245,30.77,3156
2024-08-05,30.2,30.0005,30.2,30.0005,249
2024-08-06,30.1864,30.1864,30.1864,30.1864,5
2024-08-07,29.9702,29.9702,29.9702,29.9702,4
2024-08-08,30.8025,30.8025,30.8025,30.8025,6
2024-08-09,31.0082,31.0082,31.0082,31.0082,5
2024-08-12,30.8699,30.8699,30.8699,30.8699,44
