2011-05-23,52.66,52.28,53.0,52.24,34462
2011-05-24,52.59,51.83,52.6,51.75,40585
2011-05-25,51.68,52.22,52.39,51.41,73856
2011-05-26,52.02,52.62,52.77,51.79,36936
2011-05-27,52.72,52.8,53.15,52.65,44981
2011-05-31,53.67,53.95,54.06,53.1,154355
2011-06-01,53.6,53.08,54.3784,52.91,70165
2011-06-02,52.97,52.92,53.44,52.51,28049
2011-06-03,52.23,52.25,52.44,51.81,48636
2011-06-06,52.22,52.15,52.68,51.75,44109
2011-06-07,52.53,52.31,52.84,52.08,26216
2011-06-08,52.07,52.43,52.75,51.61,33728
2011-06-09,52.75,52.22,52.75,52.14,33186
2011-06-10,51.82,51.61,51.92,51.43,52007
2011-06-13,51.67,51.62,51.9,51.1,53858
2011-06-14,51.87,51.96,52.25,51.62,42628
2011-06-15,51.47,51.31,52.19,51.09,45328
2011-06-16,51.48,51.82,52.18,51.22,39474
2011-06-17,52.09,51.87,52.39,51.44,98047
2011-06-20,51.65,52.42,52.52,51.56,24939
2011-06-21,52.68,52.61,52.85,52.22,43231
2011-06-22,52.58,51.91,52.84,51.85,34453
2011-06-23,51.41,51.83,51.89,50.94,68984
2011-06-24,51.83,52.11,52.64,51.83,139584
2011-06-27,52.17,52.69,52.81,52.17,37254
2011-06-28,52.79,53.03,53.03,52.58,28953
2011-06-29,53.17,52.97,53.21,52.69,21187
2011-06-30,53.04,53.26,53.4,52.86,38359
2011-07-01,53.35,54.01,54.12,53.33,41205
2011-07-05,54.05,54.04,54.44,53.97,29275
2011-07-06,54.09,54.35,54.8,54.07,41165
2011-07-07,54.0,54.11,54.36,53.62,31387
2011-07-08,53.55,53.63,54.03,53.44,26497
2011-07-11,53.11,53.07,53.43,53.02,21013
2011-07-12,53.0,53.46,53.87,52.5625,23765
2011-07-13,53.61,53.78,54.28,53.34,35799
2011-07-14,53.79,53.4,54.23,53.37,34970
2011-07-15,53.38,53.5,53.82,53.27,38912
2011-07-18,53.34,52.75,53.393,52.74,13865
2011-07-19,52.97,53.56,53.6,52.6483,34839
2011-07-20,53.64,53.48,53.71,53.16,19698
2011-07-21,53.81,54.28,54.34,53.73,26891
2011-07-22,54.38,53.79,54.38,53.46,21092
2011-07-25,53.31,53.5,54.02,53.31,35338
2011-07-26,53.43,52.97,53.5,52.91,27706
2011-07-27,52.93,52.09,52.98,52.01,54433
2011-07-28,52.25,51.41,52.3,51.27,39530
2011-07-29,50.92,51.07,51.55,50.3229,60929
2011-08-01,51.83,53.99,54.6,51.29,126398
2011-08-02,53.97,53.54,54.29,53.42,58196
2011-08-03,53.65,53.74,54.18,53.03,49713
2011-08-04,53.24,52.22,54.07,52.07,67517
2011-08-05,53.79,52.12,53.81,51.08,63793
2011-08-08,50.17,49.71,52.28,49.19,138423
2011-08-09,50.06,52.34,52.58,48.0,137379
2011-08-10,51.21,50.48,52.23,50.3,98203
2011-08-11,50.97,53.25,54.0,50.54,93678
2011-08-12,53.62,52.68,54.44,52.27,50193
2011-08-15,52.92,54.83,54.9,52.34,53423
2011-08-16,54.29,54.15,54.9,53.38,47492
2011-08-17,54.48,54.7,55.23,54.23,39613
2011-08-18,53.49,52.92,54.2,52.49,69880
2011-08-19,51.94,52.21,53.45,51.94,51056
2011-08-22,53.31,53.1,53.615,52.18,64564
2011-08-23,53.45,54.66,54.67,52.96,59414
2011-08-24,54.52,55.9,56.03,54.41,44942
2011-08-25,56.21,54.67,56.21,54.47,33375
2011-08-26,54.35,55.72,56.01,53.85,60856
2011-08-29,56.24,57.06,57.12,55.84,73793
2011-08-30,56.83,56.66,56.89,56.11,46559
2011-08-31,56.66,56.19,56.75,55.95,86450
2011-09-01,56.19,55.34,56.63,55.08,88631
2011-09-02,54.42,54.15,55.08,54.1,99383
2011-09-06,52.89,54.03,54.15,51.93,78183
2011-09-07,54.61,54.68,54.74,53.95,73529
2011-09-08,54.28,54.06,54.85,53.89,66739
2011-09-09,53.6,52.79,53.6,52.05,56336
2011-09-12,52.18,52.97,52.98,52.18,121988
2011-09-13,53.07,53.14,53.51,52.62,64905
2011-09-14,53.45,53.63,53.98,52.665,72242
2011-09-15,53.93,53.81,54.12,53.19,36256
2011-09-16,54.14,53.66,54.82,53.55,85365
2011-09-19,53.03,53.59,53.92,53.03,34103
2011-09-20,53.56,52.98,54.73,52.91,51112
2011-09-21,52.82,51.53,53.45,51.34,56484
2011-09-22,50.19,51.16,51.6,50.19,93955
2011-09-23,51.22,52.15,52.37,51.22,63126
2011-09-26,52.44,52.96,52.98,52.15,51820
2011-09-27,53.99,53.54,54.61,53.31,80756
2011-09-28,53.6,52.14,54.09,52.0,65606
2011-09-29,53.185,53.13,53.67,52.38,42595
2011-09-30,52.49,52.17,53.52,52.11,65374
2011-10-03,51.95,51.11,53.05,50.9426,90179
2011-10-04,50.87,52.83,52.95,50.55,97783
2011-10-05,52.94,52.83,52.94,52.17,40624
2011-10-06,52.02,52.47,52.6,51.2,52194
2011-10-07,52.42,51.54,52.45,51.48,61794
2011-10-10,51.94,52.9,52.91,51.94,66718
2011-10-11,52.64,52.21,52.65,51.9,34404
2011-10-12,52.65,52.68,53.017,52.26,47831
2011-10-13,52.41,52.83,52.98,52.12,19912
2011-10-14,53.1,53.31,53.402,52.78,44332
2011-10-17,53.13,52.43,53.31,52.35,47599
2011-10-18,52.48,53.09,53.42,52.25,72058
2011-10-19,52.96,52.7,53.88,52.51,37323
2011-10-20,52.83,53.08,53.47,52.3,28138
2011-10-21,53.77,53.6,53.86,52.96,47239
2011-10-24,53.58,53.97,53.99,53.36,46643
2011-10-25,53.79,52.87,53.82,52.78,62076
2011-10-26,53.4,53.23,53.57,52.8,34306
2011-10-27,54.82,55.66,56.16,54.51,114624
2011-10-28,55.48,55.37,56.04,55.2,60634
2011-10-31,54.57,55.21,56.23,54.57,60720
2011-11-01,54.03,54.58,55.47,53.7,99687
2011-11-02,55.33,55.78,56.11,55.33,45870
2011-11-03,56.27,56.59,56.67,55.72,38656
2011-11-04,56.12,55.66,56.44,55.22,31770
2011-11-07,55.66,55.61,56.0,54.74,25662
2011-11-08,55.87,56.16,56.31,54.8,35278
2011-11-09,55.13,54.58,55.6899,54.51,47737
2011-11-10,55.34,55.33,55.38,54.7,32730
2011-11-11,55.67,56.18,56.2393,55.481,33974
2011-11-14,56.17,54.88,56.17,54.76,41800
2011-11-15,54.69,55.6,55.81,54.64,38859
2011-11-16,55.29,54.59,55.8658,54.57,63587
2011-11-17,54.74,54.78,55.49,54.51,38606
2011-11-18,54.66,55.17,55.35,54.51,26778
2011-11-21,54.51,54.01,54.79,53.56,51847
2011-11-22,54.07,53.51,54.33,53.44,30740
2011-11-23,53.33,52.61,53.33,52.28,36521
2011-11-25,52.43,52.38,53.02,52.17,23086
2011-11-28,53.86,53.71,54.04,53.21,64606
2011-11-29,53.93,54.16,54.56,53.65,48543
2011-11-30,56.18,56.35,56.53,55.59,114841
2011-12-01,56.29,55.76,56.89,55.62,54471
2011-12-02,56.15,55.74,56.41,55.19,37355
2011-12-05,56.31,56.24,56.63,55.47,40420
2011-12-06,56.3,56.62,57.0,56.0,37698
2011-12-07,56.32,56.56,56.76,55.66,49308
2011-12-08,56.07,55.19,56.19,55.1,63938
2011-12-09,55.54,56.92,57.0,54.83,54190
2011-12-12,56.44,56.21,56.52,55.67,45753
2011-12-13,56.21,55.95,56.93,55.73,45125
2011-12-14,55.55,55.42,56.18,55.031,52417
2011-12-15,56.0,56.73,56.9,55.65,34146
2011-12-16,57.0,56.54,57.21,55.981,195008
2011-12-19,56.71,56.15,57.31,56.03,37168
2011-12-20,57.05,57.81,57.93,56.8,47101
2011-12-21,57.62,58.54,58.67,57.62,16609
2011-12-22,58.69,58.09,58.98,57.93,54591
2011-12-23,58.45,58.72,58.92,58.09,41894
2011-12-27,58.6,59.18,59.38,58.5,25015
2011-12-28,59.29,58.93,59.45,58.75,30935
2011-12-29,59.2999,59.37,59.67,59.2,19758
2011-12-30,59.48,58.38,59.52,58.35,53134
2012-01-03,59.74,58.11,59.74,57.86,75464
2012-01-04,57.85,57.87,58.27,57.7,82682
2012-01-05,57.78,57.89,58.059,57.2,68306
2012-01-06,56.94,56.47,57.14,56.45,80104
2012-01-09,56.5,56.15,57.01,54.76,274035
2012-01-10,56.59,56.1,56.59,55.73,77259
2012-01-11,55.82,56.35,56.51,55.67,86290
2012-01-12,56.58,56.73,56.78,56.19,52181
2012-01-13,56.1,56.12,56.27,55.51,66324
2012-01-17,56.44,56.27,56.63,55.98,58004
2012-01-18,56.15,56.25,56.29,55.63,51314
2012-01-19,56.32,55.52,56.32,55.41,40746
2012-01-20,55.61,56.3,56.38,55.61,73357
2012-01-23,56.15,56.16,56.48,55.72,19451
2012-01-24,55.78,56.16,56.25,55.65,45621
2012-01-25,55.68,56.6,56.68,55.6078,52106
2012-01-26,56.73,57.01,57.126,56.26,42735
2012-01-27,56.78,56.88,57.18,56.6,32605
2012-01-30,56.65,56.32,56.676,56.25,40419
2012-01-31,56.51,56.88,56.94,56.21,46662
2012-02-01,57.25,57.75,57.9,56.91,96020
2012-02-02,57.79,57.8,58.09,57.63,32858
2012-02-03,58.44,58.47,58.83,58.12,68992
2012-02-06,58.4,58.15,58.41,57.95,23968
2012-02-07,57.94,58.54,58.97,57.89,22730
2012-02-08,58.77,58.66,58.82,58.368,33735
2012-02-09,58.69,58.16,58.69,58.11,18894
2012-02-10,57.83,57.61,58.05,57.4584,29427
2012-02-13,58.13,57.91,58.18,57.68,38558
2012-02-14,57.75,57.81,57.87,57.17,42373
2012-02-15,57.88,57.6,57.92,57.1,49893
2012-02-16,57.89,58.81,58.98,56.78,30058
2012-02-17,59.02,58.77,59.39,58.65,33852
2012-02-21,64.57,66.22,66.6,64.35,1755266
2012-02-22,65.8,66.3,66.45,65.65,332676
2012-02-23,66.14,66.66,66.73,66.06,288947
2012-02-24,66.65,66.48,66.98,66.41,183722
2012-02-27,66.3,66.53,66.96,66.3,137032
2012-02-28,66.53,66.52,66.72,66.33,92698
2012-02-29,66.51,66.67,66.74,66.51,128451
2012-03-01,66.75,66.92,66.95,66.521,122828
2012-03-02,66.67,66.62,66.82,66.32,122823
2012-03-05,66.33,66.6,66.72,66.3,101602
2012-03-06,66.33,66.8,66.89,66.31,96747
2012-03-07,66.87,66.95,66.96,66.63,56745
2012-03-08,67.03,66.94,67.03,66.7119,48806
2012-03-09,66.74,66.95,67.24,66.45,69568
2012-03-12,66.97,67.15,67.48,66.9,69098
2012-03-13,67.33,67.1,67.33,66.87,113978
2012-03-14,66.87,66.75,67.05,66.45,59552
2012-03-15,66.98,67.03,67.1,66.275,57176
2012-03-16,66.79,66.44,66.8,66.31,100119
2012-03-19,66.53,66.4,66.97,66.39,52086
2012-03-20,66.31,66.67,66.95,66.17,73923
2012-03-21,66.81,66.48,66.9,66.39,33208
2012-03-22,66.16,66.66,66.66,66.16,62753
2012-03-23,66.41,66.75,66.75,66.0,31744
2012-03-26,66.99,67.36,67.36,66.82,81453
2012-03-27,67.09,67.0,67.28,66.87,48736
2012-03-28,66.92,66.75,67.0,66.215,46931
2012-03-29,66.45,66.97,67.0,66.35,25834
2012-03-30,66.76,66.73,66.97,66.5,68312
2012-04-02,66.65,67.24,67.24,66.5,62591
2012-04-03,67.01,66.86,67.18,66.65,102254
2012-04-04,66.53,66.52,66.78,66.52,99646
2012-04-05,65.97,66.19,66.23,65.87,98406
2012-04-09,65.38,65.7,66.14,65.38,75572
2012-04-10,65.71,65.59,66.11,65.56,108087
2012-04-11,66.06,65.9,66.43,65.61,62677
2012-04-12,65.7,65.63,66.19,65.55,76208
2012-04-13,65.55,65.42,65.94,65.34,53970
2012-04-16,65.55,66.03,66.2299,65.52,46601
2012-04-17,66.0,66.02,66.2896,65.75,50940
2012-04-18,65.57,65.63,65.936,65.5147,59177
2012-04-19,65.62,65.61,65.85,65.489,73378
2012-04-20,65.98,66.05,66.18,65.7,55848
2012-04-23,65.29,65.7,66.005,65.29,50532
2012-04-24,65.6,66.1,66.1,65.6,49398
2012-04-25,66.23,66.01,66.23,65.84,28957
2012-04-26,65.87,65.67,65.87,65.53,24084
2012-04-27,65.69,65.98,66.0,65.65,49208
2012-04-30,65.99,65.62,65.99,65.311,45103
2012-05-01,65.6,65.47,65.91,65.47,90187
2012-05-02,65.55,65.55,65.664,65.32,73482
2012-05-03,65.55,65.37,65.97,65.29,77704
2012-05-04,65.31,65.42,65.69,65.1,72686
2012-05-07,65.46,65.66,65.68,65.15,45886
2012-05-08,65.35,65.39,65.77,65.16,48072
2012-05-09,64.85,65.24,65.49,64.8,49954
2012-05-10,65.55,65.5,65.81,65.27,31176
2012-05-11,65.31,65.64,65.79,65.18,46687
2012-05-14,65.2,65.36,65.6,65.14,59669
2012-05-15,65.33,65.78,65.9,65.33,39573
2012-05-16,65.72,65.58,65.8,65.55,19814
2012-05-17,65.49,65.42,65.79,65.2915,45982
2012-05-18,65.25,65.52,65.75,65.24,66474
2012-05-21,65.42,65.75,65.75,65.01,58164
2012-05-22,65.59,65.65,65.87,65.37,51563
2012-05-23,65.35,65.55,65.67,65.07,46305
2012-05-24,65.45,66.0,66.0,65.41,34792
2012-05-25,65.75,65.56,65.92,65.32,43218
2012-05-29,65.72,65.61,65.79,65.43,30195
2012-05-30,65.38,65.55,65.77,65.38,29178
2012-05-31,65.69,65.63,65.9,65.48,65160
2012-06-01,65.22,65.49,65.7216,65.2,47176
2012-06-04,65.55,65.75,65.92,65.44,46513
2012-06-05,65.52,65.73,65.94,65.35,31129
2012-06-06,65.97,65.4,65.97,65.24,108009
2012-06-07,65.47,65.26,65.7,65.24,90876
2012-06-08,65.12,65.3,65.35,65.12,36911
2012-06-11,65.67,65.19,65.67,65.18,103787
2012-06-12,65.2,65.7,65.7,65.18,61781
2012-06-13,65.47,65.48,65.64,65.18,41918
2012-06-14,65.31,65.52,65.69,65.23,21237
2012-06-15,65.46,65.14,65.83,65.1,88977
2012-06-18,65.2,65.1,65.43,65.03,42859
2012-06-19,65.28,64.93,65.3,64.0,505024
2012-06-20,64.55,65.14,65.1664,64.55,53089
2012-06-21,65.0,65.0,65.38,65.0,47608
2012-06-22,65.1,65.14,65.27,64.95,56846
2012-06-25,64.95,65.04,65.26,64.95,18955
2012-06-26,65.2,64.95,65.31,64.95,21491
2012-06-27,65.13,65.5,65.51,65.07,27264
2012-06-28,65.13,65.41,65.41,65.0,33082
2012-06-29,65.68,65.69,65.75,65.4,33812
2012-07-02,65.37,65.7,65.74,65.37,36609
2012-07-03,65.47,65.72,65.72,65.43,18327
2012-07-05,65.45,65.57,65.65,65.34,11412
2012-07-06,65.06,65.22,65.49,64.99,21782
2012-07-09,65.06,64.98,65.12,64.97,45815
2012-07-10,65.04,65.21,65.21,64.97,30562
2012-07-11,65.21,65.08,65.3,64.96,26709
2012-07-12,64.86,65.14,65.42,64.86,28226
2012-07-13,65.11,65.69,65.7,65.11,48793
2012-07-16,65.27,65.22,65.506,65.12,24486
2012-07-17,65.27,65.06,65.44,65.0,30935
2012-07-18,65.08,65.22,65.5,65.07,23895
2012-07-19,65.29,65.0,65.3,64.94,55784
2012-07-20,65.0,65.0,65.115,65.0,45851
2012-07-23,64.97,64.95,65.12,64.9,47323
2012-07-24,65.02,64.96,65.12,64.72,39628
2012-07-25,65.0,65.0,65.04,65.0,65211
2012-07-26,65.21,65.01,65.3,64.95,41263
2012-07-27,65.23,65.16,65.36,65.0,45620
2012-07-30,65.39,65.04,65.39,65.0,30233
2012-07-31,65.25,65.03,65.29,65.0,34856
2012-08-01,65.2,64.82,65.46,64.82,65537
2012-08-02,64.96,65.15,65.3,64.82,62920
2012-08-03,65.22,65.25,65.29,65.01,46841
2012-08-06,65.04,65.21,65.24,65.03,20498
2012-08-07,65.22,65.19,65.23,65.03,33660
2012-08-08,65.07,65.19,65.23,65.06,23937
2012-08-09,65.13,65.04,65.17,65.0225,14439
2012-08-10,65.11,65.1,65.16,65.07,15677
2012-08-13,65.08,65.01,65.22,65.0,21830
2012-08-14,65.19,65.06,65.24,65.0,44646
2012-08-15,65.04,65.2,65.2,65.01,26998
2012-08-16,65.18,65.24,65.25,65.03,20639
2012-08-17,65.07,65.28,65.28,65.0,21907
2012-08-20,65.1,65.29,65.29,65.05,15363
2012-08-21,65.17,65.26,65.28,65.11,24902
2012-08-22,65.14,65.11,65.21,65.08,10336
2012-08-23,65.16,65.11,65.1894,65.04,25187
2012-08-24,65.07,65.16,65.22,65.07,15685
2012-08-27,65.17,65.14,65.27,65.07,17469
2012-08-28,65.2,65.16,65.2,65.1143,25975
2012-08-29,65.11,65.2,65.21,65.1,20801
2012-08-30,65.13,65.16,65.2,65.13,13698
2012-08-31,65.2,65.16,65.2,65.12,27379
2012-09-04,65.08,65.24,65.24,65.08,32329
2012-09-05,65.24,65.18,65.24,65.15,32608
2012-09-06,65.16,65.22,65.27,65.16,39125
2012-09-07,65.21,65.25,65.25,65.13,28426
2012-09-10,65.17,65.22,65.27,65.15,27928
2012-09-11,65.2,65.25,65.25,65.2,24714
2012-09-12,65.18,65.27,65.27,65.12,55327
2012-09-13,65.07,65.31,65.31,65.07,46000
2012-09-14,65.22,65.33,65.34,65.15,38516
2012-09-17,65.23,65.33,65.36,65.23,21172
2012-09-18,65.3,65.31,65.37,65.22,27699
2012-09-19,65.28,65.28,65.37,65.2,22187
2012-09-20,65.21,65.3,65.35,65.21,28503
2012-09-21,65.38,65.33,65.42,65.24,96210
2012-09-24,65.26,65.36,65.38,65.24,46579
2012-09-25,65.37,65.24,65.38,65.24,59989
2012-09-26,65.34,65.33,65.35,65.11,57664
2012-09-27,65.26,65.24,65.37,65.11,65916
2012-09-28,65.16,65.21,65.35,65.16,55830
2012-10-01,65.69,65.35,65.69,65.2,42192
2012-10-02,65.3,65.34,65.37,65.28,38299
2012-10-03,65.27,65.31,65.38,65.2,38640
2012-10-04,65.34,65.38,65.41,65.17,31923
2012-10-05,65.3,65.34,65.45,65.3,31490
2012-10-08,65.26,65.36,65.4,65.25,18351
2012-10-09,65.36,65.42,65.43,65.32,25119
2012-10-10,65.42,65.42,65.48,65.34,35639
2012-10-11,65.07,64.81,65.17,64.79,19376
2012-10-12,64.94,64.72,64.99,64.7,104225
2012-10-15,64.74,64.91,65.0,64.74,28985
2012-10-16,64.93,64.97,65.14,64.88,33049
2012-10-17,64.86,65.12,65.12,64.86,26669
2012-10-18,65.07,65.0,65.155,65.0,33516
2012-10-19,64.95,64.92,65.12,64.86,41916
2012-10-22,64.96,64.87,64.96,64.81,23873
2012-10-23,64.86,64.99,65.14,64.81,18680
2012-10-24,64.9,65.09,65.09,64.9,25307
2012-10-25,64.95,65.05,65.08,64.87,28063
2012-10-26,65.08,64.7,65.08,64.67,20475
2012-10-31,64.61,65.03,65.03,64.61,22729
2012-11-01,65.07,64.83,65.07,64.75,83437
2012-11-02,64.48,64.66,64.98,64.48,44187
2012-11-05,64.77,64.81,64.94,64.64,26668
2012-11-06,64.81,64.92,64.94,64.81,19743
2012-11-07,64.85,64.81,64.94,64.67,69277
2012-11-08,64.9,64.85,64.94,64.81,50949
2012-11-09,64.86,64.9,64.92,64.85,37831
2012-11-12,64.85,64.85,64.92,64.72,19848
2012-11-13,64.8,64.85,64.94,64.8,22715
2012-11-14,64.88,64.81,64.94,64.81,56255
2012-11-15,64.71,64.81,64.92,64.71,58182
2012-11-16,64.76,64.76,64.9,64.72,50261
2012-11-19,64.87,64.89,64.94,64.61,82618
2012-11-20,64.7,64.85,64.9,64.68,40240
2012-11-21,64.8,64.95,64.95,64.75,28939
2012-11-23,64.82,64.91,64.93,64.68,24149
2012-11-26,64.8,65.02,65.02,64.8,40678
2012-11-27,65.01,65.0,65.01,64.9,46486
2012-11-28,64.9,65.04,65.04,64.83,49856
2012-11-29,65.01,65.11,65.11,64.99,38965
2012-11-30,65.1,65.21,65.21,65.04,81228
2012-12-03,65.02,65.15,65.15,64.9,52077
2012-12-04,65.02,65.2,65.2,64.91,48621
2012-12-05,65.09,65.18,65.21,65.0,35340
2012-12-06,65.05,65.2,65.21,65.05,21444
2012-12-07,65.14,65.18,65.19,65.04,28025
2012-12-10,65.15,65.15,65.19,65.11,48923
2012-12-11,65.02,65.2,65.21,65.02,71074
2012-12-12,65.07,65.07,65.23,65.06,58938
2012-12-13,65.0,65.22,65.23,65.0,28508
2012-12-14,65.09,64.99,65.21,64.76,46498
2012-12-17,64.91,65.18,65.22,64.91,67328
2012-12-18,65.12,65.3,65.3,65.12,56348
2012-12-19,65.15,65.17,65.29,65.15,47169
2012-12-20,65.15,65.05,65.25,64.99,95848
2012-12-21,65.2,65.21,65.22,64.89,248177
2012-12-24,65.02,65.16,65.2,65.0,51388
2012-12-26,65.07,65.1,65.2,65.01,46829
2012-12-27,65.02,65.19,65.22,65.0,31211
2012-12-28,65.1,65.11,65.22,65.05,53263
2012-12-31,65.1,65.22,65.22,65.1,69620
2013-01-02,65.22,65.33,65.33,65.1301,101823
2013-01-03,65.33,65.28,65.39,65.2,87460
2013-01-04,65.34,65.3,65.34,65.21,37578
2013-01-07,65.23,65.32,65.33,65.21,38784
2013-01-08,64.8,64.82,64.89,64.65,87538
2013-01-09,64.84,64.83,64.89,64.82,40981
2013-01-10,64.86,64.84,64.87,64.78,66220
2013-01-11,64.98,64.92,64.98,64.8,48853
2013-01-14,64.82,64.97,64.97,64.82,24206
2013-01-15,64.86,64.99,65.0,64.85,38941
2013-01-16,64.9,64.88,64.96,64.88,24579
2013-01-17,64.9,64.94,65.13,64.87,132135
2013-01-18,64.92,65.01,65.03,64.89,64164
2013-01-22,64.94,64.96,65.04,64.89,46459
2013-01-23,64.92,64.89,64.94,64.86,36424
2013-01-24,64.93,64.91,64.98,64.86,34220
2013-01-25,64.88,64.85,64.92,64.75,58448
2013-01-28,64.8,65.0,65.15,64.8,56466
2013-01-29,65.0,65.02,65.02,64.915,68824
2013-01-30,64.96,65.01,65.1,64.9,39590
2013-01-31,64.95,65.0,65.06,64.92,64306
2013-02-01,65.05,65.0,65.1,65.0,78360
2013-02-04,65.11,65.02,65.18,65.0,49685
2013-02-05,65.01,65.02,65.14,64.9916,33141
2013-02-06,65.02,65.17,65.2,65.0,33043
2013-02-07,65.0,65.12,65.2,65.0,14570
2013-02-08,65.06,65.1,65.16,65.01,55760
2013-02-11,65.04,65.22,65.25,65.04,18404
2013-02-12,65.3,65.13,65.3,65.11,22617
2013-02-13,65.08,65.21,65.215,65.03,27756
2013-02-14,65.09,65.16,65.23,65.09,12369
2013-02-15,65.29,65.29,65.29,65.134,26708
2013-02-19,65.12,65.23,65.23,65.12,31158
2013-02-20,65.15,65.15,65.55,65.15,60115
2013-02-21,65.25,65.24,65.31,65.14,20611
2013-02-22,65.2,65.22,65.35,65.2,32633
2013-02-25,65.21,65.12,65.35,65.12,39484
2013-02-26,65.56,65.2,65.56,65.12,39170
2013-02-27,65.3,65.26,65.42,65.12,35734
2013-02-28,65.3,65.13,65.36,65.12,27463
2013-03-01,65.14,65.32,65.33,65.13,30629
2013-03-04,65.19,65.28,65.35,65.19,23609
2013-03-05,65.32,65.28,65.35,65.25,34332
2013-03-06,65.32,65.34,65.36,65.235,11372
2013-03-07,65.29,65.29,65.3,65.24,15651
2013-03-08,65.35,65.31,65.36,65.27,21570
2013-03-11,65.24,65.35,65.37,65.24,14552
2013-03-12,65.35,65.3,65.36,65.26,10920
2013-03-13,65.27,65.35,65.4,65.27,12551
2013-03-14,65.29,65.4,65.4,65.28,22923
2013-03-15,65.38,65.5,65.5,65.26,85753
2013-03-18,65.29,65.28,65.47,65.28,10951
2013-03-19,65.4,65.34,65.4,65.28,27009
2013-03-20,65.35,65.37,65.38,65.28,25445
2013-03-21,65.28,65.34,65.36,65.28,27262
2013-03-22,65.36,65.29,65.37,65.27,47330
2013-03-25,65.33,65.39,65.42,65.31,36417
2013-03-26,65.37,65.38,65.39,65.323,29335
2013-03-27,65.31,65.36,65.41,65.31,32819
2013-03-28,65.31,65.39,65.39,65.31,57730
2013-04-01,65.36,65.39,65.42,65.35,82666
2013-04-02,65.39,65.39,65.4,65.31,53538
2013-04-03,65.33,65.36,65.47,65.33,99096
2013-04-04,65.34,65.39,65.4,65.33,64795
2013-04-05,65.31,65.49,65.49,65.31,62608
2013-04-08,65.2,64.95,65.2,64.87,30838
2013-04-09,65.0,64.86,65.0,64.86,43033
2013-04-10,65.15,64.92,65.15,64.83,25371
2013-04-11,64.85,64.84,64.97,64.79,19806
2013-04-12,64.84,64.96,64.96,64.81,19717
2013-04-15,64.77,64.65,64.95,64.61,59419
2013-04-16,64.69,64.86,64.91,64.6,43305
2013-04-17,64.66,64.7,64.85,64.64,56742
2013-04-18,64.8,64.76,64.85,64.69,42535
2013-04-19,64.72,64.79,64.92,64.65,50170
2013-04-22,64.7,64.91,64.95,64.62,58117
2013-04-23,64.97,64.97,64.97,64.7887,49933
2013-04-24,64.97,64.97,64.99,64.825,26948
2013-04-25,64.9,64.93,64.96,64.88,9628
2013-04-26,64.84,64.67,64.94,64.66,45853
2013-04-29,64.72,64.85,64.88,64.72,13601
2013-04-30,64.75,64.97,64.97,64.75,48160
2013-05-01,64.97,64.68,64.97,64.66,73832
2013-05-02,64.86,64.74,64.88,64.69,27300
2013-05-03,64.9,64.8,64.94,64.73,23997
2013-05-06,64.52,64.41,64.52,64.36,149115
2013-05-07,64.4,64.27,64.52,64.21,63968
2013-05-08,64.25,64.39,64.39,64.0,38701
2013-05-09,64.15,64.18,64.26,64.05,27554
2013-05-10,64.32,64.23,64.42,64.07,29962
2013-05-13,64.07,64.09,64.18,63.895,37608
2013-05-14,64.03,64.19,64.19,63.97,35419
2013-05-15,64.05,64.16,64.45,64.0,49821
2013-05-16,64.07,64.25,64.3,64.06,16134
2013-05-17,64.2,64.32,64.32,64.11,51989
2013-05-20,64.2,64.74,64.75,64.18,64567
2013-05-21,64.65,64.84,64.84,64.46,23265
2013-05-22,64.69,64.59,64.91,64.51,26575
2013-05-23,64.47,64.6,64.76,64.47,20500
2013-05-24,64.5,64.57,64.73,64.41,20168
2013-05-28,64.65,64.64,64.93,64.51,33255
2013-05-29,64.3,64.69,64.81,64.3,14357
2013-05-30,64.79,64.77,64.87,64.63,79025
2013-05-31,64.71,64.73,64.88,64.61,48113
2013-06-03,64.62,64.84,64.99,64.61,68309
2013-06-04,64.69,64.73,64.85,64.69,39842
2013-06-05,64.66,64.57,64.79,64.51,83878
2013-06-06,64.57,64.5,64.74,64.5,107741
2013-06-07,64.76,64.79,64.85,64.59,26687
2013-06-10,64.72,64.94,64.94,64.71,24180
2013-06-11,64.77,64.95,64.95,64.71,38447
2013-06-12,64.95,64.72,64.95,64.72,19538
2013-06-13,64.56,65.01,65.01,64.55,181408
2013-06-14,65.02,65.01,65.15,64.97,89489
2013-06-17,65.03,65.02,65.04,64.975,31240
2013-06-18,65.02,65.04,65.06,65.0,42367
2013-06-19,65.0,64.98,65.03,64.98,32059
2013-06-20,64.98,64.98,65.05,64.96,43677
2013-06-21,64.98,64.96,65.04,64.96,154434
2013-06-24,64.76,64.97,65.04,64.76,66112
2013-06-25,65.01,65.01,65.01,64.96,34211
2013-06-26,65.01,64.92,65.01,64.92,530607
2013-06-27,64.95,64.99,65.0,64.95,435147
2022-08-12,4.16,3.7,5.0,3.13,8200170
2022-08-15,3.1,3.39,3.5441,2.88,1378876
2022-08-16,3.48,3.37,3.7813,3.31,1296355
2022-08-17,3.12,3.08,3.2235,2.92,268068
2022-08-18,2.97,2.88,3.0792,2.81,244236
2022-08-19,2.73,2.62,2.8,2.59,266622
2022-08-22,2.78,2.69,3.02,2.56,370368
2022-08-23,2.69,2.5,2.78,2.42,175954
2022-08-24,2.36,2.56,2.57,2.35,82452
2022-08-25,2.56,2.47,2.6918,2.4101,196083
2022-08-26,2.5,2.65,3.18,2.4155,2206313
2022-08-29,2.47,2.58,2.79,2.4,200612
2022-08-30,2.51,2.6439,2.85,2.38,125535
2022-08-31,2.54,2.69,2.79,2.4699,99154
2022-09-01,2.7,2.78,2.86,2.4999,208889
2022-09-02,2.8761,2.81,2.98,2.72,108049
2022-09-06,2.83,2.84,2.99,2.71,151651
2022-09-07,2.9,2.59,2.9,2.53,143554
2022-09-08,2.53,2.5501,2.9,2.53,86547
2022-09-09,2.66,2.6799,2.77,2.57,76305
2022-09-12,2.7,2.575,2.72,2.5,124783
2022-09-13,2.51,2.47,2.5719,2.45,37143
2022-09-14,2.39,2.29,2.39,2.26,53699
2022-09-15,2.38,2.1,2.38,2.0,70807
2022-09-16,2.09,1.99,2.2,1.99,60020
2022-09-19,2.11,1.89,2.11,1.85,70677
2022-09-20,2.0,2.01,2.1111,1.9901,42538
2022-09-21,1.96,2.03,2.06,1.96,49942
2022-09-22,1.9765,1.99,2.01,1.79,57967
2022-09-23,1.8836,1.77,1.89,1.71,62365
2022-09-26,1.8656,1.63,1.8699,1.47,261282
2022-09-27,1.88,1.86,1.96,1.6,187024
2022-09-28,1.8,1.8,1.9,1.72,43223
2022-09-29,1.85,1.98,2.01,1.66,69847
2022-09-30,1.98,1.89,1.98,1.78,41590
2022-10-03,1.91,2.0,2.09,1.87,24763
2022-10-04,1.89,2.01,2.26,1.87,131647
2022-10-05,2.12,2.08,2.27,2.0,72771
2022-10-06,2.18,1.98,2.18,1.735,126478
2022-10-07,2.09,1.84,2.09,1.77,12732
2022-10-10,1.8572,1.79,1.8572,1.78,6416
2022-10-11,1.9624,1.58,1.9624,1.43,133427
2022-10-12,1.72,1.56,1.73,1.46,10480
2022-10-13,1.6015,1.52,1.6015,1.5155,6907
2022-10-14,1.6199,1.52,1.62,1.52,7936
2022-10-17,1.6,1.55,1.63,1.52,13093
2022-10-18,1.6499,1.53,1.6499,1.52,12958
2022-10-19,1.58,1.53,1.58,1.4501,10200
2022-10-20,1.5799,1.5,1.5799,1.45,6589
2022-10-21,1.46,1.35,1.5074,1.3,39447
2022-10-24,1.36,1.3,1.36,1.3,23038
2022-10-25,1.3,1.31,1.39,1.24,29175
2022-10-26,1.445,1.41,1.445,1.31,2748
2022-10-27,1.31,1.33,1.35,1.31,1454
2022-10-28,1.3,1.34,1.4306,1.3,5651
2022-10-31,1.3195,1.25,1.3315,1.25,42153
2022-11-01,1.32,1.35,1.3635,1.3,4365
2022-11-02,1.3407,1.32,1.35,1.32,6472
2022-11-07,1.3001,1.47,1.65,1.3001,41096
2022-11-08,1.5729,1.609,1.99,1.44,66248
2022-11-09,1.59,1.64,1.7008,1.455,33879
2022-11-10,1.55,1.615,1.69,1.51,9590
2022-11-11,1.6589,1.74,1.7884,1.62,22049
2022-11-14,1.74,1.73,1.79,1.55,28332
2022-11-15,1.655,1.75,1.76,1.65,16254
2022-11-16,1.77,1.75,1.8998,1.71,38544
2022-11-17,1.68,1.5817,1.68,1.52,11293
2022-11-18,1.59,1.5,1.5901,1.5,18635
2022-11-21,1.54,1.5,1.54,1.5,3132
2022-11-22,1.5,1.49,1.51,1.46,6528
2022-11-23,1.48,1.41,1.49,1.27,33318
2022-11-25,1.46,1.46,1.46,1.46,1522
2022-11-28,1.37,1.4,1.425,1.35,15264
2022-11-29,1.4,1.4,1.42,1.4,1996
2022-11-30,1.42,1.4,1.44,1.4,15581
2022-12-01,1.49,1.5567,1.56,1.46,21727
2022-12-02,1.59,1.5,1.5995,1.5,30477
2022-12-05,1.55,1.628,1.77,1.55,23817
2022-12-06,1.7,1.65,1.7,1.63,13350
2022-12-07,1.62,1.65,1.6501,1.6,16949
2022-12-08,1.6999,1.66,1.7,1.62,10345
2022-12-09,1.6601,1.62,1.76,1.62,5821
2022-12-12,1.65,1.85,1.8819,1.65,26188
2022-12-13,1.84,1.7646,1.8692,1.7,52942
2022-12-14,1.97,1.69,1.97,1.67,13307
2022-12-15,1.69,1.63,1.8899,1.63,10024
2022-12-16,1.55,1.7,1.84,1.55,19697
2022-12-19,1.67,1.73,1.755,1.67,41400
2022-12-20,1.65,1.69,1.83,1.65,11508
2022-12-21,1.8399,1.719,1.8399,1.65,20604
2022-12-22,1.7899,1.7749,1.79,1.6,28256
2022-12-23,1.7,1.6799,1.78,1.55,31741
2022-12-27,1.56,1.7085,1.7085,1.41,25967
2022-12-28,1.63,1.62,1.679,1.59,10529
2022-12-29,1.64,1.6499,1.6799,1.47,21320
2022-12-30,1.65,1.6999,1.6999,1.62,43914
2023-01-03,1.65,1.659,1.705,1.62,20788
2023-01-04,1.62,1.76,1.7947,1.62,17689
2023-01-05,1.745,1.7,1.8069,1.66,29338
2023-01-06,1.68,1.71,1.83,1.66,27178
2023-01-09,1.8,1.757,1.8,1.68,26349
2023-01-10,1.68,1.7699,1.79,1.67,30198
2023-01-11,1.77,1.7999,1.88,1.67,71743
2023-01-12,1.75,1.74,1.86,1.68,35211
2023-01-13,1.85,1.74,1.85,1.67,16236
2023-01-17,1.67,1.745,1.7499,1.635,64728
2023-01-18,1.69,1.7238,1.78,1.67,43985
2023-01-19,1.67,1.6986,1.7399,1.62,45265
2023-01-20,1.65,1.65,1.74,1.63,53346
2023-01-23,1.66,1.74,1.74,1.64,34830
2023-01-24,1.65,1.72,1.72,1.64,34654
2023-01-25,1.66,1.64,1.7,1.58,37336
2023-01-26,1.5901,1.65,1.6899,1.55,587156
2023-01-27,1.6999,1.71,1.74,1.67,43219
2023-01-30,1.68,1.68,1.7,1.68,22351
2023-01-31,1.61,1.72,1.7399,1.6,30581
2023-02-01,1.6201,1.67,1.72,1.6201,7844
2023-02-02,1.7108,1.69,1.7108,1.62,14089
2023-02-03,1.62,1.62,1.6999,1.61,32571
2023-02-06,1.6826,1.6742,1.6826,1.63,4409
2023-02-07,1.6599,1.62,1.67,1.62,11003
2023-02-08,1.6899,1.79,1.84,1.68,151902
2023-02-09,1.8269,1.8,1.88,1.78,75418
2023-02-10,1.8271,1.85,1.88,1.77,103818
2023-02-13,1.9,2.47,2.5,1.9,629801
2023-02-14,2.46,2.55,2.56,2.3456,145342
2023-02-15,2.56,2.65,2.7465,2.38,155307
2023-02-16,2.63,2.75,2.78,2.44,58424
2023-02-17,2.75,2.45,2.75,2.45,125283
2023-02-21,2.39,2.48,2.5699,2.39,93522
2023-02-22,2.56,2.55,2.62,2.47,19329
2023-02-23,2.555,2.53,2.59,2.51,18728
2023-02-24,2.52,2.55,2.6,2.47,9187
2023-02-27,2.5,2.4999,2.54,2.45,13338
2023-02-28,2.53,2.495,2.53,2.46,6668
2023-03-01,2.4893,2.58,2.59,2.4893,23647
2023-03-02,2.44,2.52,2.575,2.44,32469
2023-03-03,2.5701,2.545,2.5701,2.53,19498
2023-03-06,2.64,3.05,3.18,2.596,418347
2023-03-07,3.05,2.93,3.18,2.68,96477
2023-03-08,2.97,2.99,3.04,2.7601,58410
2023-03-09,2.97,3.03,3.1499,2.84,106009
2023-03-10,2.97,2.7108,3.047,2.7,79210
2023-03-13,2.74,2.74,2.8899,2.6901,9198
2023-03-14,2.8,2.75,2.84,2.75,6650
2023-03-15,2.67,2.67,2.8399,2.6587,5561
2023-03-16,2.6418,2.58,2.7294,2.57,27304
2023-03-17,2.59,2.45,2.59,2.4,30487
2023-03-20,2.45,2.37,2.45,2.34,24062
2023-03-21,2.25,2.34,2.4299,2.25,9471
2023-03-22,2.313,2.31,2.3916,2.3,16066
2023-03-23,2.3,2.37,2.43,2.25,28189
2023-03-24,2.27,2.4,2.43,2.27,14244
2023-03-27,2.4199,2.41,2.58,2.33,39172
2023-03-28,2.3,2.33,2.59,2.215,143025
2023-03-29,2.35,2.55,2.61,2.35,70541
2023-03-30,2.5499,2.59,2.5999,2.5,44336
2023-03-31,2.56,2.75,2.83,2.5415,64002
2023-04-03,2.8,2.895,2.94,2.73,20096
2023-04-04,2.89,2.95,3.0,2.74,84379
2023-04-05,2.87,2.775,2.8759,2.755,13450
2023-04-06,2.9174,2.85,2.97,2.75,63232
2023-04-10,2.95,2.98,3.1,2.85,176997
2023-04-11,2.95,3.03,3.05,2.84,52848
2023-04-12,3.03,2.96,3.0891,2.93,47796
2023-04-13,2.95,3.0,3.0,2.73,26385
2023-04-14,2.94,2.995,3.07,2.8501,19599
2023-04-17,3.05,3.1433,3.2,2.8724,127458
2023-04-18,3.055,3.1,3.1099,2.98,40610
2023-04-19,3.1,2.97,3.1,2.88,80849
2023-04-20,3.01,2.96,3.0984,2.865,57310
2023-04-21,3.0971,3.04,3.0971,2.85,32410
2023-04-24,2.85,2.76,2.9945,2.74,47286
2023-04-25,2.76,2.6,2.8887,2.57,34521
2023-04-26,2.4801,2.68,2.9184,2.4801,17412
2023-04-27,3.08,2.8,3.08,2.74,44007
2023-04-28,2.8,3.06,3.08,2.7,83843
2023-05-01,3.2,2.92,3.2,2.88,59840
2023-05-02,3.0,2.73,3.0,2.7,35079
2023-05-03,2.85,2.72,2.91,2.6456,72200
2023-05-04,2.93,2.88,2.93,2.7201,11952
2023-05-05,2.865,2.8797,2.8797,2.84,3467
2023-05-08,2.88,2.86,2.88,2.84,3824
2023-05-09,2.79,2.97,2.97,2.79,20356
2023-05-10,2.88,2.97,2.99,2.79,52584
2023-05-11,3.0,2.94,3.05,2.94,3523
2023-05-12,2.95,2.9297,2.98,2.8,25903
2023-05-15,2.85,2.86,2.9601,2.85,43538
2023-05-16,2.9899,2.92,2.9899,2.78,41630
2023-05-17,2.92,3.05,3.2,2.8,80991
2023-05-18,3.055,2.97,3.06,2.93,15247
2023-05-19,3.01,3.5,3.55,3.0,286566
2023-05-22,3.55,3.75,3.75,3.4201,122756
2023-05-23,3.7301,3.64,3.775,3.6,134171
2023-05-24,3.84,3.57,3.84,3.5102,47158
2023-05-25,3.76,3.48,3.76,3.26,64224
2023-05-26,3.54,3.55,3.71,3.53,84970
2023-05-30,3.44,3.57,3.5794,3.44,63377
2023-05-31,3.595,3.65,3.65,3.42,64706
2023-06-01,3.72,3.42,3.72,3.42,28469
2023-06-02,3.4,3.39,3.46,3.3,19841
2023-06-05,3.4785,3.45,3.49,3.3773,19709
2023-06-06,3.27,3.39,3.425,3.06,271841
2023-06-07,3.3,2.955,3.34,2.7,152667
2023-06-08,2.92,2.97,3.05,2.8601,58692
2023-06-09,3.0,3.025,3.075,2.99,67412
2023-06-12,3.0,3.0,3.09,2.9438,25414
2023-06-13,3.06,2.98,3.06,2.95,241849
2023-06-14,3.02,2.96,3.061,2.96,19223
2023-06-15,3.06,2.96,3.07,2.96,57235
2023-06-16,3.08,3.12,3.23,2.82,194483
2023-06-20,3.07,2.89,3.13,2.88,22199
2023-06-21,3.01,2.92,3.02,2.9,33027
2023-06-22,2.9592,2.9589,2.99,2.8764,1119
2023-06-23,2.92,2.83,2.99,2.75,404289
2023-06-26,2.86,2.74,2.86,2.71,48187
2023-06-27,2.74,2.91,2.91,2.73,128479
2023-06-28,2.998,3.11,3.38,2.9,408149
2023-06-29,3.07,3.13,3.1714,3.07,31591
2023-06-30,3.07,3.15,3.33,3.07,553417
2023-07-03,3.2,3.14,3.2199,2.904,106204
2023-07-05,3.05,3.15,3.22,3.05,49970
2023-07-06,3.0578,3.1,3.15,2.9101,37801
2023-07-07,2.98,3.05,3.12,2.95,70047
2023-07-10,3.08,3.04,3.11,2.9,76919
2023-07-11,2.97,2.85,3.11,2.81,283881
2023-07-12,2.81,3.05,3.1,2.7079,60247
2023-07-13,3.0,3.03,3.09,2.99,92085
2023-07-14,2.99,3.0,3.0476,2.85,41214
2023-07-17,3.011,3.05,3.07,3.0,50714
2023-07-18,2.95,3.04,3.0523,2.89,18707
2023-07-19,3.07,2.96,3.07,2.96,40907
2023-07-20,2.9135,2.8,2.93,2.7701,22050
2023-07-21,2.88,2.88,2.91,2.68,83888
2023-07-24,2.9,3.05,3.06,2.75,88817
2023-07-25,3.05,3.19,3.19,3.05,90020
2023-07-26,3.2,3.18,3.2,3.04,54212
2023-07-27,3.16,3.03,3.16,2.92,26340
2023-07-28,2.9697,3.05,3.05,2.95,39991
2023-07-31,3.15,3.0,3.15,2.92,49122
2023-08-01,3.1151,3.0,3.1151,2.93,46474
2023-08-02,3.04,2.97,3.04,2.89,41354
2023-08-03,3.0,3.02,3.0724,2.82,86726
2023-08-04,3.05,3.05,3.0975,2.96,99943
2023-08-07,3.1,3.0,3.1,2.8501,115753
2023-08-08,3.07,3.0,3.08,2.73,233065
2023-08-09,3.145,3.03,3.15,2.73,190675
2023-08-10,3.04,2.96,3.0463,2.901,60420
2023-08-11,2.995,3.02,3.04,2.9,47794
2023-08-14,3.04,2.95,3.04,2.86,47665
2023-08-15,2.9011,2.9,2.9888,2.81,47532
2023-08-16,2.87,2.85,2.9499,2.83,38045
2023-08-17,2.9,2.96,2.9751,2.876,44009
2023-08-18,2.9374,3.11,3.11,2.89,101328
2023-08-21,3.07,2.965,3.07,2.96,21987
2023-08-22,2.95,2.8,3.0063,2.76,110125
2023-08-23,2.86,2.77,2.93,2.77,35704
2023-08-24,2.78,2.87,2.87,2.755,47235
2023-08-25,2.8699,2.95,2.95,2.8,27060
2023-08-28,2.9877,2.875,2.9877,2.85,32255
2023-08-29,2.87,2.925,2.9499,2.85,18939
2023-08-30,2.8371,2.89,2.9381,2.8371,7943
2023-08-31,2.94,2.89,2.9899,2.89,35522
2023-09-01,2.86,3.07,3.14,2.86,96765
2023-09-05,3.12,3.045,3.12,2.93,19836
2023-09-06,3.065,3.34,3.4,3.065,164219
2023-09-07,3.28,3.38,3.44,3.28,56837
2023-09-08,3.44,3.44,3.45,3.38,54522
2023-09-11,3.65,3.65,3.65,3.65,280
2023-09-12,3.7,3.68,3.8199,3.61,135571
2023-09-13,3.66,3.52,3.7889,3.51,42013
2023-09-14,3.525,3.51,3.6,3.46,15576
2023-09-15,3.54,3.5,3.6035,3.4,109615
2023-09-18,3.59,3.43,3.59,3.42,59291
2023-09-19,3.5,3.46,3.57,3.45,47144
2023-09-20,3.5488,3.51,3.7969,3.5,186891
2023-09-21,3.5,3.41,3.56,3.37,89487
2023-09-22,3.37,3.77,3.8,3.3687,122426
2023-09-25,3.77,3.93,3.96,3.71,94883
2023-09-26,3.91,4.375,4.6,3.89,700284
2023-09-27,4.43,4.23,4.4899,4.2,111736
2023-09-28,4.23,4.17,4.2673,4.1,66003
2023-09-29,4.44,4.66,4.66,4.31,212313
2023-10-02,4.71,4.47,4.72,4.25,152757
2023-10-03,4.4,4.75,4.85,4.23,151929
2023-10-04,4.78,5.22,5.2836,4.7473,550403
2023-10-05,5.16,5.37,5.45,4.95,390212
2023-10-06,5.37,5.6,5.78,5.34,404047
2023-10-09,5.58,5.52,5.76,4.8,572185
2023-10-10,5.56,5.105,5.65,5.1,350161
2023-10-11,5.18,4.5,5.19,4.46,424633
2023-10-12,4.5,4.02,4.52,4.0101,531667
2023-10-13,4.07,4.36,4.5703,4.07,286196
2023-10-16,4.33,4.32,4.51,4.13,118394
2023-10-17,4.29,3.97,4.3,3.92,150613
2023-10-18,3.92,3.9,4.0,3.73,110127
2023-10-19,3.87,4.08,4.14,3.84,173674
2023-10-20,4.09,4.05,4.13,3.96,127428
2023-10-23,3.99,3.73,4.07,3.69,102054
2023-10-24,3.74,4.05,4.38,3.74,234889
2023-10-25,4.02,3.86,4.12,3.77,89581
2023-10-26,3.82,3.99,4.16,3.7601,188371
2023-10-27,4.0,4.17,4.2,3.82,192917
2023-10-30,4.05,4.07,4.29,3.91,175327
2023-10-31,4.07,4.055,4.07,3.76,122696
2023-11-01,4.03,4.21,4.21,3.9606,108951
2023-11-02,4.275,4.55,4.57,4.15,175784
2023-11-03,4.54,4.42,4.67,4.41,102373
2023-11-06,4.42,4.56,4.59,4.35,72183
2023-11-07,4.56,4.46,4.5662,4.3,136552
2023-11-08,4.38,4.4,4.5471,4.2006,101960
2023-11-09,4.8,4.73,5.23,4.58,563825
2023-11-10,4.7,4.48,4.73,4.4,239698
2023-11-13,4.51,4.4,4.55,4.15,147067
2023-11-14,4.35,4.7,4.75,4.35,169632
2023-11-15,4.68,4.95,5.12,4.68,263767
2023-11-16,4.89,5.1,5.18,4.77,251454
2023-11-17,5.12,5.05,5.555,4.97,480775
2023-11-20,5.05,4.98,5.1919,4.86,201620
2023-11-21,4.93,5.08,5.14,4.9,198611
2023-11-22,5.1,5.07,5.27,5.06,147470
2023-11-24,5.07,4.95,5.17,4.89,74611
2023-11-27,4.86,4.99,5.05,4.85,132593
2023-11-28,5.0,4.74,5.0,4.59,119316
2023-11-29,4.68,4.7,4.84,4.663,137485
2023-11-30,4.65,4.44,4.74,4.41,231580
2023-12-01,4.505,4.14,4.54,4.01,313392
2023-12-04,4.14,4.48,4.57,3.82,505420
2023-12-05,4.36,4.27,4.46,4.14,194391
2023-12-06,4.27,4.81,4.87,4.12,606032
2023-12-07,4.82,4.69,5.25,4.68,479307
2023-12-08,4.66,4.49,4.8799,4.4438,123883
2023-12-11,4.44,4.55,4.55,4.25,151502
2023-12-12,4.52,4.26,4.61,4.25,124095
2023-12-13,4.29,4.64,4.73,4.29,235361
2023-12-14,4.75,4.9,5.0,4.7,172627
2023-12-15,4.92,4.87,4.99,4.704,211604
2023-12-18,4.78,4.49,5.01,4.37,249452
2023-12-19,4.35,4.68,4.72,4.35,100429
2023-12-20,4.67,4.7,4.79,4.56,62552
2023-12-21,4.8,5.16,5.16,4.68,214298
2023-12-22,5.17,5.2,5.56,5.03,267430
2023-12-26,5.39,5.36,5.4,5.195,219778
2023-12-27,5.35,5.97,6.25,5.33,581350
2023-12-28,6.15,5.98,6.1991,5.8,181408
2023-12-29,6.0,5.97,6.28,5.8,280419
2024-01-02,6.04,5.68,6.3183,5.64,341516
2024-01-03,5.6,5.56,5.74,5.4652,170515
2024-01-04,5.58,6.01,6.01,5.558,219864
2024-01-05,6.0,6.34,6.34,5.83,422219
2024-01-08,6.46,6.61,6.88,6.45,684508
2024-01-09,6.8,6.34,6.8,6.05,390036
2024-01-10,6.37,5.71,6.43,5.7,313361
2024-01-11,6.21,5.03,6.21,4.94,610579
2024-01-12,5.48,5.21,5.51,4.85,800356
2024-01-16,5.15,4.9,5.38,4.76,537048
2024-01-17,4.9,4.32,5.28,3.99,1436275
2024-01-18,4.19,3.89,4.2,3.451,1426402
2024-01-19,3.81,3.95,3.97,3.52,514591
2024-01-22,4.08,4.19,4.3194,3.87,644319
2024-01-23,4.3,4.27,4.4196,4.16,416072
2024-01-24,4.3,4.3,4.32,3.98,521926
2024-01-25,4.34,4.57,4.615,4.29,430134
2024-01-26,4.57,4.82,4.89,4.49,288521
2024-01-29,4.85,4.66,4.85,4.54,342272
2024-01-30,4.67,4.33,4.67,4.3,241947
2024-01-31,4.45,4.16,4.47,4.16,335054
2024-02-01,4.24,4.39,4.44,4.17,213136
2024-02-02,4.42,4.49,4.65,4.26,295944
2024-02-05,4.4,3.5,4.4293,3.405,691778
2024-02-06,3.43,3.26,3.4799,2.72,886584
2024-02-07,3.14,2.73,3.24,2.615,573131
2024-02-08,2.75,2.92,3.08,2.53,599068
2024-02-09,2.9,3.14,3.22,2.801,232472
2024-02-12,3.14,3.48,3.63,3.0213,277318
2024-02-13,3.37,3.02,3.37,3.0,279823
2024-02-14,3.07,2.94,3.15,2.8,249723
2024-02-15,2.91,2.93,3.1389,2.91,208451
2024-02-16,2.84,2.93,3.01,2.83,245773
2024-02-20,2.95,2.84,3.03,2.66,600238
2024-02-21,2.85,2.89,2.95,2.5801,484677
2024-02-22,2.78,2.84,3.0348,2.78,364079
2024-02-23,2.89,2.61,2.89,2.43,634949
2024-02-26,2.56,2.47,2.6875,2.4,218953
2024-02-27,2.52,2.48,2.63,2.4,293484
2024-02-28,2.65,2.33,2.65,2.28,374626
2024-02-29,2.36,2.32,2.4975,2.29,344202
2024-03-01,2.34,2.45,2.45,2.2801,616195
2024-03-04,2.57,2.82,2.84,2.545,421305
2024-03-05,2.73,2.68,2.85,2.6,266481
2024-03-06,2.78,2.53,2.81,2.49,298121
2024-03-07,2.51,2.42,2.585,2.4,309644
2024-03-08,2.41,2.26,2.515,2.25,450950
2024-03-11,2.3,2.16,2.3002,2.095,297036
2024-03-12,2.29,2.16,2.29,2.08,399489
2024-03-13,2.24,2.36,2.38,2.16,222374
2024-03-14,2.4,2.3,2.5067,2.24,203856
2024-03-15,2.26,2.2,2.29,2.17,247742
2024-03-18,2.19,2.18,2.35,2.17,147006
2024-03-19,2.14,2.08,2.22,2.03,175122
2024-03-20,2.11,2.14,2.16,2.04,152480
2024-03-21,2.21,2.14,2.21,2.03,296970
2024-03-22,2.14,2.31,2.35,2.07,264186
2024-03-25,2.29,2.32,2.405,2.24,547153
2024-03-26,2.3,2.14,2.41,2.08,644091
2024-03-27,1.48,1.5,1.72,1.47,2345490
2024-03-28,1.52,1.38,1.53,1.3101,1919031
2024-04-01,1.32,1.4,1.41,1.25,675767
2024-04-02,1.39,1.41,1.44,1.29,344112
2024-04-03,1.4,1.36,1.44,1.34,309081
2024-04-04,1.4,1.31,1.42,1.28,457833
2024-04-05,1.3,1.32,1.32,1.258,246705
2024-04-08,1.32,1.29,1.34,1.2601,186700
2024-04-09,1.32,1.29,1.38,1.2711,312546
2024-04-10,1.29,1.19,1.29,1.16,313173
2024-04-11,1.23,1.145,1.23,1.13,219127
2024-04-12,1.12,1.02,1.16,0.9905,642318
2024-04-15,1.3,0.83,1.3,0.7928,1684707
2024-04-16,0.82,0.829,0.865501,0.73,536477
2024-04-17,0.85,1.07,1.12,0.83,925074
2024-04-18,1.07,0.91,1.07,0.8645,434733
2024-04-19,0.8827,0.8548,0.96,0.84,216987
2024-04-22,0.9949,0.9323,1.0,0.837,975453
2024-04-23,0.9011,0.87,0.9323,0.8666,152544
2024-04-24,0.85,0.95,0.9775,0.85,330581
2024-04-25,0.9389,1.14,1.15,0.93,1297143
2024-04-26,1.12,1.03,1.17,0.9901,539542
2024-04-29,1.03,0.9128,1.06,0.9001,278196
2024-04-30,0.8926,0.8696,0.93,0.83,249713
2024-05-01,0.9,0.8679,0.919,0.8494,146707
2024-05-02,0.88,0.8382,0.9,0.8295,183896
2024-05-03,0.852,0.8397,0.88,0.82,70894
2024-05-06,0.8397,0.8271,0.865499,0.814,319397
2024-05-07,0.829,0.77,0.83,0.705,649026
2024-05-08,0.77,0.7009,0.7701,0.6895,347496
2024-05-09,0.7118,0.7086,0.7479,0.649,371652
2024-05-10,0.7004,0.6235,0.7004,0.6192,601483
2024-05-13,0.662,0.544,0.7125,0.5044,4347205
2024-05-14,0.54,0.4567,0.54,0.438,1924768
2024-05-15,0.47,0.4002,0.48,0.385,2065155
2024-05-16,0.4139,0.4,0.4302,0.392301,822911
2024-05-17,0.42,0.4987,0.52,0.3961,1454307
2024-05-20,0.4987,0.45,0.4987,0.441101,599803
2024-05-21,0.245,0.27,0.27,0.235,10738900
2024-05-22,0.27,0.2708,0.28,0.25,2872098
2024-05-23,0.2688,0.2997,0.32,0.26,3007358
2024-05-24,0.3192,0.364,0.395,0.315001,5033754
2024-05-28,0.402,0.334,0.435,0.33,4039878
2024-05-29,0.36,0.325,0.3677,0.2877,1428304
2024-05-30,0.3282,0.3139,0.339,0.303,605588
2024-05-31,0.314,0.3003,0.3299,0.275,888460
2024-06-03,0.293,0.308,0.31,0.29,7354644
2024-06-04,0.3,0.256,0.306,0.255,12186061
2024-06-05,0.2547,0.251,0.27,0.24,3268337
2024-06-06,0.2538,0.259,0.2638,0.2477,1570089
2024-06-07,0.2508,0.2363,0.2547,0.231,1919131
2024-06-10,0.2351,0.2331,0.248401,0.2201,1737646
2024-06-11,0.2348,0.2349,0.2357,0.2135,1173464
2024-06-12,0.2349,0.2141,0.235,0.2126,1387469
2024-06-13,0.23,0.236,0.243,0.2103,3738799
2024-06-14,0.2365,0.2325,0.2365,0.2226,750472
2024-06-17,0.2285,0.2402,0.2452,0.2285,1122097
2024-06-18,0.2317,0.2461,0.2539,0.226,779697
2024-06-20,0.25,0.29,0.29,0.2402,1996481
2024-06-21,0.2696,0.2512,0.2775,0.245,578364
2024-06-24,0.2588,0.248,0.2699,0.2451,396846
2024-06-25,0.25,0.235,0.2547,0.2282,365286
2024-06-26,0.2324,0.2357,0.2412,0.2299,671364
2024-06-27,0.2425,0.238,0.243495,0.2241,400736
2024-06-28,0.2339,0.2343,0.238,0.2296,470227
2024-07-01,0.2421,0.24,0.2421,0.221,282913
2024-07-02,0.2399,0.222,0.2399,0.2217,430984
2024-07-03,0.2219,0.2299,0.2299,0.2167,356666
2024-07-05,0.2294,0.22,0.2374,0.2161,563102
2024-07-08,0.23,0.1849,0.23,0.163,3059748
2024-07-09,0.1832,0.1783,0.1845,0.167,1424432
2024-07-10,0.178,0.1866,0.1891,0.1706,1258138
2024-07-11,0.1827,0.1835,0.188056,0.1776,1246008
2024-07-12,0.1834,0.1811,0.187,0.175,2851180
2024-07-15,0.1809,0.1847,0.196,0.1759,878745
2024-07-16,0.1822,0.1999,0.204,0.1807,1882448
2024-07-17,0.21,0.196,0.21,0.1852,6155659
2024-07-18,0.2,0.1721,0.2049,0.1715,6362497
2024-07-19,0.1725,0.1549,0.177,0.1522,2662378
2024-07-22,0.159,0.1473,0.159,0.142,5604619
2024-07-23,0.1799,0.1599,0.1801,0.1423,11585206
2024-07-24,0.1586,0.151,0.163,0.15,2354974
2024-07-25,0.1516,0.1511,0.163,0.1457,3516772
2024-07-26,0.1541,0.191,0.1999,0.1512,6370982
2024-07-29,0.1616,0.1515,0.169,0.1451,6616374
2024-07-30,0.1513,0.1505,0.1513,0.1447,2009815
2024-07-31,0.1499,0.145,0.1557,0.145,2203429
2024-08-01,0.1458,0.14,0.1479,0.1342,2619586
2024-08-02,0.1427,0.1242,0.1427,0.121,2742516
2024-08-05,0.123,0.109,0.123,0.1049,2654809
2024-08-06,0.115,0.1045,0.119245,0.1012,2704482
2024-08-07,0.1086,0.0923,0.1086,0.0878,3827788
2024-08-08,0.0959,0.1024,0.1061,0.0929,1267091
2024-08-09,0.1044,0.092,0.105299,0.0915,2234757
2024-08-12,0.09,0.079,0.09,0.078,3864449
