2023-10-16,24.4363,24.4363,24.4363,24.4363,77
2023-10-17,24.39,24.39,24.39,24.39,53
2023-10-18,23.9797,23.9797,23.9797,23.9797,0
2023-10-19,23.517,23.517,23.517,23.517,58
2023-10-20,23.1491,23.1491,23.1491,23.1491,0
2023-10-23,23.1542,23.1542,23.1542,23.1542,1
2023-10-24,23.659,23.659,23.659,23.659,26
2023-10-25,23.325,23.325,23.325,23.325,2
2023-10-26,23.29,23.3592,23.3592,23.29,383
2023-10-27,23.595,23.595,23.595,23.595,33
2023-10-30,24.05,24.0461,24.0665,23.99,50655
2023-10-31,23.9596,23.9596,23.9596,23.9596,0
2023-11-01,23.908,23.908,23.908,23.908,0
2023-11-02,23.9064,23.9064,23.9064,23.9064,0
2023-11-03,24.2898,24.2898,24.2898,24.2898,104
2023-11-06,24.5949,24.5949,24.5949,24.5949,5
2023-11-07,24.4377,24.4377,24.4377,24.4377,4
2023-11-08,24.34,24.34,24.34,24.34,0
2023-11-09,24.131,24.131,24.131,24.131,0
2023-11-10,23.981,24.08,24.08,23.9807,820
2023-11-13,24.21,24.11,24.21,24.11,75000
2023-11-14,24.5344,24.5344,24.5344,24.5344,0
2023-11-15,24.67,24.6901,24.6901,24.67,1000
2023-11-16,24.1,24.1,24.1,24.1,0
2023-11-17,24.4132,24.4132,24.4132,24.4132,95
2023-11-20,24.7166,24.7166,24.7166,24.7166,0
2023-11-21,24.5289,24.5289,24.5289,24.5289,0
2023-11-22,24.2502,24.2502,24.2502,24.2502,52
2023-11-24,24.4,24.4301,24.4301,24.4,371
2023-11-27,24.1998,24.1998,24.1998,24.1998,0
2023-11-28,24.29,24.4052,24.4052,24.29,210
2023-11-29,24.18,24.18,24.18,24.18,2
2023-11-30,24.2,24.2,24.2,24.2,40
2023-12-01,24.0501,24.0501,24.0501,24.0501,0
2023-12-04,23.91,23.7799,23.91,23.77,8610
2023-12-05,23.38,23.38,23.38,23.38,40
2023-12-06,23.2169,23.2169,23.2169,23.2169,0
2023-12-07,23.19,23.19,23.19,23.19,0
2023-12-08,23.185,23.185,23.185,23.185,0
2023-12-11,23.25,23.466,23.466,23.25,559
2023-12-12,23.5206,23.5206,23.5206,23.5206,0
2023-12-13,23.4372,23.4372,23.4372,23.4372,1
2023-12-14,23.5201,23.5201,23.5201,23.5201,0
2023-12-15,23.1571,23.1571,23.1571,23.1571,0
2023-12-18,23.045,23.045,23.045,23.045,0
2023-12-19,23.12,23.3311,23.3311,23.12,602
2023-12-20,22.8612,22.8612,22.8612,22.8612,0
2023-12-21,23.3156,23.3156,23.3156,23.3156,2
2023-12-22,23.097,23.097,23.097,23.097,2
2023-12-26,23.08,23.0253,23.08,23.005,703
2023-12-27,23.1585,23.1585,23.1585,23.1585,29
2023-12-28,23.77,23.7429,23.835,23.63,6712
2023-12-29,23.894,23.894,23.894,23.894,84
2024-01-02,23.4596,23.4183,23.4596,23.4183,252
2024-01-03,23.2597,23.2597,23.2597,23.2597,0
2024-01-04,23.0147,23.0147,23.0147,23.0147,0
2024-01-05,22.85,22.8849,22.9,22.83,4389
2024-01-08,22.67,22.61,22.67,22.61,108
2024-01-09,22.4851,22.4851,22.4851,22.4851,10
2024-01-10,22.5953,22.5953,22.5953,22.5953,0
2024-01-11,22.619,22.619,22.619,22.619,0
2024-01-12,22.5932,22.5932,22.5932,22.5932,0
2024-01-16,22.4266,22.4266,22.4266,22.4266,8
2024-01-17,21.8204,21.8204,21.8204,21.8204,0
2024-01-18,22.0428,22.0428,22.0428,22.0428,0
2024-01-19,22.06,22.1849,22.1849,22.06,200
2024-01-22,21.6235,21.6235,21.6235,21.6235,0
2024-01-23,21.8786,21.8786,21.8786,21.8786,0
2024-01-24,22.3749,22.3749,22.3749,22.3749,3
2024-01-25,22.185,22.185,22.185,22.185,2
2024-01-26,22.1347,22.1347,22.1347,22.1347,43
2024-01-29,21.835,21.835,21.835,21.835,2
2024-01-30,21.3505,21.3505,21.3505,21.3505,2
2024-01-31,21.2648,21.2648,21.2648,21.2648,28
2024-02-01,21.4553,21.4553,21.4553,21.4553,0
2024-02-02,20.9692,20.9692,20.9692,20.9692,2
2024-02-05,21.324,21.324,21.324,21.324,10
2024-02-06,22.445,22.445,22.445,22.445,62
2024-02-07,22.715,22.715,22.715,22.715,9
2024-02-08,22.5461,22.5461,22.5461,22.5461,8
2024-02-09,22.455,22.565,22.6,22.455,3920
2024-02-12,22.72,22.7404,22.7404,22.7,297
2024-02-13,22.644,22.644,22.644,22.644,0
2024-02-14,22.6902,22.6902,22.6902,22.6902,6
2024-02-15,22.7599,22.7599,22.7599,22.7599,101
2024-02-16,23.052,23.052,23.052,23.052,0
2024-02-20,22.9363,22.9363,22.9363,22.9363,90
2024-02-21,23.2144,23.2144,23.2144,23.2144,0
2024-02-22,23.3481,23.3481,23.3481,23.3481,6
2024-02-23,23.42,23.42,23.42,23.42,0
2024-02-26,23.32,23.17,23.32,23.17,308
2024-02-27,23.5322,23.5322,23.5322,23.5322,0
2024-02-28,23.1485,23.1485,23.1485,23.1485,0
2024-02-29,23.4971,23.4971,23.4971,23.4971,58
2024-03-01,23.675,23.675,23.675,23.675,4
2024-03-04,23.7332,23.7332,23.7332,23.7332,0
2024-03-05,23.77,23.77,23.77,23.77,14
2024-03-06,23.806,23.806,23.806,23.806,35
2024-03-07,23.6798,23.6798,23.6798,23.6798,0
2024-03-08,23.705,23.705,23.705,23.705,0
2024-03-11,24.2311,24.2311,24.2311,24.2311,14
2024-03-12,24.3037,24.3037,24.3037,24.3037,16
2024-03-13,24.2308,24.2308,24.2308,24.2308,2
2024-03-14,24.0913,24.0913,24.0913,24.0913,0
2024-03-15,24.155,24.155,24.155,24.155,10
2024-03-18,24.2033,24.2033,24.2033,24.2033,0
2024-03-19,24.1969,24.1969,24.1969,24.1969,51
2024-03-20,24.1007,24.1007,24.1007,24.1007,2
2024-03-21,23.8386,23.8386,23.8386,23.8386,3
2024-03-22,23.5645,23.5645,23.5645,23.5645,2
2024-03-25,23.5391,23.5391,23.5391,23.5391,0
2024-03-26,23.615,23.615,23.615,23.615,109
2024-03-27,23.45,23.45,23.45,23.45,2
2024-03-28,23.6032,23.6032,23.6032,23.6032,0
2024-04-01,24.0,24.0,24.0,24.0,7
2024-04-02,23.8974,23.8974,23.8974,23.8974,52
2024-04-03,23.8438,23.8438,23.8438,23.8438,2
2024-04-04,23.98,23.8464,23.98,23.8464,363
2024-04-05,23.74,23.74,23.74,23.74,10
2024-04-08,23.5704,23.51,23.5704,23.51,243
2024-04-09,23.75,23.72,23.75,23.64,23519
2024-04-10,23.3034,23.3034,23.3034,23.3034,2
2024-04-11,23.4626,23.4626,23.4626,23.4626,0
2024-04-12,23.2516,23.2516,23.2516,23.2516,0
2024-04-15,23.6164,23.6164,23.6164,23.6164,2
2024-04-16,23.4661,23.4661,23.4661,23.4661,5
2024-04-17,23.75,23.7395,23.75,23.7395,201
2024-04-18,23.76,23.91,23.91,23.76,1068
2024-04-19,23.7407,23.7407,23.7407,23.7407,0
2024-04-22,23.77,23.77,23.77,23.77,12
2024-04-23,23.7811,23.7811,23.7811,23.7811,2
2024-04-24,23.8303,23.8303,23.8303,23.8303,2
2024-04-25,23.9584,23.9584,23.9584,23.9584,0
2024-04-26,24.3598,24.3598,24.3598,24.3598,0
2024-04-29,24.72,24.86,24.86,24.72,195
2024-04-30,24.6564,24.6564,24.6564,24.6564,0
2024-05-01,24.6656,24.6656,24.6656,24.6656,2
2024-05-02,25.32,25.32,25.32,25.32,301
2024-05-03,25.35,25.35,25.35,25.35,230
2024-05-06,25.425,25.425,25.425,25.425,0
2024-05-07,25.3489,25.3489,25.3489,25.3489,13
2024-05-08,25.1042,25.1042,25.1042,25.1042,2
2024-05-09,25.5382,25.5382,25.5382,25.5382,0
2024-05-10,25.3645,25.3645,25.3645,25.3645,6
2024-05-13,25.3561,25.3561,25.3561,25.3561,2
2024-05-14,25.32,25.2941,25.37,25.24,15739
2024-05-15,25.3183,25.3183,25.3183,25.3183,2
2024-05-16,25.32,25.3293,25.3293,25.315,1902
2024-05-17,25.445,25.445,25.445,25.445,1
2024-05-20,25.081,25.1401,25.1401,25.081,490
2024-05-21,24.9751,24.9751,24.9751,24.9751,13
2024-05-22,24.8986,24.8986,24.8986,24.8986,2
2024-05-23,24.5352,24.5352,24.5352,24.5352,2
2024-05-24,24.33,24.33,24.33,24.33,172
2024-05-28,24.2753,24.2753,24.2753,24.2753,16
2024-05-29,24.2159,24.2159,24.2159,24.2159,0
2024-05-30,24.2302,24.4322,24.4322,24.2302,3208
2024-05-31,24.207,24.207,24.207,24.207,38
2024-06-03,24.2782,24.2782,24.2782,24.2782,2
2024-06-04,24.7004,24.7004,24.7004,24.7004,14
2024-06-05,24.5501,24.5501,24.5501,24.5501,2
2024-06-06,24.6202,24.6202,24.6202,24.6202,0
2024-06-07,24.2574,24.2574,24.2574,24.2574,2
2024-06-10,24.3052,24.3052,24.3052,24.3052,2
2024-06-11,24.1202,24.1202,24.1202,24.1202,16
2024-06-12,24.17,24.18,24.18,24.17,945
2024-06-13,24.092,24.092,24.092,24.092,2
2024-06-14,24.1372,24.1372,24.1372,24.1372,0
2024-06-17,24.2554,24.2554,24.2554,24.2554,0
2024-06-18,24.335,24.29,24.335,24.29,1000
2024-06-20,23.69,23.7101,23.7101,23.6,691
2024-06-21,23.6649,23.6649,23.6649,23.6649,0
2024-06-24,23.665,23.665,23.665,23.665,31
2024-06-25,23.395,23.395,23.395,23.395,2
2024-06-26,23.505,23.505,23.505,23.505,0
2024-06-27,23.2101,23.2101,23.2101,23.2101,2
2024-06-28,23.1955,23.1955,23.1955,23.1955,43
2024-07-01,23.19,23.19,23.19,23.19,35
2024-07-02,23.0252,23.0252,23.0252,23.0252,36
2024-07-03,22.915,22.915,22.915,22.915,2
2024-07-05,22.7204,22.7753,22.7753,22.7204,213
2024-07-08,22.515,22.515,22.515,22.515,2
2024-07-09,22.8703,22.8703,22.8703,22.8703,0
2024-07-10,22.8803,22.8803,22.8803,22.8803,4
2024-07-11,23.15,23.2501,23.2501,23.11,1337
2024-07-12,23.2148,23.2148,23.2148,23.2148,2
2024-07-15,23.0799,23.0799,23.0799,23.0799,0
2024-07-16,23.2052,23.2052,23.2052,23.2052,82
2024-07-17,23.2252,23.2252,23.2252,23.2252,0
2024-07-18,23.1968,23.1968,23.1968,23.1968,0
2024-07-19,23.2,23.075,23.2,23.075,401
2024-07-22,23.1851,23.1851,23.1851,23.1851,2
2024-07-23,22.5702,22.5702,22.5702,22.5702,7
2024-07-24,22.3884,22.3884,22.3884,22.3884,4
2024-07-25,22.2788,22.2788,22.2788,22.2788,20
2024-07-26,22.4857,22.4857,22.4857,22.4857,0
2024-07-29,22.11,22.11,22.11,22.11,2
2024-07-30,22.0751,22.0751,22.0751,22.0751,0
2024-07-31,22.7473,22.7473,22.7473,22.7473,0
2024-08-01,22.3317,22.3317,22.3317,22.3317,0
2024-08-02,22.3676,22.3676,22.3676,22.3676,0
2024-08-05,22.1701,22.1701,22.1701,22.1701,0
2024-08-06,22.0413,22.0413,22.0413,22.0413,1
2024-08-07,22.15,22.1003,22.15,22.1003,321
2024-08-08,22.2327,22.2327,22.2327,22.2327,2
2024-08-09,22.1492,22.1492,22.1492,22.1492,0
2024-08-12,22.1463,22.1463,22.1463,22.1463,2
