2017-07-12,440.0,440.0,440.0,440.0,1
2017-07-13,430.0,202.1,430.0,202.1,12
2017-07-14,429.0,336.04,429.0,336.04,7
2017-07-17,373.0,550.0,550.0,350.0,11
2017-07-18,410.0,400.0,410.0,400.0,10
2017-07-19,440.0,440.0,440.0,440.0,0
2017-07-20,388.499,388.499,388.499,388.499,0
2017-07-21,350.0,350.0,350.0,350.0,2
2017-07-24,339.95,330.0,400.0,330.0,5
2017-07-25,342.09,342.09,342.09,342.09,4
2017-07-27,342.09,300.0,342.09,300.0,9
2017-07-28,334.5,334.5,334.5,334.5,0
2017-08-01,334.5,330.0,334.5,330.0,2
2017-08-03,334.5,334.5,334.5,334.5,1
2017-08-07,350.0,350.0,350.1,350.0,3
2017-08-10,440.0,490.0,490.0,440.0,5
2017-08-11,490.0,450.0,450.0,400.0,11
2017-08-16,450.0,260.0,490.0,250.0,69
2017-08-17,340.0,310.0,340.0,300.0,18
2017-08-22,300.0,300.0,300.0,300.0,2
2017-08-24,340.0,340.0,340.0,340.0,10
2017-08-28,270.0,270.0,270.0,270.0,3
2017-08-30,300.0,280.0,300.0,280.0,6
2017-09-06,290.0,290.0,290.0,290.0,3
2017-09-08,290.0,290.0,290.0,290.0,5
2017-09-11,290.0,270.0,290.0,270.0,3
2017-09-12,270.0,350.0,350.0,260.0,17
2017-09-13,378.0,400.0,400.0,378.0,16
2017-09-14,410.0,460.0,460.0,408.6,40
2017-09-15,460.0,400.0,460.0,400.0,11
2017-09-19,510.0,740.0,740.0,510.0,8
2017-09-20,720.0,510.0,850.0,510.0,17
2017-09-21,865.0,990.0,1000.0,530.677,43
2017-09-22,517.55,649.0,748.0,550.5,6
2017-09-25,850.0,660.0,660.0,550.5,6
2017-09-26,660.0,790.0,900.0,660.0,15
2017-09-27,650.0,720.0,720.0,650.0,1
2017-09-28,650.0,700.0,950.0,650.0,55
2017-09-29,610.1,610.1,610.1,610.1,0
2017-10-02,890.0,890.0,890.0,890.0,0
2017-10-03,621.2,850.0,850.0,800.0,1
2017-10-04,770.0,890.0,900.0,850.0,10
2017-10-05,690.9,880.0,880.0,620.0,8
2017-10-06,900.0,880.0,900.0,880.0,0
2017-10-09,874.0,700.0,874.0,670.8,0
2017-10-10,800.0,800.0,800.0,800.0,0
2017-10-11,715.4,830.0,850.0,715.4,2
2017-10-12,750.0,750.0,750.0,750.0,0
2017-10-13,768.4,790.0,790.0,768.4,2
2017-10-16,790.0,750.0,750.0,750.0,3
2017-10-17,717.416,680.8,717.416,680.8,4
2017-10-18,734.75,670.0,734.75,670.0,1
2017-10-19,710.0,790.0,790.0,710.0,3
2017-10-20,790.0,790.0,820.0,790.0,8
2017-10-23,760.0,760.0,760.0,760.0,0
2017-10-25,710.0,760.0,760.0,760.0,5
2017-10-26,720.0,730.0,749.0,710.0,5
2017-10-30,750.0,770.0,770.0,750.0,3
2017-10-31,740.0,661.0,740.0,661.0,1
2017-11-07,650.0,600.0,650.1,600.0,5
2017-11-08,612.5,525.0,525.0,525.0,0
2017-11-09,525.25,525.25,525.25,525.25,0
2017-11-10,550.0,550.0,550.0,550.0,3
2017-11-13,620.0,620.0,620.0,620.0,0
2017-11-15,582.2,582.2,582.2,582.2,0
2017-11-16,550.0,500.0,550.0,500.0,1
2017-11-17,550.0,550.0,550.0,550.0,0
2017-11-20,500.5,500.5,500.5,500.5,0
2017-11-21,451.0,550.0,550.0,451.0,1
2017-11-24,455.0,454.1,480.0,454.1,4
2017-11-27,498.007,498.007,498.007,498.007,1
2017-11-29,549.0,460.0,549.0,460.0,0
2017-12-01,553.0,461.0,553.0,461.0,2
2017-12-04,490.0,638.0,638.0,461.0,7
2017-12-05,540.0,513.0,540.0,513.0,2
2017-12-06,510.0,460.0,510.0,460.0,0
2017-12-07,470.5,567.8,645.0,470.5,0
2017-12-11,600.0,599.9,600.0,480.0,5
2017-12-12,471.0,480.0,480.0,471.0,2
2017-12-14,492.2,600.0,600.0,600.0,0
2017-12-18,460.0,460.0,645.0,430.8,14
2017-12-19,430.8,465.3,465.3,465.3,1
2017-12-20,440.0,550.0,550.0,550.0,0
2017-12-21,525.0,482.5,525.0,482.5,0
2017-12-22,458.3,420.0,508.3,360.0,9
2017-12-27,490.0,480.0,490.0,480.0,4
2017-12-28,480.0,415.0,480.0,415.0,3
2017-12-29,328.0,518.0,518.0,328.0,3
2018-01-02,509.0,509.0,509.0,509.0,0
2018-01-03,488.0,488.0,488.0,488.0,1
2018-01-04,332.0,488.0,488.0,332.0,1
2018-01-05,490.0,490.0,490.0,490.0,0
2018-01-08,436.5,488.0,488.0,335.0,0
2018-01-09,450.0,400.0,450.0,400.0,1
2018-01-10,410.0,500.0,500.0,410.0,1
2018-01-11,410.0,410.0,410.0,410.0,5
2018-01-12,410.0,500.0,500.0,410.0,2
2018-01-16,375.0,375.0,375.0,375.0,0
2018-01-17,450.0,450.0,450.0,450.0,2
2018-01-18,480.0,480.0,480.0,340.0,5
2018-01-19,518.0,400.0,518.0,361.5,8
2018-01-22,350.0,400.0,400.0,350.0,0
2018-01-23,380.7,380.0,380.7,355.0,16
2018-01-24,350.0,380.0,380.0,350.0,2
2018-01-25,380.0,350.0,380.0,350.0,7
2018-01-26,380.0,380.0,380.0,370.8,12
2018-01-29,380.0,380.0,380.0,380.0,2
2018-02-01,430.0,430.0,430.0,430.0,2
2018-02-06,390.0,430.0,430.0,390.0,1
2018-02-07,350.0,333.0,350.0,333.0,8
2018-02-08,400.0,440.0,440.0,400.0,7
2018-02-09,490.0,321.0,490.0,321.0,0
2018-02-13,321.0,440.0,440.0,321.0,2
2018-02-15,394.875,398.0,398.0,394.875,4
2018-02-16,269.0,270.25,440.0,269.0,2
2018-02-21,113.55,500.0,500.0,113.55,6
2018-02-27,311.2,311.2,311.2,311.2,0
2018-02-28,302.0,302.0,302.0,302.0,0
2018-03-01,350.0,350.0,350.0,350.0,2
2018-03-02,340.0,330.0,340.0,330.0,3
2018-03-05,330.0,330.0,330.0,330.0,2
2018-03-07,450.0,460.0,470.0,450.0,21
2018-03-08,470.0,452.0,470.0,452.0,2
2018-03-09,455.0,467.0,467.0,444.5,18
2018-03-12,434.0,434.0,434.0,434.0,3
2018-03-13,434.0,434.0,434.0,434.0,0
2018-03-14,434.0,500.0,500.0,434.0,8
2018-03-15,495.0,500.0,500.0,300.0,40
2018-03-16,500.0,520.0,520.0,500.0,44
2018-03-19,600.0,550.0,600.0,550.0,6
2018-03-20,585.0,600.0,600.0,580.0,5
2018-03-21,550.0,550.0,550.0,550.0,8
2018-03-22,350.0,550.0,550.0,350.0,0
2018-03-23,550.0,372.55,550.0,372.55,1
2018-03-26,500.0,550.0,550.0,452.55,1
2018-03-27,550.0,550.0,550.0,550.0,0
2018-03-28,500.0,550.0,550.0,475.0,15
2018-03-29,450.0,500.0,500.0,450.0,0
2018-04-02,590.0,590.0,590.0,590.0,0
2018-04-03,600.0,698.5,702.55,600.0,10
2018-04-04,702.5,650.0,750.0,650.0,12
2018-04-05,650.0,710.0,720.0,650.0,6
2018-04-06,700.0,660.0,700.0,660.0,7
2018-04-09,640.0,660.0,660.0,580.0,2
2018-04-10,660.0,680.0,680.0,660.0,3
2018-04-11,700.0,650.0,700.0,650.0,0
2018-04-12,640.0,637.45,640.0,510.0,15
2018-04-13,600.0,697.45,700.0,600.0,6
2018-04-17,650.0,640.0,650.0,640.0,3
2018-04-20,640.0,650.0,650.0,640.0,1
2018-04-23,590.0,619.9,620.0,590.0,1
2018-04-24,620.0,650.0,650.0,620.0,1
2018-04-25,640.0,670.0,670.0,640.0,6
2018-04-26,670.0,660.0,670.0,660.0,1
2018-04-27,680.0,680.0,680.0,650.0,1
2018-04-30,680.0,680.0,685.0,680.0,5
2018-05-01,302.0,680.0,680.0,302.0,1
2018-05-03,720.0,680.0,720.0,410.0,11
2018-05-08,680.0,747.45,800.0,457.1,37
2018-05-09,800.0,775.0,800.0,515.0,3
2018-05-16,772.45,772.45,772.45,772.45,0
2018-05-17,627.0,744.0,744.0,510.0,0
2018-05-18,740.0,740.0,740.0,740.0,0
2018-05-21,744.0,744.0,744.0,744.0,1
2018-05-22,744.0,744.0,744.0,744.0,3
2018-05-23,744.0,744.0,744.0,744.0,0
2018-05-24,680.0,670.0,680.0,670.0,1
2018-05-25,670.0,670.0,670.0,670.0,3
2018-05-29,670.0,670.0,670.0,670.0,0
2018-05-31,495.0,510.0,510.0,495.0,6
2018-06-01,570.0,570.0,570.0,570.0,0
2018-06-04,570.0,600.0,647.45,570.0,4
2018-06-07,600.0,600.0,600.0,600.0,2
2018-06-08,420.0,597.45,597.45,420.0,2
2018-06-11,590.0,590.0,590.0,590.0,8
2018-06-12,590.0,510.0,590.0,500.0,11
2018-06-13,475.0,475.0,475.0,475.0,0
2018-06-15,500.0,500.0,550.0,500.0,3
2018-06-18,550.0,650.0,650.0,550.0,10
2018-06-19,650.0,650.0,670.0,650.0,27
2018-06-20,700.0,800.0,1010.0,700.0,121
2018-06-22,700.0,750.0,750.0,700.0,1
2018-06-25,650.0,650.0,650.0,650.0,2
2018-06-26,899.5,899.5,899.5,899.5,0
2018-06-27,750.0,810.0,875.0,750.0,20
2018-06-28,810.0,850.0,850.0,810.0,18
2018-06-29,850.0,850.0,850.0,850.0,1
2018-07-02,820.0,820.0,820.0,820.0,0
2018-07-03,900.0,900.0,900.0,900.0,0
2018-07-05,900.0,900.0,900.0,900.0,0
2018-07-06,820.0,820.0,820.0,820.0,0
2018-07-09,877.45,877.45,877.45,877.45,0
2018-07-10,820.0,820.0,820.0,820.0,1
2018-07-11,820.0,820.0,820.0,820.0,2
2018-07-12,700.0,700.0,700.0,700.0,0
2018-07-13,700.0,847.45,870.0,700.0,2
2018-07-16,830.0,830.0,830.0,830.0,0
2018-07-17,750.0,680.0,750.0,602.55,6
2018-07-18,680.0,850.0,850.0,680.0,21
2018-07-19,870.0,750.0,940.0,750.0,22
2018-07-20,610.0,889.9,889.9,610.0,0
2018-07-23,850.0,880.0,899.0,780.0,13
2018-07-24,880.0,880.0,880.0,880.0,3
2018-07-25,710.0,890.0,890.0,710.0,0
2018-07-27,720.0,720.0,720.0,720.0,0
2018-07-30,890.0,890.0,890.0,890.0,0
2018-07-31,750.0,920.0,947.5,750.0,30
2018-08-01,920.0,950.0,950.0,920.0,52
2018-08-02,955.0,960.0,960.0,940.0,20
2018-08-03,970.0,990.0,1000.0,970.0,23
2018-08-06,990.0,875.0,1040.0,730.1,59
2018-08-07,875.0,975.0,1050.0,875.0,2
2018-08-08,1000.0,1030.0,1040.0,1000.0,21
2018-08-09,1020.0,1030.0,1030.0,1020.0,8
2018-08-10,1030.0,1050.0,1050.0,1030.0,10
2018-08-13,1005.0,1100.0,1100.0,1005.0,12
2018-08-14,1100.0,1100.0,1100.0,1075.0,26
2018-08-17,1100.0,1100.0,1100.0,1000.0,9
2018-08-20,1150.0,1150.0,1150.0,801.2,2
2018-08-21,1025.0,1036.0,1150.0,1025.0,1
2018-08-22,1030.0,1090.0,1150.0,1030.0,2
2018-08-23,1150.0,1150.0,1150.0,1085.0,3
2018-08-24,1150.0,1150.0,1150.0,1100.0,4
2018-08-27,1150.0,1150.0,1150.0,1150.0,0
2018-08-28,1130.0,1000.0,1135.0,820.0,13
2018-08-30,830.0,991.0,991.0,830.0,0
2018-08-31,910.0,1000.0,1000.0,910.0,2
2018-09-04,1000.0,1000.0,1000.0,1000.0,0
2018-09-05,825.0,1000.0,1000.0,825.0,8
2018-09-07,822.55,950.0,950.0,822.55,5
2018-09-10,1000.0,995.0,1000.0,820.2,8
2018-09-11,811.5,990.0,990.0,811.5,4
2018-09-12,980.0,980.0,980.0,980.0,0
2018-09-14,1000.0,990.0,1000.0,830.0,1
2018-09-19,990.0,990.0,990.0,990.0,10
2018-09-20,990.0,1000.0,1000.0,990.0,42
2018-09-21,1050.0,1000.0,1050.0,1000.0,10
2018-09-24,1100.0,1000.0,1100.0,1000.0,7
2018-09-25,1200.0,1100.0,1200.0,1100.0,6
2018-09-26,930.9,1000.0,1050.0,700.0,14
2018-09-27,1000.0,1000.0,1000.0,1000.0,1
2018-09-28,1030.0,1030.0,1030.0,1030.0,0
2018-10-01,1060.0,900.0,1060.0,900.0,7
2018-10-02,1060.0,2290.0,2490.0,1010.0,240
2018-10-03,2000.0,2040.0,2990.0,1460.0,1335
2018-10-04,2000.0,1410.0,2000.0,1410.0,43
2018-10-05,1540.0,1550.0,1560.0,1410.0,21
2018-10-08,1500.0,1650.0,1650.0,1500.0,10
2018-10-09,1640.0,1650.0,1650.0,1640.0,6
2018-10-10,1690.0,1849.9,1880.0,1650.0,8
2018-10-11,1790.0,1830.0,1830.0,1790.0,2
2018-10-12,1840.0,1880.0,1880.0,1840.0,0
2018-10-15,1880.0,1500.0,1880.0,1500.0,4
2018-10-16,1500.0,1660.0,1660.0,1500.0,7
2018-10-17,1580.0,1660.0,1660.0,1580.0,2
2018-10-18,1720.0,1805.0,1805.0,1720.0,1
2018-10-19,1840.0,1900.0,1900.0,1840.0,11
2018-10-22,1680.0,1740.0,1740.0,1680.0,0
2018-10-23,1750.0,1750.0,1750.0,1750.0,0
2018-10-24,1800.0,1800.0,1800.0,1800.0,4
2018-10-25,1800.0,2100.0,2100.0,1800.0,8
2018-10-26,1850.0,1950.0,1950.0,1850.0,5
2018-10-29,2000.0,1800.0,2000.0,1800.0,1
2018-10-30,1930.0,1800.0,1930.0,1800.0,0
2018-11-01,1950.0,1810.0,1950.0,1810.0,1
2018-11-02,2250.0,2100.0,2500.0,2100.0,4
2018-11-05,2000.0,2000.0,2000.0,2000.0,0
2018-11-06,2100.0,2150.0,2150.0,2095.0,3
2018-11-07,2100.0,2000.0,2100.0,2000.0,1
2018-11-08,2002.5,2200.0,2200.0,2000.0,6
2018-11-09,2202.5,2100.0,2202.5,2000.0,10
2018-11-12,2080.5,2050.0,2250.0,2050.0,2
2018-11-13,2110.0,2290.0,2500.0,2100.0,5
2018-11-14,2096.0,2096.0,2096.0,2096.0,0
2018-11-15,2050.0,2050.0,2050.0,2050.0,1
2018-11-16,2060.0,2060.0,2060.0,2060.0,1
2018-11-19,2060.0,2060.0,2060.0,2060.0,1
2018-11-20,2060.0,2050.0,2175.0,2050.0,12
2018-11-21,2050.0,1800.0,2050.0,1800.0,10
2018-11-23,1990.0,2400.0,2400.0,1990.0,2
2018-11-26,2150.0,1965.0,2250.0,1965.0,12
2018-11-27,2100.0,2300.0,2300.0,2010.0,9
2018-11-28,2200.0,2240.0,2250.0,2000.0,9
2018-11-29,2170.0,2250.0,2250.0,1850.0,2
2018-11-30,2000.0,2200.0,2200.0,2000.0,11
2018-12-03,2050.0,2100.0,2250.0,2000.0,10
2018-12-07,2000.0,2150.0,2150.0,1770.0,4
2018-12-10,2110.0,2110.0,2250.0,1790.0,10
2018-12-11,2000.0,2200.0,2200.0,1950.0,7
2018-12-14,2010.0,2190.0,2190.0,2000.0,4
2018-12-17,2100.0,2100.0,2100.0,2100.0,0
2018-12-18,1760.0,2050.0,2050.0,1500.0,3
2018-12-19,1600.0,2100.0,2100.0,1500.0,6
2018-12-20,1500.0,1500.0,1500.0,1500.0,0
2018-12-21,2100.0,2000.0,2100.0,2000.0,3
2018-12-24,2000.0,2000.0,2000.0,1500.0,4
2018-12-26,2000.0,1990.0,2000.0,1410.0,1
2018-12-28,1500.0,2000.0,2000.0,1500.0,1
2018-12-31,1310.0,2000.0,2000.0,1310.0,2
2019-01-02,1450.0,1450.0,1450.0,1450.0,0
2019-01-03,1450.0,2220.0,2350.0,1450.0,87
2019-01-04,2050.0,2030.0,2090.0,1890.0,94
2019-01-07,1975.0,1975.0,1975.0,1975.0,2
2019-01-08,1961.0,1960.0,1961.0,1900.0,1
2019-01-09,1900.0,1850.0,2000.0,1710.0,11
2019-01-10,1800.0,1850.0,1850.0,1800.0,5
2019-01-11,1800.0,1850.0,1850.0,1800.0,1
2019-01-14,1840.0,1840.0,1840.0,1800.0,1
2019-01-15,1795.0,1800.0,1850.0,1795.0,3
2019-01-17,1800.0,1800.0,1800.0,1800.0,0
2019-01-18,1750.0,1850.0,1850.0,1750.0,0
2019-01-22,1600.0,1850.0,1850.0,1600.0,3
2019-01-24,1750.0,1850.0,1950.0,1350.0,7
2019-01-25,1650.0,1800.0,1800.0,1510.0,1
2019-01-29,1625.0,1900.0,1900.0,1560.0,4
2019-01-30,1800.0,1850.0,1850.0,1800.0,1
2019-01-31,1750.0,1850.0,1875.0,1750.0,1
2019-02-01,1775.0,1800.0,1800.0,1750.0,2
2019-02-04,1775.0,1800.0,1800.0,1740.0,4
2019-02-05,1800.0,1800.0,1800.0,1650.0,2
2019-02-07,1690.0,1800.0,1800.0,1650.0,5
2019-02-08,1730.0,1800.0,1800.0,1730.0,0
2019-02-11,1650.0,1850.0,1850.0,1650.0,6
2019-02-12,1800.0,1650.0,1800.0,1650.0,9
2019-02-13,1630.0,1550.0,1750.0,1548.0,7
2019-02-14,1550.0,1529.0,1700.0,1529.0,3
2019-02-15,1700.0,1700.0,1750.0,1700.0,5
2019-02-19,1524.5,1520.0,2000.0,1520.0,5
2019-02-20,1800.0,1543.5,1800.0,1543.5,0
2019-02-21,1800.0,1657.5,1800.0,1657.5,0
2019-02-22,1850.0,1800.0,1890.0,1790.0,2
2019-02-25,1730.0,1750.0,1810.0,1670.0,2
2019-02-26,1750.0,1740.0,1750.0,1740.0,0
2019-02-27,1790.0,1790.0,1790.0,1790.0,0
2019-02-28,1790.0,1600.0,1790.0,1600.0,1
2019-03-01,1600.0,1850.0,1952.5,1600.0,7
2019-03-04,1600.0,1600.0,1900.0,1600.0,3
2019-03-05,1560.0,1610.0,1610.0,1550.0,1
2019-03-06,1710.0,1670.0,1800.0,1670.0,3
2019-03-07,1310.0,1560.0,1800.0,1310.0,11
2019-03-08,1592.5,1520.0,1880.0,1420.0,14
2019-03-11,1497.5,1697.5,1697.5,1497.5,7
2019-03-12,1650.0,1650.0,1650.0,1650.0,0
2019-03-13,1650.0,1360.0,1650.0,1360.0,0
2019-03-14,1500.0,1600.0,1600.0,1500.0,0
2019-03-15,1770.0,1610.0,1770.0,1610.0,1
2019-03-18,1800.0,1730.0,1800.0,1370.0,8
2019-03-19,1690.0,1700.0,1700.0,1690.0,2
2019-03-20,1550.0,1600.0,1600.0,1360.0,1
2019-03-21,1500.0,1650.0,1650.0,1500.0,0
2019-03-26,1410.0,1650.0,1650.0,1410.0,2
2019-03-27,1640.0,1610.0,1640.0,1610.0,0
2019-03-28,1530.0,1530.0,1530.0,1530.0,0
2019-03-29,1400.0,1550.0,1550.0,1400.0,6
2019-04-01,1590.0,1590.0,1590.0,1590.0,0
2019-04-02,1545.0,1545.0,1545.0,1545.0,0
2019-04-03,1370.0,1370.0,1370.0,1370.0,1
2019-04-04,1370.0,1500.0,1500.0,1320.0,2
2019-04-05,1500.0,1500.0,1500.0,1500.0,2
2019-04-08,1900.0,1900.0,1900.0,1900.0,0
2019-04-09,1550.0,1490.0,1550.0,1490.0,2
2019-04-10,1480.0,1500.0,1500.0,1480.0,0
2019-04-11,1490.0,1500.0,1500.0,1490.0,2
2019-04-12,1490.0,1490.0,1490.0,1490.0,0
2019-04-15,1495.0,1495.0,1495.0,1495.0,0
2019-04-18,1395.0,1480.0,1480.0,1395.0,0
2019-04-23,1310.0,1460.0,1460.0,1300.0,8
2019-04-24,1300.0,1300.0,1300.0,1240.0,15
2019-04-25,1250.0,1250.0,1250.0,1250.0,0
2019-04-26,1240.0,1060.0,1290.0,1060.0,7
2019-04-29,1020.0,1300.0,1350.0,1020.0,6
2019-04-30,1300.0,1300.0,1300.0,1300.0,2
2019-05-01,1020.0,1450.0,1450.0,1020.0,10
2019-05-02,1400.0,1430.0,1430.0,1350.0,13
2019-05-03,1415.0,1401.5,1415.0,1400.0,3
2019-05-06,1400.0,1415.0,1415.0,1400.0,0
2019-05-09,1380.0,1380.0,1380.0,1380.0,0
2019-05-10,1380.0,1380.0,1380.0,1380.0,0
2019-05-13,1380.0,1380.0,1380.0,1380.0,1
2019-05-14,1100.0,1350.0,1350.0,1100.0,29
2019-05-15,1300.0,1260.0,1390.0,1260.0,8
2019-05-16,1210.0,1210.0,1210.0,1110.0,0
2019-05-17,1110.0,1200.0,1250.0,1110.0,1
2019-05-20,1270.0,1200.0,1270.0,1200.0,0
2019-05-21,1100.0,1100.0,1100.0,1100.0,0
2019-05-22,1100.0,1100.0,1150.0,1100.0,1
2019-05-23,1200.0,1390.0,1400.0,1200.0,2
2019-05-24,1400.0,1340.0,1400.0,1340.0,1
2019-05-28,1370.0,1370.0,1370.0,1370.0,2
2019-05-29,1150.0,1400.0,1400.0,1020.0,1
2019-05-30,1360.0,1300.0,1360.0,1300.0,0
2019-05-31,1250.0,1250.0,1250.0,1250.0,0
2019-06-03,1250.0,1100.0,1250.0,1020.0,1
2019-06-04,1020.0,1340.0,1340.0,1020.0,4
2019-06-07,1350.0,1400.0,1400.0,1350.0,11
2019-06-10,1400.0,1370.0,1400.0,1370.0,0
2019-06-12,1280.0,1350.0,1350.0,1110.0,4
2019-06-13,1250.0,1290.0,1290.0,1060.0,2
2019-06-17,1290.0,1290.0,1290.0,1290.0,0
2019-06-18,1050.0,1050.0,1050.0,1050.0,0
2019-06-19,1350.0,1310.0,1350.0,1310.0,1
2019-06-20,NaN,1310.0,NaN,NaN,0
2019-06-21,1050.0,1050.0,1050.0,1020.0,0
2019-06-24,1050.0,1050.0,1050.0,1020.0,2
2019-06-25,1000.0,1000.0,1000.0,1000.0,0
2019-06-26,1020.0,1000.0,1020.0,1000.0,2
2019-06-27,1100.0,1100.0,1100.0,1100.0,0
2019-06-28,900.0,1090.0,1090.0,900.0,0
2019-07-02,977.5,1000.0,1000.0,977.5,0
2019-07-03,896.1,1000.0,1000.0,896.1,4
2019-07-08,1000.0,1000.0,1000.1,1000.0,0
2019-07-09,1010.0,1010.0,1010.0,1010.0,2
2019-07-10,750.0,1000.0,1000.0,750.0,1
2019-07-11,NaN,1000.0,NaN,NaN,0
2019-07-15,1000.0,1000.0,1000.0,1000.0,2
2019-07-17,NaN,1000.0,NaN,NaN,0
2019-07-18,760.0,1310.0,1340.0,760.0,0
2019-07-19,760.0,1290.0,1290.0,760.0,0
2019-07-22,760.0,760.0,760.0,760.0,1
2019-07-23,1000.0,1000.0,1000.0,1000.0,0
2019-07-24,1000.0,1000.0,1000.0,1000.0,0
2019-07-25,900.0,900.0,900.0,900.0,1
2019-07-29,760.0,900.0,900.0,760.0,5
2019-07-30,NaN,900.0,NaN,NaN,0
2019-08-02,NaN,900.0,NaN,NaN,0
2019-08-06,800.0,760.0,800.0,760.0,0
2019-08-07,750.0,890.0,890.0,700.0,4
2019-08-09,526.0,740.0,750.0,417.7,20
2019-08-12,735.0,600.0,735.0,600.0,2
2019-08-13,600.0,750.0,950.0,600.0,70
2019-08-14,367.7,550.0,700.0,367.7,11
2019-08-15,550.0,550.0,550.0,550.0,4
2019-08-16,550.0,819.9,850.0,500.0,75
2019-08-19,569.9,400.0,610.0,110.0,221
2019-08-20,400.0,420.0,420.0,350.0,16
2019-08-21,420.0,450.0,450.0,420.0,2
2019-08-22,400.0,400.0,400.0,350.0,6
2019-08-23,420.0,595.0,595.0,420.0,11
2019-08-26,360.0,595.0,360.0,360.0,0
2019-08-27,361.0,420.0,450.0,360.0,13
2019-08-28,370.0,430.0,430.0,370.0,5
2019-08-29,430.0,430.0,430.0,430.0,2
2019-08-30,430.0,439.0,439.0,430.0,17
2019-09-03,370.1,370.0,370.1,370.0,9
2019-09-04,430.1,400.0,450.0,400.0,8
2019-09-05,NaN,400.0,NaN,NaN,0
2019-09-06,400.0,400.0,400.0,400.0,0
2019-09-09,393.6,393.6,393.6,393.6,1
2019-09-10,400.0,400.0,400.0,400.0,0
2019-09-12,435.0,370.0,435.0,370.0,3
2019-09-17,370.0,370.0,370.0,370.0,2
2019-09-19,400.0,400.0,400.0,400.0,0
2019-09-23,400.0,400.0,400.0,400.0,2
2019-09-24,430.0,430.0,430.0,430.0,7
2019-09-26,425.0,430.0,430.0,425.0,5
2019-09-30,400.0,360.0,400.0,350.0,9
2019-10-01,300.0,370.0,370.0,250.0,12
2019-10-03,370.0,370.0,370.0,370.0,2
2019-10-04,370.0,370.0,370.0,370.0,7
2019-10-07,NaN,370.0,NaN,NaN,0
2019-10-10,400.0,400.0,400.0,400.0,5
2019-10-11,424.9,300.1,700.0,300.1,65
2019-10-14,646.0,596.0,646.0,596.0,0
2019-10-15,600.0,600.0,600.0,600.0,3
2019-10-17,600.0,600.0,600.0,600.0,1
2019-10-21,600.0,650.0,650.0,600.0,8
2019-10-22,620.0,588.0,620.0,588.0,3
2019-10-23,500.0,600.0,600.0,500.0,4
2019-10-24,600.0,600.0,600.0,510.0,2
2019-10-25,600.0,600.0,600.0,600.0,1
2019-10-28,411.8,411.8,411.8,411.8,0
2019-10-30,599.0,599.0,599.0,599.0,4
2019-10-31,394.8,394.8,394.8,394.8,2
2019-11-01,600.0,650.0,650.0,600.0,8
2019-11-04,NaN,650.0,NaN,NaN,0
2019-11-05,650.0,650.0,650.0,650.0,0
2019-11-06,600.0,720.0,720.0,600.0,4
2019-11-07,NaN,720.0,NaN,NaN,0
2019-11-11,700.0,700.0,700.0,700.0,0
2019-11-12,710.0,710.0,710.0,710.0,16
2019-11-13,620.0,620.0,620.0,620.0,0
2019-11-14,620.0,620.0,620.0,620.0,5
2019-11-15,620.0,620.0,620.0,620.0,0
2019-11-18,620.0,620.0,620.0,620.0,0
2019-11-19,550.0,550.0,550.0,550.0,0
2019-11-20,NaN,550.0,NaN,NaN,0
2019-11-22,580.0,720.0,720.0,580.0,1
2019-11-25,560.0,560.0,560.0,560.0,0
2019-11-27,560.0,560.0,560.0,560.0,0
2019-12-02,620.0,720.0,750.0,620.0,31
2019-12-03,720.0,730.0,730.0,720.0,4
2019-12-04,750.0,800.0,800.0,750.0,43
2019-12-05,760.0,750.0,760.0,750.0,29
2019-12-06,750.0,560.0,750.0,560.0,4
2019-12-09,540.0,500.0,540.0,500.0,3
2019-12-10,540.0,450.0,540.0,420.0,3
2019-12-11,450.0,450.0,450.0,450.0,3
2019-12-12,849.0,700.0,849.0,700.0,9
2019-12-13,650.0,550.0,650.0,550.0,3
2019-12-16,580.0,580.0,580.0,580.0,2
2019-12-17,600.0,656.0,656.0,600.0,4
2019-12-18,608.0,510.0,608.0,510.0,2
2019-12-19,NaN,510.0,NaN,NaN,0
2019-12-20,470.0,470.0,470.0,470.0,2
2019-12-23,470.0,470.0,470.0,470.0,3
2019-12-24,470.0,470.0,470.0,470.0,0
2019-12-26,450.0,350.0,450.0,350.0,2
2019-12-27,500.0,500.0,500.0,500.0,10
2019-12-30,450.0,450.0,450.0,450.0,2
2020-01-02,376.0,400.0,400.0,376.0,0
2020-01-03,450.0,450.0,450.0,450.0,0
2020-01-06,430.0,400.0,430.0,400.0,3
2020-01-07,410.0,410.0,410.0,410.0,0
2020-01-08,410.0,510.0,510.0,410.0,3
2020-01-10,410.0,376.0,410.0,376.0,4
2020-01-13,301.0,790.0,800.0,301.0,2
2020-01-14,300.2,699.9,700.0,300.1,7
2020-01-16,310.5,310.5,310.5,310.5,0
2020-01-17,490.0,490.0,500.0,490.0,0
2020-01-22,400.0,360.0,400.0,350.0,3
2020-01-23,480.0,480.0,690.0,350.0,0
2020-01-24,350.0,480.0,480.0,350.0,4
2020-01-27,595.0,350.0,595.0,350.0,3
2020-01-28,490.0,490.0,490.0,490.0,0
2020-01-29,320.0,320.0,320.0,320.0,2
2020-01-30,680.0,550.0,680.0,550.0,0
2020-01-31,NaN,550.0,NaN,NaN,0
2020-02-03,400.0,400.0,400.0,400.0,5
2020-02-04,NaN,400.0,NaN,NaN,0
2020-02-05,400.0,400.0,400.0,400.0,2
2020-02-06,529.9,529.9,529.9,490.0,35
2020-02-07,480.0,400.0,530.0,400.0,23
2020-02-10,400.0,500.0,530.1,400.0,56
2020-02-11,480.0,480.0,480.0,480.0,2
2020-02-13,445.0,480.0,480.0,410.0,13
2020-02-14,470.0,470.0,470.0,470.0,33
2020-02-18,355.0,480.0,480.0,355.0,3
2020-02-19,400.0,400.0,400.0,400.0,2
2020-02-20,470.0,390.0,470.0,390.0,0
2020-02-21,380.0,380.0,380.0,380.0,4
2020-02-24,500.0,360.0,500.0,350.0,7
2020-02-25,440.0,360.0,440.0,360.0,3
2020-02-26,360.0,360.0,360.0,360.0,3
2020-02-27,360.0,360.0,360.0,360.0,0
2020-02-28,350.0,335.0,350.0,335.0,3
2020-03-02,335.0,300.2,390.0,300.2,3
2020-03-03,320.0,500.0,500.0,320.0,3
2020-03-04,NaN,500.0,NaN,NaN,0
2020-03-05,439.95,340.0,480.0,340.0,17
2020-03-06,550.0,550.0,550.0,550.0,0
2020-03-09,450.0,319.7,450.0,319.7,3
2020-03-10,360.0,360.0,360.0,360.0,2
2020-03-11,350.2,330.1,350.2,330.1,0
2020-03-12,300.2,300.0,400.0,300.0,16
2020-03-13,379.0,360.0,379.0,349.5,4
2020-03-16,320.0,320.0,320.0,320.0,3
2020-03-17,330.0,330.0,330.0,330.0,0
2020-03-18,300.0,320.0,320.0,300.0,4
2020-03-19,NaN,320.0,NaN,NaN,0
2020-03-20,300.0,300.0,300.0,300.0,2
2020-03-24,300.0,300.0,300.0,300.0,5
2020-03-25,300.0,300.0,300.0,300.0,0
2020-03-26,390.0,300.0,390.0,290.55,5
2020-03-30,NaN,300.0,NaN,NaN,0
2020-03-31,320.0,279.0,320.0,279.0,4
2020-04-01,320.0,320.0,320.0,320.0,3
2020-04-02,250.0,320.0,320.0,250.0,3
2020-04-03,250.0,250.0,250.0,250.0,7
2020-04-06,285.0,285.0,320.0,285.0,5
2020-04-08,285.0,285.0,285.0,285.0,3
2020-04-09,400.0,400.0,400.0,400.0,0
2020-04-13,300.0,285.0,300.0,285.0,2
2020-04-14,295.0,290.0,295.0,290.0,5
2020-04-16,300.0,250.0,300.0,250.0,5
2020-04-20,300.0,250.0,300.0,250.0,6
2020-04-21,270.0,270.0,270.0,270.0,0
2020-04-23,280.0,156.1,280.0,156.1,7
2020-04-27,250.0,156.1,250.0,156.1,5
2020-04-28,156.0,156.0,156.0,156.0,8
2020-04-29,156.0,156.0,156.0,156.0,0
2020-04-30,156.0,150.0,156.0,147.0,18
2020-05-01,180.0,200.0,200.0,180.0,12
2020-05-04,160.0,160.0,160.0,160.0,0
2020-05-06,160.0,160.0,160.0,160.0,8
2020-05-07,144.0,144.0,144.0,144.0,3
2020-05-11,170.0,170.0,170.0,170.0,0
2020-05-13,NaN,170.0,NaN,NaN,0
2020-05-14,144.0,144.0,144.0,144.0,5
2020-05-15,144.0,170.0,175.0,144.0,9
2020-05-18,NaN,170.0,NaN,NaN,0
2020-05-19,170.0,170.0,170.0,170.0,15
2020-05-20,170.0,170.0,170.0,170.0,5
2020-05-21,144.1,170.0,170.0,144.0,11
2020-05-22,145.0,145.0,145.0,145.0,0
2020-05-26,170.0,170.0,170.0,170.0,2
2020-05-27,144.0,144.0,144.0,144.0,0
2020-05-28,NaN,144.0,NaN,NaN,0
2020-06-03,170.0,170.0,170.0,170.0,1
2020-06-04,170.0,144.0,170.0,144.0,15
2020-06-05,170.0,170.0,200.0,160.0,23
2020-06-08,116.0,200.0,200.0,116.0,0
2020-06-09,145.0,145.0,145.0,145.0,0
2020-06-10,200.0,200.0,200.0,200.0,5
2020-06-12,200.0,200.0,200.0,200.0,5
2020-06-15,220.0,220.0,220.0,220.0,6
2020-06-16,220.0,220.0,220.0,220.0,24
2020-06-17,220.0,220.0,220.0,220.0,5
2020-06-18,215.0,160.0,220.0,160.0,24
2020-06-19,220.0,220.0,220.0,220.0,12
2020-06-22,220.0,190.0,220.0,190.0,12
2020-06-23,220.0,220.0,220.0,210.0,167
2020-06-24,234.85,240.0,240.0,234.85,18
2020-06-25,240.0,240.0,249.9,240.0,65
2020-06-26,240.0,240.0,240.0,240.0,20
2020-06-30,180.1,170.1,240.0,170.1,88
2020-07-02,200.0,250.0,250.0,200.0,46
2020-07-06,270.0,290.0,290.0,270.0,51
2020-07-07,317.0,280.0,317.0,275.0,52
2020-07-08,NaN,280.0,NaN,NaN,0
2020-07-09,320.0,350.0,350.0,320.0,3
2020-07-10,290.0,290.0,290.0,290.0,0
2020-07-13,300.0,290.0,300.0,290.0,18
2020-07-14,NaN,290.0,NaN,NaN,0
2020-07-15,320.0,320.0,320.0,305.0,35
2020-07-16,340.0,310.0,340.0,310.0,36
2020-07-17,310.0,310.0,310.0,250.0,15
2020-07-20,330.0,330.0,330.0,330.0,1
2020-07-21,300.0,250.0,300.0,97.0,183
2020-07-22,300.0,290.0,300.0,290.0,11
2020-07-23,300.0,290.0,300.0,290.0,39
2020-07-24,NaN,290.0,NaN,NaN,0
2020-07-27,300.0,300.0,300.0,300.0,32
2020-07-28,300.0,300.0,300.0,300.0,43
2020-07-29,300.0,340.0,340.0,295.0,41
2020-07-30,322.0,320.0,322.0,295.0,14
2020-07-31,340.0,340.0,340.0,295.0,38
2020-08-03,330.0,310.0,330.0,270.0,10
2020-08-04,309.0,310.0,310.0,309.0,25
2020-08-05,300.0,400.0,400.0,300.0,105
2020-08-06,350.0,300.0,350.0,265.0,41
2020-08-07,300.0,750.0,750.0,300.0,123
2020-08-10,750.0,590.0,750.0,350.0,19
2020-08-11,500.0,500.0,500.0,450.0,10
2020-08-12,700.0,600.0,700.0,560.0,19
2020-08-13,700.0,500.0,700.0,500.0,14
2020-08-14,500.0,400.0,500.0,400.0,10
2020-08-17,450.0,400.0,450.0,400.0,15
2020-08-18,690.0,450.0,690.0,435.1,30
2020-08-19,500.0,450.0,500.0,450.0,3
2020-08-20,440.0,510.0,600.0,440.0,54
2020-08-21,600.0,600.0,600.0,600.0,3
2020-08-24,511.0,500.0,598.0,365.0,47
2020-08-25,480.0,480.0,480.0,480.0,5
2020-08-27,460.0,400.0,460.0,400.0,5
2020-08-28,400.0,400.0,400.0,400.0,10
2020-09-01,360.0,430.0,500.0,360.0,48
2020-09-02,360.0,400.0,420.0,360.0,9
2020-09-04,390.0,420.0,420.0,390.0,11
2020-09-10,380.0,430.0,430.0,380.0,5
2020-09-14,440.0,440.0,440.0,440.0,5
2020-09-15,595.0,595.0,595.0,595.0,0
2020-09-17,410.0,410.0,410.0,410.0,0
2020-09-18,498.0,420.0,498.0,420.0,24
2020-09-21,400.0,400.0,400.0,400.0,7
2020-09-23,360.0,360.0,360.0,360.0,0
2020-09-24,380.0,380.0,380.0,380.0,20
2020-09-25,320.0,380.0,380.0,310.0,6
2020-09-28,380.0,380.0,380.0,380.0,0
2020-09-29,380.0,440.0,440.0,380.0,4
2020-09-30,380.0,380.0,460.0,380.0,47
2020-10-01,NaN,380.0,NaN,NaN,0
2020-10-02,378.0,410.0,420.0,360.0,56
2020-10-05,410.0,408.0,410.0,400.0,14
2020-10-06,460.0,390.0,468.0,390.0,4
2020-10-07,468.0,468.0,468.0,468.0,3
2020-10-08,460.0,360.0,460.0,360.0,32
2020-10-09,450.0,390.0,450.0,390.0,10
2020-10-12,400.0,400.0,400.0,400.0,3
2020-10-14,380.0,385.0,390.0,380.0,6
2020-10-15,392.5,375.0,392.5,375.0,1
2020-10-16,350.0,385.0,385.0,350.0,2
2020-10-19,380.0,380.0,380.0,380.0,39
2020-10-20,380.0,370.0,380.0,370.0,18
2020-10-21,360.0,400.0,400.0,360.0,42
2020-10-22,390.0,390.0,390.0,390.0,1
2020-10-23,380.0,390.0,390.0,350.0,30
2020-10-26,381.0,385.0,390.0,381.0,0
2020-10-27,390.0,390.0,390.0,385.0,3
2020-10-28,385.0,360.0,385.0,360.0,3
2020-10-29,390.0,360.0,400.0,360.0,70
2020-10-30,NaN,360.0,NaN,NaN,0
2020-11-02,350.0,352.5,352.5,350.0,3
2020-11-03,450.0,360.0,450.0,360.0,3
2020-11-05,NaN,360.0,NaN,NaN,0
2020-11-09,350.0,385.0,385.0,310.0,19
2020-11-10,385.0,330.0,385.0,320.0,2
2020-11-12,370.0,370.0,370.0,370.0,5
2020-11-13,375.0,340.0,380.0,335.0,10
2020-11-16,352.5,380.0,380.0,352.5,10
2020-11-17,NaN,380.0,NaN,NaN,0
2020-11-18,378.25,360.0,378.25,325.0,18
2020-11-19,352.35,347.5,352.35,301.0,16
2020-11-20,370.0,350.0,370.0,330.0,18
2020-11-24,310.0,310.0,310.0,310.0,1
2020-11-25,310.0,300.0,340.0,250.0,3
2020-11-27,350.0,340.0,350.0,340.0,0
2020-11-30,260.0,380.0,380.0,260.0,76
2020-12-01,380.0,379.0,380.0,348.0,2
2020-12-02,379.0,340.0,379.0,340.0,5
2020-12-03,350.0,379.9,379.9,320.45,19
2020-12-04,379.9,380.0,380.0,379.9,6
2020-12-07,400.0,300.0,400.0,300.0,28
2020-12-08,300.0,400.0,400.0,300.0,38
2020-12-09,420.0,499.9,500.0,363.0,156
2020-12-10,730.0,450.0,730.0,390.0,81
2020-12-11,450.0,400.0,500.0,384.0,91
2020-12-14,400.0,499.9,499.9,400.0,9
2020-12-15,400.0,364.1,480.0,364.1,12
2020-12-16,360.0,499.9,499.9,360.0,41
2020-12-17,450.0,480.0,499.9,417.5,31
2020-12-18,426.0,480.0,480.0,362.0,32
2020-12-21,470.0,440.0,470.0,440.0,1
2020-12-22,400.0,440.0,440.0,400.0,12
2020-12-23,440.0,440.0,440.0,440.0,3
2020-12-24,440.0,440.0,440.0,440.0,1
2020-12-28,440.0,480.0,480.0,440.0,16
2020-12-29,390.0,390.0,459.9,390.0,35
2020-12-30,430.0,420.0,430.0,385.2,6
2020-12-31,420.0,420.0,430.0,420.0,1
2021-01-04,384.4,430.0,430.0,384.4,2
2021-01-05,430.0,430.0,430.0,336.0,8
2021-01-06,430.0,420.0,430.0,420.0,21
2021-01-07,420.0,420.0,420.0,420.0,1
2021-01-08,370.6,350.0,400.0,350.0,37
2021-01-11,420.0,400.0,420.0,330.1,20
2021-01-12,400.0,400.0,400.0,375.0,6
2021-01-13,409.9,374.95,419.9,350.0,14
2021-01-14,375.0,400.0,409.9,375.0,30
2021-01-15,400.0,350.0,400.0,350.0,17
2021-01-19,330.0,330.0,389.9,330.0,37
2021-01-20,370.0,450.0,450.0,340.0,314
2021-01-21,450.0,290.0,450.0,250.0,375
2021-01-22,320.0,294.9,329.9,225.5,148
2021-01-25,319.0,380.0,450.0,288.78,183
2021-01-26,439.9,399.9,440.0,360.0,15
2021-01-27,420.0,339.0,420.0,290.0,195
2021-01-28,312.5,650.0,650.0,312.5,430
2021-01-29,626.3,850.0,850.0,550.0,475
2021-02-01,87.5,87.5,90.0,87.5,157
2021-02-02,87.5,55.0,90.0,20.0,2770
2021-02-03,49.7,70.0,70.0,20.2,4646
2021-02-04,63.1,49.8,70.0,35.2,2280
2021-02-05,57.9,50.0,57.9,38.0,1940
2021-02-08,52.5,37.5,55.0,37.5,3556
2021-02-09,36.5,40.0,49.9,36.5,2335
2021-02-10,38.0,39.7,39.9,35.0,2958
2021-02-11,35.1,38.5,38.5,32.5,883
2021-02-12,38.0,37.1,38.0,29.9,2145
2021-02-16,34.1,35.0,37.1,34.1,546
2021-02-17,35.0,34.9,35.0,29.4,1770
2021-02-18,34.7,33.9,34.7,30.0,1322
2021-02-19,32.5,36.0,36.0,21.0,3828
2021-02-22,37.4,40.0,45.0,30.5,5745
2021-02-23,44.0,39.887,46.2,37.8,5608
2021-02-24,140.0,63.7,149.8,57.3,3407054
2021-02-25,70.1,62.5,74.5,51.2,194755
2021-02-26,60.1,52.1,61.4,51.3,60280
2021-03-01,52.6,49.1,53.1,46.0,66004
2021-03-02,46.8,44.8,48.687,43.2,32239
2021-03-03,44.7,38.0,44.8,37.536,29464
2021-03-04,39.208,35.1,39.5,33.301,14373
2021-03-05,36.5,35.1,36.887,33.101,11985
2021-03-08,35.4,38.6,41.1,35.25,14991
2021-03-09,39.1,38.2,41.4,37.1,11133
2021-03-10,38.089,39.2,39.3,36.75,11457
2021-03-11,40.5,40.8,42.2,39.1,11035
2021-03-12,40.3,39.2,40.693,38.8,7164
2021-03-15,39.4,41.0,42.0,39.1,9080
2021-03-16,42.0,43.3,52.4,41.7,55268
2021-03-17,40.906,42.9,44.0,40.906,10477
2021-03-18,43.1,41.9,44.865,41.7,5385
2021-03-19,42.2,42.7,44.0,41.1,7160
2021-03-22,43.4,42.8,43.4,41.0,5866
2021-03-23,42.0,39.7,42.25,38.5,6029
2021-03-24,39.0,36.3,40.4,35.8,8716
2021-03-25,36.0,37.5,38.0,35.1,3339
2021-03-26,38.5,36.6,39.9,36.3,4335
2021-03-29,36.7,35.3,38.5,35.3,3962
2021-03-30,35.3,35.0,36.149,34.0,2280
2021-03-31,36.376,35.0,36.5,34.4,3488
2021-04-01,35.5,36.5,37.5,35.5,4997
2021-04-05,36.8,36.1,36.8,35.6,2239
2021-04-06,35.7,35.65,36.5,35.3,1501
2021-04-07,36.0,35.3,36.5,35.0,1489
2021-04-08,35.5,36.1,36.4,34.9,2746
2021-04-09,29.2,27.4,29.2,27.0,239448
2021-04-12,26.6,24.3,26.6,22.1,113227
2021-04-13,23.4,23.9,23.9,22.0,52225
2021-04-14,23.0,23.0,24.4,22.5,27036
2021-04-15,23.5,21.5,23.5,21.3,20466
2021-04-16,21.8,20.5,21.8,20.0,33932
2021-04-19,20.5,21.0,21.5,19.501,29776
2021-04-20,21.3,20.3,21.3,19.8,16008
2021-04-21,20.4,21.7,22.7,19.8,18667
2021-04-22,22.7,23.8,25.3,21.7,57633
2021-04-23,23.6,23.735,24.462,23.4,12950
2021-04-26,23.5,24.0,24.6,22.8,17203
2021-04-27,24.2,23.5,24.2,23.228,7259
2021-04-28,23.5,26.6,27.3,23.5,51629
2021-04-29,29.8,27.0,29.9,24.5,56971
2021-04-30,26.5,26.3,27.5,25.2,21374
2021-05-03,25.9,28.8,32.5,25.69,131505
2021-05-04,28.3,27.3,28.709,26.3,17979
2021-05-05,26.8,27.8,30.8,25.1,115042
2021-05-06,28.2,25.0,28.794,24.0,36670
2021-05-07,25.0,24.05,26.9,24.0,24557
2021-05-10,24.2,21.3,24.8,21.0,19363
2021-05-11,21.608,22.9,23.8,20.6,12730
2021-05-12,23.0,22.5,23.3,21.8,10783
2021-05-13,22.5,21.4,23.0,21.3,5749
2021-05-14,21.1,22.2,22.9,21.1,5213
2021-05-17,22.6,21.9,22.6,21.5,3983
2021-05-18,21.938,22.8,22.8,21.7,7949
2021-05-19,21.6,22.0,22.4,21.4,8786
2021-05-20,22.1,21.2,22.3,21.2,9391
2021-05-21,22.0,21.3,22.0,21.2,8713
2021-05-24,21.4,22.7,23.8,21.224,40646
2021-05-25,23.8,21.85,23.8,21.0,12810
2021-05-26,21.6,22.0,22.5,21.2,11182
2021-05-27,22.0,23.2,23.4,21.7,15083
2021-05-28,23.0,22.2,23.4,22.1,13082
2021-06-01,23.0,22.0,23.0,21.8,8199
2021-06-02,22.0,22.7,23.2,21.4,19872
2021-06-03,23.1,22.0,23.5,21.3,19206
2021-06-04,21.9,22.8,23.3,21.61,12802
2021-06-07,23.2,23.6,23.6,22.547,9264
2021-06-08,23.8,24.3,24.9,22.6,24004
2021-06-09,24.4,24.1,24.7,23.1,10078
2021-06-10,24.0,24.1,25.5,23.8,10862
2021-06-11,24.2,25.4,25.6,24.2,13490
2021-06-14,25.8,27.1,27.3,25.0,20959
2021-06-15,27.2,25.8,27.5,25.5,7576
2021-06-16,25.8,26.8,27.0,25.1,14119
2021-06-17,26.5,27.5,27.5,25.8,11846
2021-06-18,27.0,25.1,28.2,25.1,26383
2021-06-21,25.7,25.9,26.195,24.9,10024
2021-06-22,25.5,25.8,25.9,23.798,14583
2021-06-23,26.3,26.4,26.6,25.5,5412
2021-06-24,26.5,25.5,26.965,25.0,7499
2021-06-25,25.2,25.3,25.6,24.4,9699
2021-06-28,25.0,24.5,25.12,24.0,3874
2021-06-29,24.9,24.8,25.629,24.501,3988
2021-06-30,25.3,25.1,25.7,24.0,6126
2021-07-01,25.4,24.4,25.799,24.2,7537
2021-07-02,24.251,24.2,24.251,22.2,9412
2021-07-06,23.22,23.4,23.89,21.8,5887
2021-07-07,23.3,22.0,23.7,21.5,10900
2021-07-08,21.5,21.9,23.6,21.5,9910
2021-07-09,22.0,21.6,23.0,21.6,2232
2021-07-12,22.5,22.4,22.6,21.6,4445
2021-07-13,22.3,22.6,23.1,22.0,5282
2021-07-14,22.6,21.6,22.8,21.2,8704
2021-07-15,21.6,23.2,29.9,21.2,256681
2021-07-16,22.0,22.8,23.45,21.3,29546
2021-07-19,22.5,22.7,23.3,21.2,17991
2021-07-20,22.8,22.4,23.2,22.048,11190
2021-07-21,22.5,21.5,22.7,21.1,17342
2021-07-22,21.3,20.9,22.6,20.299,15907
2021-07-23,20.799,20.3,20.799,19.6,10878
2021-07-26,20.4,19.0,20.4,19.0,10962
2021-07-27,19.3,18.6,19.3,17.65,9503
2021-07-28,19.0,18.7,19.3,18.3,2606
2021-07-29,19.85,18.8,19.85,18.5,2291
2021-07-30,19.0,18.8,19.5,18.599,2267
2021-08-02,19.038,18.9,19.2,18.7,1723
2021-08-03,19.2,19.0,19.2,18.5,2324
2021-08-04,18.9,19.5,19.5,18.6,3987
2021-08-05,19.43,20.8,21.2,19.4,5304
2021-08-06,20.8,20.8,21.0,19.2,6135
2021-08-09,20.4,21.29,21.8,20.4,8299
2021-08-10,21.6,20.9,21.6,20.2,5106
2021-08-11,21.2,20.4,21.2,19.55,8086
2021-08-12,19.8,19.8,20.4,19.1,5822
2021-08-13,19.5,20.3,20.5,19.3,2705
2021-08-16,19.501,17.3,20.3,17.0,13306
2021-08-17,18.5,16.8,19.0,15.8,11446
2021-08-18,17.3,17.6,18.9,17.1,58368
2021-08-19,17.3,17.1,17.499,17.0,4402
2021-08-20,17.4,17.0,17.641,16.2,9617
2021-08-23,17.3,17.9,18.5,17.0,4744
2021-08-24,17.7,18.8,19.799,17.7,8317
2021-08-25,18.942,18.5,19.0,18.483,2086
2021-08-26,18.2,18.2,18.698,17.5,4108
2021-08-27,18.3,18.7,19.5,17.6,4915
2021-08-30,19.1,18.8,19.4,18.2,3904
2021-08-31,18.914,18.2,19.2,17.794,3506
2021-09-01,18.2,18.2,18.6,18.0,3483
2021-09-02,18.2,18.9,19.2,18.1,3026
2021-09-03,19.1,19.6,19.8,18.6,4831
2021-09-07,19.3,18.5,19.3,17.5,4871
2021-09-08,18.7,18.1,18.7,17.5,3930
2021-09-09,18.1,18.3,18.5,18.1,1314
2021-09-10,18.2,18.0,18.35,18.0,1952
2021-09-13,18.0,18.0,18.4,17.55,2157
2021-09-14,18.199,18.3,18.3,17.628,1339
2021-09-15,18.0,18.1,18.238,17.6,3271
2021-09-16,19.2,18.5,19.2,18.0,1619
2021-09-17,18.7,18.9,19.0,18.0,2317
2021-09-20,18.0,18.7,18.7,17.7,4317
2021-09-21,19.1,19.2,20.0,18.5,15895
2021-09-22,20.8,20.8,21.2,19.869,28555
2021-09-23,21.0,19.2,21.0,18.5,17007
2021-09-24,19.0,19.245,19.594,18.9,7528
2021-09-27,19.0,18.9,19.5,18.4,8828
2021-09-28,18.7,18.7,19.3,18.5,4476
2021-09-29,18.5,18.4,18.831,18.0,2999
2021-09-30,18.6,18.4,18.7,18.0,4987
2021-10-01,18.4,18.7,19.1,18.285,2780
2021-10-04,18.8,18.6,19.2,18.39,4418
2021-10-05,19.399,18.8,19.399,18.6,2626
2021-10-06,19.7,18.0,19.7,18.0,2817
2021-10-07,18.2,17.7,18.4,17.55,3594
2021-10-08,18.0,18.2,18.2,17.7,1421
2021-10-11,18.0,17.899,18.6,17.701,499
2021-10-12,17.7,17.801,18.0,17.7,1386
2021-10-13,17.8,18.0,18.2,17.7,2351
2021-10-14,17.7,17.627,18.535,17.6,3159
2021-10-15,17.65,17.3,17.9,17.3,3634
2021-10-18,17.3,16.8,17.3,16.5,3577
2021-10-19,16.8,17.5,17.5,16.8,1088
2021-10-20,17.4,17.8,18.1,17.039,1796
2021-10-21,17.8,17.501,18.0,17.3,3269
2021-10-22,17.5,17.651,18.3,17.5,5064
2021-10-25,18.0,17.7,18.1,17.6,2921
2021-10-26,17.5,17.3,17.8,17.1,2246
2021-10-27,17.0,17.6,18.0,17.0,1291
2021-10-28,17.4,17.104,17.4,16.8,2621
2021-10-29,17.2,17.2,17.8,16.9,1903
2021-11-01,17.3,17.4,17.652,17.3,1665
2021-11-02,17.3,17.2,17.4,17.0,2461
2021-11-03,17.1,17.5,17.773,17.0,5263
2021-11-04,17.0,17.25,17.483,17.0,5246
2021-11-05,17.3,17.2,17.4,17.0,1368
2021-11-08,17.8,17.0,17.8,16.9,6323
2021-11-09,16.801,17.1,18.0,16.5,12657
2021-11-10,17.2,16.2,17.2,16.2,8890
2021-11-11,16.3,16.2,16.8,16.2,1795
2021-11-12,16.3,16.5,16.9,16.1,3033
2021-11-15,17.5,16.1,17.5,16.1,5191
2021-11-16,16.2,15.7,16.2,15.6,5470
2021-11-17,15.8,15.9,16.9,15.6,9359
2021-11-18,15.9,16.1,16.75,15.1,19996
2021-11-19,16.0,15.6,16.5,15.5,11936
2021-11-22,15.5,13.0,15.5,12.0,54252
2021-11-23,13.4,13.2,14.199,13.0,10048
2021-11-24,13.1,13.25,13.699,12.882,5841
2021-11-26,12.9,12.9,14.199,12.9,6693
2021-11-29,12.8,13.0,13.992,12.6,14626
2021-11-30,13.8,14.4,17.4,13.0,77501
2021-12-01,14.1,13.4,14.3,12.3,22562
2021-12-02,13.7,14.0,14.0,12.7,7472
2021-12-03,13.7,14.0,14.599,13.2,5939
2021-12-06,13.5,15.2,15.4,13.2,6365
2021-12-07,14.9,14.7,15.8,14.3,13139
2021-12-08,14.7,15.05,15.3,14.0,6254
2021-12-09,15.2,14.3,15.299,14.3,5343
2021-12-10,14.135,14.0,14.515,13.6,4046
2021-12-13,13.9,13.1,14.7,13.0,3154
2021-12-14,13.4,13.2,13.4,13.0,2932
2021-12-15,13.2,12.9,13.5,12.3,6371
2021-12-16,13.007,12.9,13.4,12.5,4731
2021-12-17,12.6,13.4,13.5,12.6,5247
2021-12-20,13.1,13.1,13.4,12.812,1638
2021-12-21,13.1,13.8,14.0,13.1,1860
2021-12-22,14.0,13.9,14.6,13.6,3754
2021-12-23,13.8,14.001,14.7,13.5,2159
2021-12-27,14.0,14.4,14.999,13.2,4695
2021-12-28,14.4,14.4,15.0,14.0,3202
2021-12-29,14.1,14.2,14.5,14.1,3850
2021-12-30,14.9,14.15,14.9,14.1,2826
2021-12-31,14.227,14.0,15.099,13.6,1700
2022-01-03,14.8,14.5,14.899,13.955,2551
2022-01-04,14.3,13.7,15.099,13.7,2066
2022-01-05,13.95,13.897,14.894,13.897,3513
2022-01-06,13.8,13.8,13.9,13.5,1225
2022-01-07,15.5,14.4,15.5,14.0,4314
2022-01-10,16.0,13.338,16.0,12.799,7088
2022-01-11,13.8,13.301,13.8,13.3,2656
2022-01-12,14.3,13.9,14.6,13.0,3768
2022-01-13,14.3,13.952,14.9,13.55,4266
2022-01-14,13.2,13.199,14.0,12.8,7766
2022-01-18,13.0,13.7,13.7,12.8,2254
2022-01-19,13.6,13.4,14.4,12.9,6158
2022-01-20,12.8,13.2,13.994,12.503,5283
2022-01-21,12.702,12.2,13.068,11.8,4294
2022-01-24,12.0,12.0,12.2,11.8,3622
2022-01-25,11.4,12.6,12.8,11.2,3383
2022-01-26,12.0,11.2,13.1,10.2,8596
2022-01-27,11.3,11.045,11.3,11.0,1967
2022-01-28,11.3,12.198,13.1,10.7,3837
2022-01-31,12.527,12.9,13.2,12.2,1412
2022-02-01,11.8,13.2,13.2,11.8,595
2022-02-02,13.101,13.5,13.9,13.1,1656
2022-02-03,12.9,12.3,13.5,12.3,1086
2022-02-04,10.2,11.9,13.0,10.2,5697
2022-02-07,12.3,12.3,12.755,11.7,2482
2022-02-08,12.9,12.1,12.9,11.6,534
2022-02-09,11.9,12.3,12.7,11.9,1715
2022-02-10,12.1,13.4,13.4,12.1,2256
2022-02-11,13.399,13.0,13.399,12.75,833
2022-02-14,12.916,13.1,13.4,12.76,682
2022-02-15,13.142,12.897,13.3,12.7,515
2022-02-16,12.9,13.6,13.9,12.55,1687
2022-02-17,13.4,14.0,14.8,13.4,7918
2022-02-18,14.6,14.0,14.6,13.835,1417
2022-02-22,14.2,13.3,14.2,13.3,2674
2022-02-23,13.3,13.4,14.1,13.3,970
2022-02-24,12.5,12.9,13.269,11.101,3186
2022-02-25,13.2,13.6,14.1,13.0,810
2022-02-28,13.9,13.9,14.2,12.9,2900
2022-03-01,13.9,15.0,15.449,13.4,5748
2022-03-02,16.0,16.7,16.8,14.9,5245
2022-03-03,17.0,16.4,17.0,15.6,6540
2022-03-04,16.5,16.8,16.9,16.2,5406
2022-03-07,16.3,16.4,16.9,15.4,2222
2022-03-08,16.0,17.5,17.6,15.503,5332
2022-03-09,17.3,20.0,20.5,16.784,22277
2022-03-10,20.5,23.5,23.5,19.8,12111
2022-03-11,24.0,20.9,24.0,19.6,13358
2022-03-14,21.3,22.5,23.0,20.0,6545
2022-03-15,22.2,22.5,22.8,21.3,7668
2022-03-16,22.8,24.3,24.699,21.3,8624
2022-03-17,23.5,25.5,25.8,23.404,9571
2022-03-18,26.3,27.6,30.4,25.4,45119
2022-03-21,29.3,30.2,30.3,27.7,9497
2022-03-22,31.0,30.9,31.25,29.9,17279
2022-03-23,30.3,30.1,33.2,29.0,21547
2022-03-24,32.9,25.2,32.9,25.0,34004
2022-03-25,26.8,23.0,26.9,22.9,16823
2022-03-28,21.9,22.5,23.0,21.5,12077
2022-03-29,23.8,23.8,24.0,22.13,4335
2022-03-30,23.3,24.8,25.5,23.3,8459
2022-03-31,24.3,23.1,25.292,22.9,4155
2022-04-01,23.0,21.6,23.0,21.4,8014
2022-04-04,21.6,21.9,22.1,21.509,1098
2022-04-05,21.52,21.3,21.9,20.95,4600
2022-04-06,21.1,21.9,22.0,21.1,4031
2022-04-07,22.3,21.5,22.5,21.0,10549
2022-04-08,21.9,20.4,22.0,20.4,7591
2022-04-11,18.7,20.4,20.6,17.401,5466
2022-04-12,20.0,20.5,20.5,19.881,2083
2022-04-13,20.6,22.096,22.8,20.6,7191
2022-04-14,22.601,23.0,23.8,22.601,5502
2022-04-18,22.4,22.0,22.464,21.4,4173
2022-04-19,22.1,22.0,22.7,21.9,7907
2022-04-20,22.9,22.7,23.0,22.2,4210
2022-04-21,21.9,21.9,22.2,21.85,4996
2022-04-22,22.2,22.0,22.5,21.8,6173
2022-04-25,22.4,21.5,22.4,20.772,1855
2022-04-26,20.7,21.5,21.5,20.691,450
2022-04-27,21.3,21.999,22.0,20.7,1987
2022-04-28,22.0,21.5,22.0,21.0,827
2022-04-29,21.6,22.9,23.0,21.6,7873
2022-05-02,22.5,21.4,22.9,21.12,3828
2022-05-03,21.9,21.8,22.1,21.5,2299
2022-05-04,21.8,21.3,22.0,21.2,5655
2022-05-05,20.68,19.6,21.625,18.2,9192
2022-05-06,20.9,20.5,21.0,20.0,1467
2022-05-09,20.0,20.0,20.0,18.1,2628
2022-05-10,19.527,19.6,19.88,19.1,1418
2022-05-11,20.5,20.4,20.5,19.477,1653
2022-05-12,19.9,20.0,20.9,19.2,1848
2022-05-13,20.8,20.5,20.9,20.107,1267
2022-05-16,20.5,20.4,21.0,19.9,1507
2022-05-17,20.519,20.9,20.9,19.522,828
2022-05-18,20.501,20.5,21.0,20.5,317
2022-05-19,20.5,20.05,20.6,20.05,1051
2022-05-20,20.5,19.7,20.6,19.556,939
2022-05-23,21.2,20.5,21.2,19.8,999
2022-05-24,19.9,20.1,20.6,19.5,2146
2022-05-25,19.5,20.1,20.2,19.5,966
2022-05-26,19.6,20.2,20.65,19.6,1047
2022-05-27,19.7,20.499,20.5,19.7,789
2022-05-31,20.0,20.5,20.5,20.0,465
2022-06-01,20.1,19.6,20.5,19.5,2523
2022-06-02,19.75,19.5,20.1,19.5,289
2022-06-03,20.4,19.7,20.4,19.3,426
2022-06-06,20.4,19.9,20.4,19.5,770
2022-06-07,19.115,19.1,19.65,19.1,1752
2022-06-08,19.101,19.6,19.834,18.931,804
2022-06-09,19.5,20.3,20.3,19.2,983
2022-06-10,19.6,19.5,20.0,19.301,1735
2022-06-13,18.8,18.9,19.5,18.8,4712
2022-06-14,18.8,18.1,18.8,17.1,1133
2022-06-15,18.773,18.2,18.8,17.95,500
2022-06-16,18.8,18.8,19.6,18.2,1755
2022-06-17,19.2,19.0,19.7,18.9,967
2022-06-21,18.6,19.1,19.6,17.0,1021
2022-06-22,19.223,18.7,19.55,18.7,1626
2022-06-23,18.6,19.2,19.799,18.6,780
2022-06-24,18.334,19.1,19.2,18.334,376
2022-06-27,18.089,19.5,19.6,18.089,408
2022-06-28,19.9,19.1,19.9,19.1,986
2022-06-29,19.0,18.7,19.15,17.8,2611
2022-06-30,19.0,18.7,19.1,18.5,386
2022-07-01,18.5,18.2,18.5,18.2,293
2022-07-05,20.0,18.4,20.0,18.4,517
2022-07-06,18.2,18.7,19.0,16.7,2016
2022-07-07,19.2,19.2,19.2,18.95,302
2022-07-08,19.0,19.0,19.0,18.751,238
2022-07-11,18.701,18.9,18.9,18.7,3348
2022-07-12,21.0,20.0,21.4,18.45,60993
2022-07-13,19.2,18.8,19.9,18.3,2352
2022-07-14,18.9,20.5,20.5,18.9,1492
2022-07-15,20.5,20.1,20.5,19.3,3836
2022-07-18,20.6,20.5,20.6,19.9,781
2022-07-19,19.9,19.7,20.5,19.2,1650
2022-07-20,20.0,19.4,20.0,19.4,311
2022-07-21,19.85,18.9,20.0,18.4,855
2022-07-22,18.8,18.7,18.9,18.5,324
2022-07-25,18.657,19.3,19.3,18.657,351
2022-07-26,18.8,18.6,18.95,18.6,440
2022-07-27,18.843,18.4,19.2,18.4,380
2022-07-28,18.5,17.8,18.7,17.8,613
2022-07-29,18.874,17.1,18.874,17.1,1303
2022-08-01,17.11,17.1,18.3,17.1,648
2022-08-02,17.625,16.5,17.625,16.0,2653
2022-08-03,16.601,17.5,17.6,16.601,2001
2022-08-04,18.1,18.7,18.7,17.7,1301
2022-08-05,19.1,19.0,19.1,18.75,1692
2022-08-08,18.9,19.0,19.0,18.5,1660
2022-08-09,18.55,17.9,18.95,17.9,1318
2022-08-10,19.099,19.099,19.099,19.099,63
2022-08-11,18.177,18.4,18.4,18.177,33
2022-08-12,18.9,17.7,18.9,16.865,947
2022-08-15,17.108,17.999,18.0,17.02,618
2022-08-16,18.4,18.1,18.5,18.1,139
2022-08-17,18.0,17.427,18.15,17.327,580
2022-08-18,17.0,16.8,17.51,16.8,930
2022-08-19,17.0,16.6,17.0,16.4,506
2022-08-22,16.1,16.0,16.1,15.1,1360
2022-08-23,16.6,16.842,16.842,16.6,58
2022-08-24,16.1,16.499,16.5,16.0,528
2022-08-25,17.1,16.5,17.1,16.5,823
2022-08-26,16.2,16.5,17.021,16.0,827
2022-08-29,17.3,17.5,17.9,16.6,253
2022-08-30,17.3,16.3,17.5,16.3,1074
2022-08-31,16.9,16.65,16.9,16.4,146
2022-09-01,16.9,16.0,16.9,15.65,2206
2022-09-02,15.6,15.6,15.9,15.233,343
2022-09-06,15.9,16.0,16.0,15.55,326
2022-09-07,14.8,15.377,16.0,14.8,862
2022-09-08,16.0,15.307,16.0,15.0,700
2022-09-09,15.2,15.1,16.0,13.9,1715
2022-09-12,15.9,14.7,15.9,14.1,895
2022-09-13,15.4,13.5,15.4,10.9,11166
2022-09-14,14.179,10.285,14.179,9.413,4904
2022-09-15,11.0,12.25,12.9,11.0,2535
2022-09-16,12.5,10.7,12.5,10.7,2660
2022-09-19,10.5,11.3,11.3,10.5,223
2022-09-20,10.2,10.5,12.2,10.2,797
2022-09-21,11.1,10.5,11.1,10.2,750
2022-09-22,11.0,10.3,11.0,10.3,481
2022-09-23,10.5,10.6,10.7,10.5,290
2022-09-26,11.1,10.8,11.1,10.5,500
2022-09-27,10.516,11.0,11.673,10.516,399
2022-09-28,12.4,10.7,12.4,10.7,1425
2022-09-29,11.1,11.2,11.2,10.835,191
2022-09-30,11.015,10.5,11.2,10.5,785
2022-10-03,10.9,10.8,10.9,10.1,947
2022-10-04,10.8,11.2,11.7,10.8,337
2022-10-05,10.1,10.3,11.234,10.0,878
2022-10-06,10.4,10.45,10.6,10.4,418
2022-10-07,11.099,10.4,11.1,10.2,1576
2022-10-10,10.0,9.032,10.0,7.9,3030
2022-10-11,9.174,8.256,9.2,8.231,1058
2022-10-12,9.0,6.693,10.0,6.109,7154
2022-10-13,8.7,7.501,8.7,7.218,4797
2022-10-14,3.67,2.855,3.8,2.8,368486
2022-10-17,2.9,2.652,3.1,2.5,233016
2022-10-18,3.04,2.951,3.05,2.51,132199
2022-10-19,3.175,2.831,3.5,2.82201,116319
2022-10-20,3.13,2.8,3.13,2.621,68701
2022-10-21,2.802,2.9,2.974,2.639,45627
2022-10-24,2.8,2.87499,2.912,2.51,49646
2022-10-25,2.876,2.75,2.901,2.7,38849
2022-10-26,2.76,2.79,2.9,2.7,28742
2022-10-27,2.831,2.774,2.831,2.7,8844
2022-10-28,2.7,2.752,2.774,2.51,14786
2022-10-31,2.675,2.65,2.758,2.64,7062
2022-11-01,2.821,2.78,2.841,2.649,17806
2022-11-02,2.779,2.778,2.896,2.7,13061
2022-11-03,2.75001,2.785,2.99999,2.75,15321
2022-11-04,2.806,2.789,2.94,2.75,9785
2022-11-07,2.7,2.58,2.788,2.54,18378
2022-11-08,2.601,2.51,2.667,2.51,9245
2022-11-09,2.6,2.309,2.6,2.3,9990
2022-11-10,2.449,2.599,2.63,2.35,10559
2022-11-11,2.5,2.541,2.6,2.418,2324
2022-11-14,2.6,2.537,2.646,2.53,8601
2022-11-15,3.1,2.437,3.1,2.401,16934
2022-11-16,2.44,2.368,2.44,2.3,5929
2022-11-17,2.301,2.303,2.383,2.301,2913
2022-11-18,2.302,2.276,2.31699,2.11,6884
2022-11-21,2.276,2.232,2.376,2.231,14416
2022-11-22,2.2,2.251,2.35,2.2,6220
2022-11-23,2.252,2.28,2.307,2.251,5766
2022-11-25,2.35,2.394,2.449,2.35,7090
2022-11-28,2.3,2.386,2.386,2.275,2308
2022-11-29,2.765,2.45,2.83,2.386,6497
2022-11-30,2.405,2.493,2.5,2.404,6940
2022-12-01,2.5,2.556,2.556,2.5,2229
2022-12-02,2.556,2.501,2.556,2.5,3029
2022-12-05,2.82,2.553,2.82,2.305,14702
2022-12-06,2.72,2.3,2.72,2.218,7808
2022-12-07,2.40001,2.122,2.401,2.075,15620
2022-12-08,2.36199,2.1695,2.36199,2.1,3750
2022-12-09,2.2,2.2,2.3229,2.075,16071
2022-12-12,2.27,2.176,2.6,2.1,38117
2022-12-13,2.5,2.22,2.5,2.013,13725
2022-12-14,2.3,2.257,2.348,2.09,5649
2022-12-15,2.34,2.288,2.34,2.196,4306
2022-12-16,2.5,2.4,2.5,2.138,8843
2022-12-19,2.4,2.227,2.4,2.097,9602
2022-12-20,2.203,2.205,2.205,2.11,8241
2022-12-21,2.3,2.222,2.3,2.1,11414
2022-12-22,2.2,1.975,2.4,1.975,20474
2022-12-23,2.0,2.009,2.2,2.0,15714
2022-12-27,2.127,1.975,2.127,1.948,22171
2022-12-28,1.975,1.975,2.1,1.975,11590
2022-12-29,2.073,2.0,2.12033,1.975,9946
2022-12-30,2.0,2.011,2.1,2.0,19148
2023-01-03,2.8,1.826,2.895,1.711,1299756
2023-01-04,1.797,1.675,1.831,1.55,338082
2023-01-05,1.65,1.51,1.65,1.455,275241
2023-01-06,1.575,1.511,1.58,1.434,181440
2023-01-09,2.17,1.855,3.3,1.83,6851677
2023-01-10,1.784,1.74,1.8,1.621,1541156
2023-01-11,1.518,1.526,1.598,1.48,1423841
2023-01-12,1.473,1.342,1.495,1.3,1569730
2023-01-13,1.38,1.315,1.482,1.283,1158549
2023-01-17,1.318,1.196,1.318,1.1,938009
2023-01-18,1.185,1.123,1.185,1.061,871798
2023-01-19,1.049,1.05,1.25,1.007,2097815
2023-01-20,1.176,1.167,1.215,1.05,2131360
2023-01-23,1.215,1.234,1.29,1.185,2250324
2023-01-24,1.562,1.32,1.65,1.234,11288974
2023-01-25,1.469,1.405,1.57,1.34,7430016
2023-01-26,1.54,1.409,1.555,1.36,6217222
2023-01-27,1.498,1.24,1.498,1.15,5532513
2023-01-30,1.127,1.282,1.307,1.12,2786173
2023-01-31,1.176,1.248,1.3,1.176,1567728
2023-02-01,1.209,1.345,1.45,1.17,3290544
2023-02-02,1.381,1.349,1.425,1.3,2434110
2023-02-03,1.37,1.33,1.37,1.25,2330391
2023-02-06,1.337,1.39,1.445,1.28,2288955
2023-02-07,1.4,1.31,1.49,1.28,2114709
2023-02-08,1.312,1.279,1.335,1.21,1545084
2023-02-09,1.299,1.208,1.303,1.182,1259495
2023-02-10,1.15,1.197,1.211,1.115,1173381
2023-02-13,1.141,1.1,1.198,1.054,1473581
2023-02-14,1.14,1.139,1.23,1.1,1927743
2023-02-15,1.171,1.35,1.42,1.132,5700202
2023-02-16,1.343,1.341,1.485,1.26,2597639
2023-02-17,1.349,1.279,1.4,1.24,1466656
2023-02-21,1.225,1.291,1.338,1.225,1607422
2023-02-22,1.267,1.282,1.329,1.261,958433
2023-02-23,1.263,1.233,1.275,1.208,870165
2023-02-24,1.2,1.119,1.215,1.102,1217866
2023-02-27,1.155,1.155,1.169,1.107,1222740
2023-02-28,1.17,1.267,1.32,1.166,1819407
2023-03-01,1.3,1.192,1.36,1.166,2154143
2023-03-02,1.189,1.335,1.387,1.17,3871152
2023-03-03,1.324,1.292,1.36,1.28,1289652
2023-03-06,1.31,1.74,1.819,1.27,13035110
2023-03-07,2.11,2.032,2.42,1.825,19380392
2023-03-08,1.97,1.931,2.0,1.578,8339247
2023-03-09,1.809,1.586,1.86,1.451,4847412
2023-03-10,1.579,1.42,1.579,1.31,2709526
2023-03-13,1.276,1.313,1.34,1.169,1754101
2023-03-14,1.26,1.247,1.37,1.185,1482055
2023-03-15,1.22,1.199,1.22,1.12,1486150
2023-03-16,1.126,1.155,1.179,1.101,1158882
2023-03-17,1.1,1.0,1.128,1.0,1696654
2023-03-20,1.048,1.014,1.075,1.0,2387781
2023-03-21,1.376,1.39,1.458,1.171,7003215
2023-03-22,1.198,1.237,1.33999,1.18,1824682
2023-03-23,1.25,1.182,1.251,1.091,1947376
2023-03-24,1.146,1.284,1.367,1.1,2817235
2023-03-27,1.284,1.2,1.29,1.192,1140301
2023-03-28,1.161,1.165,1.184,1.133,771338
2023-03-29,1.165,1.157,1.234,1.132,1009032
2023-03-30,1.155,1.138,1.229,1.115,848867
2023-03-31,1.14,1.228,1.234,1.116,1154843
2023-04-03,1.22,1.2,1.263,1.186,961562
2023-04-04,1.2,1.1,1.2,1.076,912561
2023-04-05,1.094,1.095,1.135,1.077,619160
2023-04-06,1.085,1.075,1.12,1.04,995229
2023-04-10,1.099,1.115,1.115,1.051,591447
2023-04-11,1.07,1.162,1.182,1.07,699507
2023-04-12,1.2,1.159,1.2,1.13,482859
2023-04-13,1.183,1.146,1.183,1.11,362225
2023-04-14,1.125,1.17,1.178,1.115,481472
2023-04-17,1.18,1.258,1.26,1.15,978735
2023-04-18,1.261,1.224,1.261,1.175,619841
2023-04-19,1.215,1.269,1.27,1.18601,622605
2023-04-20,1.26,1.229,1.3,1.183,519608
2023-04-21,1.176,1.14,1.22,1.126,490540
2023-04-24,1.102,1.073,1.131,1.052,587933
2023-04-25,1.078,1.079,1.111,1.036,486526
2023-04-26,1.065,1.1,1.15,1.061,766625
2023-04-27,1.3,1.339,1.375,1.13,5646730
2023-04-28,1.184,1.2,1.29499,1.16,1283002
2023-05-01,1.2,1.387,1.4,1.194,1404494
2023-05-02,1.4,1.382,1.4,1.27,824739
2023-05-03,1.379,1.433,1.49999,1.28,795416
2023-05-04,1.471,1.58,1.741,1.368,2002791
2023-05-05,1.7,1.685,1.78,1.58,1095397
2023-05-08,1.686,1.978,2.1,1.645,2005272
2023-05-09,2.1,1.694,2.1,1.613,2049326
2023-05-10,1.678,1.851,1.951,1.678,866087
2023-05-11,2.014,1.444,2.1,1.212,4992268
2023-05-12,1.456,1.312,1.498,1.3,1360170
2023-05-15,1.324,1.37,1.475,1.263,1098460
2023-05-16,1.37,1.367,1.4,1.34,270906
2023-05-17,1.334,1.37,1.397,1.285,457919
2023-05-18,1.4,1.472,1.48,1.371,638788
2023-05-19,1.47,1.544,1.599,1.447,780789
2023-05-22,1.598,1.72,1.749,1.575,938741
2023-05-23,1.776,1.617,1.83,1.488,856162
2023-05-24,1.575,1.502,1.575,1.35,740563
2023-05-25,1.45,1.344,1.47,1.33,964064
2023-05-26,1.33,1.36,1.38,1.3,594932
2023-05-30,1.359,1.225,1.372,1.2,854078
2023-05-31,1.21,1.32,1.33,1.2,389302
2023-06-01,1.3,1.313,1.34,1.27,268113
2023-06-02,1.28,1.287,1.317,1.248,275116
2023-06-05,1.3,1.264,1.325,1.25,199584
2023-06-06,1.649,1.47,1.653,1.33,3725461
2023-06-07,1.386,1.41,1.525,1.362,607184
2023-06-08,1.403,1.37,1.428,1.328,473912
2023-06-09,1.355,1.344,1.36,1.303,284024
2023-06-12,1.339,1.343,1.44,1.31,526544
2023-06-13,1.399,1.328,1.399,1.304,295615
2023-06-14,1.31,1.33,1.349,1.232,361238
2023-06-15,1.321,1.345,1.345,1.29,319915
2023-06-16,1.4,1.439,1.461,1.35,830547
2023-06-20,1.49,1.535,1.56,1.439,834399
2023-06-21,1.535,1.44,1.535,1.4,260207
2023-06-22,1.425,1.489,1.5,1.375,308054
2023-06-23,1.452,1.54,1.68,1.428,673424
2023-06-26,1.574,1.499,1.574,1.44,253013
2023-06-27,1.408,1.435,1.475,1.395,247726
2023-06-28,1.45,1.396,1.459,1.335,295511
2023-06-29,1.368,1.434,1.45,1.365,204518
2023-06-30,1.43,1.481,1.6,1.401,257970
2023-07-03,1.45,1.52,1.52,1.38,137755
2023-07-05,1.445,1.433,1.493,1.416,263613
2023-07-06,1.4,1.351,1.423,1.315,448777
2023-07-07,1.389,1.358,1.4,1.326,295993
2023-07-10,1.359,1.355,1.375,1.333,247765
2023-07-11,1.34,1.35,1.366,1.33,203991
2023-07-12,1.33,1.393,1.42,1.32,371575
2023-07-13,1.4,1.36,1.4,1.342,258031
2023-07-14,1.353,1.285,1.365,1.26,639961
2023-07-17,1.26,1.263,1.28,1.242,242741
2023-07-18,1.25,1.172,1.25,1.1,765463
2023-07-19,1.162,1.19,1.19,1.115,300101
2023-07-20,1.154,1.141,1.185,1.111,296823
2023-07-21,1.141,1.135,1.15,1.102,431201
2023-07-24,1.134,1.131,1.17,1.1051,197484
2023-07-25,1.12,1.18,1.191,1.12,287846
2023-07-26,1.172,1.23,1.23,1.161,207037
2023-07-27,1.195,1.118,1.199,1.1,419457
2023-07-28,1.102,1.097,1.116,1.043,459379
2023-07-31,1.096,1.053,1.096,1.019,408613
2023-08-01,1.07,1.09,1.128,1.036,358080
2023-08-02,1.045,1.063,1.097,1.045,182907
2023-08-03,1.1,1.075,1.12,1.066,280523
2023-08-04,1.1,1.051,1.1,1.02,335751
2023-08-07,1.04,0.908,1.04999,0.876,771244
2023-08-08,0.9,0.871,0.917,0.805,416654
2023-08-09,0.9,0.876,0.907,0.866,182853
2023-08-10,0.9,0.827,0.918,0.801,327770
2023-08-11,0.81,0.787,0.84,0.753,363617
2023-08-14,0.763,0.709,0.78,0.69,708029
2023-08-15,0.978,1.16,1.384,0.95,27608129
2023-08-16,2.21,1.811,2.499,1.75,40641444
2023-08-17,1.458,1.525,1.89,1.323,8865539
2023-08-18,1.528,1.33,1.528,1.176,3307164
2023-08-21,1.27,1.777,2.07,1.215,19181424
2023-08-22,2.107,1.91,2.28,1.734,12921160
2023-08-23,1.804,2.0,2.2,1.626,6257396
2023-08-24,2.123,1.82,2.385,1.752,6136528
2023-08-25,1.75,1.709,1.79,1.65,1993673
2023-08-28,1.708,1.491,1.789,1.41,2672349
2023-08-29,1.399,1.347,1.45,1.301,1603468
2023-08-30,1.398,1.442,1.55,1.36,1673924
2023-08-31,1.4,1.4,1.462,1.3,5571114
2023-09-01,2.1,2.15,2.3,1.75,22509686
2023-09-05,2.37,2.92,3.5,2.255,28138222
2023-09-06,3.02,2.9,3.4,2.666,9797549
2023-09-07,2.86,2.84,3.15,2.68,4890241
2023-09-08,2.822,2.675,3.195,2.499,5263459
2023-09-11,3.876,3.898,3.9,3.78,16050
2023-09-12,3.741,3.896,4.283,3.525,8576547
2023-09-13,3.919,4.405,5.384,3.71,15486380
2023-09-14,4.8,4.26,5.0,3.348,7667018
2023-09-15,3.587,4.0,4.1,3.31,2988499
2023-09-18,3.558,3.4,3.869,3.109,3432705
2023-09-19,2.824,2.499,2.98,2.29,4444254
2023-09-20,2.2,2.676,3.099,2.11,3918171
2023-09-21,2.538,2.747,3.289,2.538,4548341
2023-09-22,2.8,2.6,2.895,2.55,2025085
2023-09-25,2.735,2.658,2.879,2.517,1649505
2023-09-26,2.47,2.199,2.49,2.153,1688055
2023-09-27,2.073,2.375,2.499,1.96,1668007
2023-09-28,2.3,2.01,2.3,1.91,7418024
2023-09-29,3.4,2.982,3.743,2.625,22523988
2023-10-02,2.965,3.388,3.55,2.85,8081133
2023-10-03,3.2,3.912,4.0,3.05,4878055
2023-10-04,3.7,4.4,4.786,3.65,7649942
2023-10-05,4.41,4.7,5.29,4.318,8598462
2023-10-06,3.542,3.213,3.649,3.15,6420784
2023-10-09,3.15,3.079,3.3,2.901,1954299
2023-10-10,2.905,3.703,3.85,2.905,3163334
2023-10-11,3.7,3.268,4.0,3.231,2252491
2023-10-12,3.06,3.122,3.3,2.95,1274859
2023-10-13,3.096,2.858,3.122,2.705,1429113
2023-10-16,2.994,2.995,3.152,2.901,760750
2023-10-17,2.999,2.791,2.999,2.55,1033648
2023-10-18,3.11,2.94,3.189,2.86,1167845
2023-10-19,3.035,3.102,3.179,2.85,1127676
2023-10-20,3.002,2.849,3.02599,2.776,1083007
2023-10-23,2.769,2.901,3.07,2.22,2130604
2023-10-24,2.829,2.96,3.23,2.8,1843196
2023-10-25,3.1,2.95,3.25,2.936,1005775
2023-10-26,3.01,2.956,3.06,2.87019,639198
2023-10-27,2.67,2.656,3.014,2.615,1516788
2023-10-30,2.718,2.596,2.76,2.47,624690
2023-10-31,2.54,2.589,2.699,2.402,801897
2023-11-01,2.571,2.335,2.571,2.277,917758
2023-11-02,2.276,2.585,2.66,2.24,1663857
2023-11-03,3.0,2.98,3.445,2.586,9654116
2023-11-06,2.73,1.207,2.97,1.102,10656579
2023-11-07,1.22,1.5,1.75,1.0,9548877
2023-11-08,1.65,1.7,2.1208,1.63,16990714
2023-11-09,1.81,1.65,1.81,1.49,3828675
2023-11-10,1.55,1.62,1.62,1.42,1999339
2023-11-13,1.52,1.65,1.769,1.41,2636563
2023-11-14,1.61,1.77,1.815,1.61,1674634
2023-11-15,1.74,1.73,1.7794,1.67,933525
2023-11-16,1.73,1.59,1.74,1.55,929119
2023-11-17,1.55,1.54,1.63,1.44,979313
2023-11-20,1.52,1.58,1.615,1.47,1066754
2023-11-21,1.49,1.46,1.56,1.45,777451
2023-11-22,1.43,1.4,1.4499,1.3,984592
2023-11-24,1.46,1.59,1.6,1.43,916497
2023-11-27,1.6,1.45,1.6,1.45,940719
2023-11-28,1.46,1.35,1.46,1.3,1166372
2023-11-29,1.36,1.33,1.42,1.2601,1205121
2023-11-30,1.26,1.2,1.2666,1.15,1197018
2023-12-01,1.2,1.13,1.2,1.04,1504145
2023-12-04,1.18,1.34,1.52,1.13,3698220
2023-12-05,1.28,1.33,1.47,1.26,1679214
2023-12-06,1.33,1.23,1.35,1.18,1099957
2023-12-07,1.21,1.19,1.26,1.16,478197
2023-12-08,1.21,1.24,1.27,1.16,674726
2023-12-11,1.32,1.27,1.32,1.24,513206
2023-12-12,1.23,1.14,1.23,1.11,883841
2023-12-13,1.16,1.18,1.2,1.11,500121
2023-12-14,1.14,1.16,1.22,1.14,701220
2023-12-15,1.18,1.15,1.1999,1.14,334784
2023-12-18,1.16,1.23,1.31,1.16,1059041
2023-12-19,1.27,1.28,1.33,1.23,862023
2023-12-20,1.31,1.14,1.31,1.14,1100805
2023-12-21,1.14,1.12,1.1597,1.04,1031111
2023-12-22,1.08,1.11,1.13,1.06,701536
2023-12-26,1.09,1.07,1.1,1.06,497032
2023-12-27,1.05,0.9523,1.06,0.9211,1117183
2023-12-28,0.91,0.8055,0.9501,0.7822,1433065
2023-12-29,0.8395,0.821,0.8669,0.66,1723267
2024-01-02,0.8149,0.7706,0.8149,0.7601,540552
2024-01-03,0.7645,0.768,0.7849,0.7101,741215
2024-01-04,0.8,0.8304,0.87,0.76327,999603
2024-01-05,0.8231,0.7742,0.84,0.77,470236
2024-01-08,0.7919,0.734,0.7919,0.712901,767261
2024-01-09,0.7171,0.6843,0.7256,0.67,540463
2024-01-10,0.703,0.7049,0.7498,0.68,907107
2024-01-11,0.719,0.711,0.730799,0.685,637531
2024-01-12,0.74,0.78,0.859,0.7001,1656707
2024-01-16,0.7808,0.74,0.81,0.7193,638085
2024-01-17,0.72,0.7148,0.7394,0.695,423326
2024-01-18,0.715,0.6843,0.7355,0.672,302674
2024-01-19,0.685,0.647,0.685,0.61,614828
2024-01-22,0.6604,0.715,0.72,0.64,446685
2024-01-23,0.7027,0.683,0.72,0.67,236693
2024-01-24,0.6825,0.7099,0.73,0.6809,332566
2024-01-25,0.7,0.7074,0.722,0.6804,261137
2024-01-26,0.73,0.7188,0.73,0.71,129053
2024-01-29,0.7251,0.792699,0.7953,0.7072,393515
2024-01-30,0.7522,0.7499,0.77,0.7202,187821
2024-01-31,0.7142,0.7437,0.78,0.69,544783
2024-02-01,0.748,0.7453,0.769,0.7005,290748
2024-02-02,0.74,0.78,0.8,0.705101,612239
2024-02-05,0.7961,0.7924,0.82,0.755,440439
2024-02-06,0.7746,0.7354,0.8099,0.7029,531601
2024-02-07,0.73,0.711,0.77,0.701,306976
2024-02-08,0.7114,0.725,0.7411,0.6723,598483
2024-02-09,0.7499,0.73,0.7499,0.6816,689930
2024-02-12,0.705,0.712,0.7444,0.705,343157
2024-02-13,0.72,0.708,0.73,0.69,266823
2024-02-14,0.708,0.6859,0.7174,0.68,484399
2024-02-15,0.6845,0.6407,0.7,0.55,638717
2024-02-16,0.7,0.725,0.74,0.652999,905417
2024-02-20,0.735,0.75,0.8349,0.6805,3377971
2024-02-21,0.7491,0.7714,0.777,0.7013,779802
2024-02-22,0.758,0.74,0.758,0.7214,354798
2024-02-23,0.7294,0.7,0.73,0.6906,266842
2024-02-26,0.73,0.7001,0.73,0.6863,219557
2024-02-27,0.685,0.6866,0.71,0.67,376337
2024-02-28,0.6907,0.644,0.7194,0.6401,409838
2024-02-29,0.6401,0.6309,0.666779,0.6116,260004
2024-03-01,0.61,0.6403,0.663,0.61,465579
2024-03-04,0.6477,0.6134,0.6477,0.5917,417500
2024-03-05,0.6352,0.629,0.65,0.6,215647
2024-03-06,0.6191,0.6367,0.6369,0.6,186019
2024-03-07,0.6176,0.63,0.635,0.611,200261
2024-03-08,0.6295,0.6095,0.6295,0.5901,272612
2024-03-11,0.6,0.5401,0.608,0.52,582347
2024-03-12,0.5329,0.554,0.5689,0.5329,357775
2024-03-13,0.5585,0.6683,0.699,0.5289,1389217
2024-03-14,0.66,0.5549,0.675,0.55,793351
2024-03-15,0.552,0.55,0.6365,0.54,887256
2024-03-18,0.56,0.6059,0.6497,0.557,1638992
2024-03-19,0.589,0.5221,0.598,0.516,915765
2024-03-20,0.53,0.5459,0.5486,0.52,302873
2024-03-21,0.535,0.5298,0.56,0.525,192101
2024-03-22,0.5263,0.5102,0.5272,0.47,645605
2024-03-25,0.54,0.48885,0.54,0.48,300724
2024-03-26,0.4826,0.4622,0.5,0.43,1022137
2024-03-27,0.4716,0.4725,0.499,0.4601,206299
2024-03-28,0.4729,0.4872,0.5,0.4525,453029
2024-04-01,0.485,0.483899,0.5055,0.467,248224
2024-04-02,0.4777,0.4572,0.4999,0.4406,292453
2024-04-03,0.4573,0.468299,0.479,0.4414,651224
2024-04-04,0.59,0.499,0.59,0.4924,2650797
2024-04-05,0.465,0.449,0.47,0.4412,549857
2024-04-08,0.45,0.5206,0.548,0.45,919196
2024-04-09,0.53,0.531,0.55,0.49,416614
2024-04-10,0.518,0.5109,0.547,0.4842,588101
2024-04-11,0.4995,0.501,0.5219,0.4808,1210576
2024-04-12,0.4856,0.4545,0.51,0.45,583551
2024-04-15,0.465,0.46,0.4841,0.4401,2032304
2024-04-16,0.5,0.611,0.648,0.475,4407757
2024-04-17,0.5682,0.5099,0.65,0.50361,1112482
2024-04-18,0.502,0.4664,0.51,0.46,564584
2024-04-19,0.468,0.4512,0.485,0.416,1196623
2024-04-22,0.5003,0.5136,0.55,0.4901,1170684
2024-04-23,0.5,0.515,0.5747,0.47,1480471
2024-04-24,0.511,0.525,0.55,0.5003,536411
2024-04-25,0.5265,0.5256,0.55,0.50281,521135
2024-04-26,0.544,0.519,0.5591,0.4988,470838
2024-04-29,0.5118,0.6755,0.68,0.5118,2370018
2024-04-30,0.68,0.6171,0.68,0.5954,782820
2024-05-01,0.5986,0.57,0.6,0.51,503106
2024-05-02,0.5529,0.5999,0.63,0.55,575864
2024-05-03,0.63,0.523,0.63,0.52,1573704
2024-05-06,0.559,0.5701,0.58,0.52,689952
2024-05-07,0.554,0.5435,0.57,0.5405,235422
2024-05-08,0.5432,0.5612,0.5912,0.53,448401
2024-05-09,0.5615,0.5852,0.6597,0.5615,1606166
2024-05-10,0.559,0.581,0.639899,0.559,511360
2024-05-13,0.5821,0.575,0.619,0.564,429525
2024-05-14,0.57,0.5787,0.5956,0.5527,850782
2024-05-15,0.5636,0.537,0.579799,0.516,855239
2024-05-16,0.5295,0.4989,0.539499,0.48,1267568
2024-05-17,0.518,0.4805,0.518,0.48,1124018
2024-05-20,0.5042,0.4369,0.5077,0.4205,886772
2024-05-21,0.455,0.47735,0.559,0.435,2796570
2024-05-22,0.4774,0.467,0.5093,0.451,622770
2024-05-23,0.48,0.4564,0.4999,0.455,762410
2024-05-24,0.475,0.5025,0.525,0.47,662483
2024-05-28,0.4963,0.4753,0.509499,0.4631,462306
2024-05-29,0.4589,0.457501,0.4754,0.44,729966
2024-05-30,0.47,0.451,0.47,0.44,11684328
2024-05-31,0.9604,1.05,1.4099,0.8734,310284630
2024-06-03,1.08,1.24,1.24,0.91,23925679
2024-06-04,1.17,1.11,1.24,1.0,9171897
2024-06-05,1.04,1.01,1.18,0.9618,7367250
2024-06-06,1.0,0.9303,1.09,0.9205,5848150
2024-06-07,0.9279,0.8636,0.9279,0.8087,2416274
2024-06-10,0.85,1.01,1.03,0.85,2546041
2024-06-11,0.995,0.9501,1.04,0.9108,1459574
2024-06-12,0.9889,0.9396,0.9999,0.926,1301932
2024-06-13,0.9398,1.02,1.1,0.9,4322501
2024-06-14,1.04,0.8935,1.1,0.87,3235933
2024-06-17,0.875,0.8555,0.893,0.82,1422311
2024-06-18,0.8642,0.8189,0.8642,0.7731,1475902
2024-06-20,0.789,0.7335,0.8,0.726,1215814
2024-06-21,0.67,0.82,0.85,0.6559,1670983
2024-06-24,0.79,0.7665,0.87,0.7511,992575
2024-06-25,0.84,0.7604,0.84,0.751,625967
2024-06-26,0.7475,0.7862,0.8149,0.7315,457818
2024-06-27,0.7619,0.8097,0.8431,0.7401,737562
2024-06-28,0.8163,0.75,0.8234,0.7287,646226
2024-07-01,0.744,0.7769,0.795,0.725,538003
2024-07-02,0.7728,0.761,0.7871,0.732,458985
2024-07-03,0.761,0.7483,0.779,0.735,316795
2024-07-05,0.77,0.7599,0.7775,0.7385,211131
2024-07-08,0.78,0.755,0.79,0.7332,834204
2024-07-09,0.65,0.4855,0.659999,0.44,3117902
2024-07-10,0.5,0.5122,0.564,0.5,1385654
2024-07-11,0.56,0.53,0.56,0.5189,617020
2024-07-12,0.535,0.5391,0.5754,0.5091,1304243
2024-07-15,0.53,0.5562,0.5735,0.53,732779
2024-07-16,0.547,0.5926,0.5999,0.54,650616
2024-07-17,0.61,0.601,0.63,0.556,497360
2024-07-18,0.583,0.6023,0.633,0.5809,8072139
2024-07-19,0.73,0.665,0.736599,0.6151,14990014
2024-07-22,0.595,0.648,0.7145,0.595,2099553
2024-07-23,0.63,0.6892,0.7118,0.63,951478
2024-07-24,0.67,0.6449,0.6828,0.6339,628385
2024-07-25,0.62,0.6401,0.6532,0.606,513178
2024-07-26,0.6451,0.6529,0.68,0.6359,417593
2024-07-29,0.653,0.646,0.679,0.6313,332700
2024-07-30,0.646,0.6272,0.6558,0.615,217342
2024-07-31,0.65,0.6416,0.6601,0.63,289832
2024-08-01,0.6434,0.6206,0.669,0.6126,302766
2024-08-02,0.63,0.607,0.63,0.6,247648
2024-08-05,0.51,0.5572,0.5799,0.47,472173
2024-08-06,0.58495,0.5736,0.6,0.56,177445
2024-08-07,0.5736,0.5501,0.576,0.546,133852
2024-08-08,0.55,0.5627,0.57,0.521,212845
2024-08-09,0.5627,0.51117,0.5627,0.494501,371929
2024-08-12,0.5105,0.5031,0.5224,0.4851,185331
