2023-03-24,10.19,10.19,10.22,10.18,4891477
2023-03-27,10.19,10.21,10.21,10.19,67338
2023-03-28,10.19,10.21,10.22,10.19,28415
2023-03-29,10.1701,10.21,10.21,10.1701,13527
2023-03-30,10.2,10.21,10.21,10.2,1720
2023-03-31,10.2,10.2,10.2,10.2,311
2023-04-03,10.2077,10.2,10.22,10.2,1820
2023-04-04,10.22,10.24,10.24,10.213,11577
2023-04-05,10.21,10.21,10.21,10.2,10636
2023-04-06,10.2071,10.23,10.23,10.2071,216
2023-04-10,10.23,10.22,10.23,10.22,15483
2023-04-11,10.1709,10.22,10.24,10.12,42847
2023-04-13,10.1235,10.23,10.24,10.02,36870
2023-04-14,10.265,10.21,10.265,10.21,617
2023-04-18,10.24,10.24,10.24,10.24,111
2023-04-20,10.175,10.23,10.24,10.175,1011
2023-04-21,10.24,10.24,10.24,10.2399,3290
2023-04-24,10.265,10.265,10.265,10.265,104
2023-04-25,10.2571,10.25,10.2571,10.25,34843
2023-04-28,10.25,10.26,10.2602,10.25,60852
2023-05-01,10.28,10.28,10.28,10.28,40100
2023-05-02,10.29,10.29,10.29,10.29,112
2023-05-03,10.275,10.275,10.275,10.275,116
2023-05-04,10.3,10.3,10.3,10.3,50101
2023-05-05,10.31,10.31,10.31,10.31,5152
2023-05-09,10.3,10.32,10.32,10.3,25161
2023-05-10,10.32,10.335,10.335,10.32,1186
2023-05-11,10.32,10.34,10.34,10.32,1416
2023-05-12,10.32,10.3,10.32,10.3,4874
2023-05-15,10.32,10.34,10.34,10.275,6407
2023-05-17,10.32,10.32,10.32,10.32,117
2023-05-18,10.35,10.225,10.35,10.1,20261
2023-05-19,10.2846,10.4,10.49,10.2525,189757
2023-05-22,10.39,10.4,10.4,10.39,272527
2023-05-24,10.37,10.36,10.38,10.36,417
2023-05-25,10.37,10.37,10.37,10.37,2939
2023-05-26,10.38,10.41,10.41,10.38,1151
