2024-01-25,15.2,15.19,15.25,15.15,31969
2024-01-26,15.23,14.64,15.23,14.44,56066
2024-01-29,14.75,14.8,14.85,14.68,14437
2024-01-30,14.83,14.75,14.8999,14.7,19708
2024-01-31,14.8,14.73,14.85,14.7,21417
2024-02-01,14.78,14.66,14.78,14.65,11866
2024-02-02,14.6571,14.51,14.6571,14.48,25557
2024-02-05,14.5999,14.52,14.5999,14.51,12194
2024-02-06,14.575,14.45,14.6,14.43,30553
2024-02-07,14.5,14.26,14.5499,14.26,27603
2024-02-08,14.23,14.46,14.5365,14.23,25658
2024-02-09,14.4475,14.35,14.6,14.27,113989
2024-02-12,14.58,14.51,14.6,14.47,102259
2024-02-13,14.55,14.59,14.7,14.5,31692
2024-02-14,14.65,14.59,14.65,14.55,15642
2024-02-15,14.6,14.64,14.81,14.6,44392
2024-02-16,14.61,14.76,15.03,14.58,81911
2024-02-20,14.8,14.75,14.8,14.69,28282
2024-02-21,14.75,14.6,14.75,14.5,43765
2024-02-22,14.6,14.89,14.9,14.6,77420
2024-02-23,14.91,14.85,14.91,14.8,42908
2024-02-26,14.9,15.0,15.0,14.8,43474
2024-02-27,15.25,14.95,15.25,14.9,49966
2024-02-28,14.93,14.95,14.95,14.9,21315
2024-02-29,15.0,14.95,15.0,14.895,42071
2024-03-01,14.95,14.9,14.96,14.85,31763
2024-03-04,14.93,14.87,14.93,14.8,36417
2024-03-05,14.9499,15.0,15.02,14.85,173809
2024-03-06,15.0,15.0,15.0,14.9,6283
2024-03-07,14.9,15.0,15.06,14.9,253742
2024-03-08,15.0,14.995,15.01,14.84,14891
2024-03-11,15.0,14.95,15.0,14.85,9127
2024-03-12,14.9,15.05,15.05,14.8,59026
2024-03-13,15.0,15.2,15.25,14.99,84405
2024-03-14,15.0,15.1,15.15,14.95,66309
2024-03-15,15.08,14.99,15.15,14.97,32134
2024-03-18,15.0,15.08,15.15,14.9731,48884
2024-03-19,14.9,15.04,15.2,14.8609,129391
2024-03-20,15.04,15.07,15.0996,15.03,18529
2024-03-21,15.055,15.09,15.1,15.01,63812
2024-03-22,15.09,15.32,15.32,15.05,40267
2024-03-25,15.25,15.4,15.47,15.25,19499
2024-03-26,15.4405,15.21,15.56,15.34,37046
2024-03-27,15.19,15.25,15.29,15.15,41302
2024-03-28,15.26,15.32,15.35,15.2,34539
2024-04-01,15.35,15.27,15.36,15.15,15570
2024-04-02,15.28,15.3,15.31,15.18,9273
2024-04-03,15.3,15.46,15.54,15.3,40601
2024-04-04,15.54,15.3997,15.54,15.39,23609
2024-04-05,15.4,15.33,15.4237,15.2755,12891
2024-04-08,15.34,15.41,15.42,15.26,18009
2024-04-09,15.39,15.24,15.45,15.2,23819
2024-04-10,15.15,15.07,15.225,15.05,12171
2024-04-11,15.05,15.21,15.21,15.0301,9519
2024-04-12,15.23,15.41,15.5,15.2,17016
2024-04-15,15.25,15.2,15.54,15.05,26703
2024-04-16,15.2,15.1,15.235,14.98,19026
2024-04-17,15.15,15.07,15.19,15.0,16500
2024-04-18,15.03,15.03,15.15,15.01,16073
2024-04-19,15.01,15.0,15.14,14.98,12953
2024-04-22,15.1,16.3,16.8,14.9,103519
2024-04-23,16.3,15.49,16.3,15.37,50866
2024-04-24,15.4,15.29,15.5,15.24,19825
2024-04-25,15.3,15.42,15.56,15.3,31044
2024-04-26,15.49,15.57,16.1166,15.46,53771
2024-04-29,15.65,15.47,15.7429,15.4201,45816
2024-04-30,15.45,15.035,15.4998,14.95,55153
2024-05-01,15.01,14.99,15.16,14.95,28958
2024-05-02,15.0,15.31,15.32,14.95,32979
2024-05-03,15.25,15.45,15.4999,15.22,21342
2024-05-06,15.5,15.49,15.55,15.35,114475
2024-05-07,15.55,15.64,15.68,15.53,31737
2024-05-08,15.6,15.53,15.7,15.5,41741
2024-05-09,15.53,15.79,15.97,15.5,42895
2024-05-10,15.7921,16.17,16.21,15.73,16392
2024-05-13,15.87,16.17,16.2,15.8,24443
2024-05-14,16.21,16.2,16.21,16.06,12093
2024-05-15,16.17,16.16,16.21,15.9201,12511
2024-05-16,16.04,15.69,16.16,15.5,55031
2024-05-17,15.695,15.86,15.89,15.695,11725
2024-05-20,15.9,15.88,16.05,15.81,22677
2024-05-21,15.97,15.88,16.0399,15.675,13210
2024-05-22,15.89,15.995,16.05,15.89,14282
2024-05-23,16.03,16.0,16.0998,15.8,23529
2024-05-24,16.0499,16.25,16.46,16.01,52606
2024-05-28,16.2,16.22,16.2899,16.0544,8463
2024-05-29,16.1,16.1,16.1,15.99,9811
2024-05-30,16.05,16.26,16.3999,15.96,13168
2024-05-31,16.3,16.48,16.5,16.25,23510
2024-06-03,16.55,16.19,16.5885,16.165,24461
2024-06-04,16.19,15.72,16.2492,15.4426,49388
2024-06-05,15.65,15.3,15.655,15.2,101086
2024-06-06,15.39,15.11,15.4699,15.05,297475
2024-06-07,15.16,15.08,15.1999,14.98,122223
2024-06-10,15.11,15.08,15.97,15.02,171913
2024-06-11,15.1,15.02,15.18,14.98,166587
2024-06-12,15.1,14.93,15.16,14.91,214876
2024-06-13,14.98,14.97,14.99,14.88,131559
2024-06-14,14.88,15.08,15.085,14.88,279496
2024-06-17,14.95,14.88,15.04,14.76,124192
2024-06-18,14.85,14.98,15.08,14.82,79475
2024-06-20,15.0,15.0,15.02,14.92,79777
2024-06-21,15.0,15.0,15.03,14.9,82261
2024-06-24,15.02,14.9,15.02,14.85,92341
2024-06-25,14.9,14.9,14.9,14.875,45715
2024-06-26,14.88,15.0,15.01,14.86,205785
2024-06-27,15.05,14.61,15.05,14.88,149179
2024-06-28,14.69,14.97,14.97,14.63,72966
2024-07-01,14.95,14.98,14.99,14.9,76667
2024-07-02,14.98,14.95,14.99,14.89,67229
2024-07-03,14.96,14.99,15.0,14.9,37036
2024-07-05,14.99,15.04,15.1499,14.95,157531
2024-07-08,15.11,14.95,15.11,14.95,246617
2024-07-09,15.02,15.0,15.06,14.86,334889
2024-07-10,15.15,15.05,15.15,14.94,164964
2024-07-11,15.06,14.95,15.07,14.91,138058
2024-07-12,14.99,15.03,15.04,14.9,651209
2024-07-15,15.2,14.96,15.2,14.88,226194
2024-07-16,14.99,15.05,15.08,14.89,810415
2024-07-17,15.11,15.0,15.14,14.97,111684
2024-07-18,15.01,14.8,15.04,14.8,61377
2024-07-19,14.85,14.75,14.86,14.74,99457
2024-07-22,14.81,14.69,14.89,14.64,116175
2024-07-23,14.69,14.59,14.7,14.48,175649
2024-07-24,14.48,14.65,14.66,14.48,126398
2024-07-25,14.6,14.73,14.8199,14.6,149303
2024-07-26,14.76,14.64,14.84,14.64,177322
2024-07-29,14.65,14.75,14.75,14.58,119376
2024-07-30,14.75,14.75,14.78,14.5,185285
2024-07-31,14.73,14.83,14.8699,14.67,117491
2024-08-01,14.8,14.52,14.81,14.5,125137
2024-08-02,14.53,14.27,14.53,13.97,146569
2024-08-05,14.23,13.77,14.235,13.6,242435
2024-08-06,13.85,13.93,14.03,13.745,327634
2024-08-07,13.93,14.04,14.0699,13.93,301753
2024-08-08,14.3,14.22,14.45,14.09,379620
2024-08-09,14.2136,14.0,14.26,13.9,137437
2024-08-12,13.96,14.09,14.28,13.96,107840
