2023-11-08,0.0392,0.0226,0.0441,0.0175,39994
2023-11-09,0.023,0.0201,0.0388,0.02,28619
2023-11-10,0.0202,0.0182,0.0295,0.015,35739
2023-11-13,0.02,0.018,0.02,0.018,1095
2023-11-14,0.02395,0.018,0.02395,0.018,5144
2023-11-15,0.02,0.0191,0.0201,0.018,5022
2023-11-16,0.023999,0.018,0.023999,0.018,15192
2023-11-17,0.0238,0.02005,0.0239,0.018,13493
2023-11-20,0.022,0.02,0.022,0.02,300
2023-11-21,0.02,0.01,0.02,0.0075,213909
2023-11-22,0.0099,0.012,0.0197,0.008,34231
2023-11-24,0.0121,0.01,0.0197,0.0079,830969
2023-11-27,0.015,0.0139,0.0185,0.01,12043
2023-11-28,0.0101,0.0149,0.015,0.008,523078
2023-11-30,0.014,0.0195,0.031,0.008,543804
2023-12-04,0.0151,0.0201,0.0237,0.015,5735
2023-12-05,0.0101,0.024,0.024,0.0101,32300
2023-12-06,0.0105,0.0195,0.0195,0.007,54043
2023-12-07,0.0081,0.0132,0.0132,0.0077,586479
2023-12-08,0.0096,0.0079,0.011586,0.0079,9457
2023-12-11,0.0081,0.008,0.010047,0.0079,75199
2023-12-12,0.0095,0.009,0.0095,0.0052,160958
2023-12-13,0.006,0.0052,0.0088,0.0051,112996
2023-12-14,0.0086,0.0086,0.0086,0.0053,97559
2023-12-15,0.0099,0.0105,0.0138,0.0099,17337
2023-12-18,0.0062,0.009962,0.01,0.0062,35550
2023-12-20,0.0097,0.0098,0.0098,0.0052,6000
2023-12-21,0.0099,0.0139,0.0199,0.0088,148806
2023-12-22,0.0189,0.0138,0.0189,0.0138,200
2023-12-26,0.0101,0.01,0.0109,0.01,30650
2023-12-27,0.0072,0.01,0.01,0.0053,67600
2023-12-29,0.0069,0.0149,0.0149,0.0057,99416
2024-01-02,0.006,0.01,0.01,0.006,6378
2024-01-03,0.0098,0.009,0.0099,0.009,52300
2024-01-04,0.0089,0.0054,0.01,0.0053,61258
2024-01-05,0.0098,0.008524,0.0098,0.0057,5800
2024-01-08,0.006,0.006,0.006,0.006,682
2024-01-09,0.0098,0.0054,0.0098,0.0054,3676
2024-01-11,0.0096,0.0055,0.0096,0.0055,6046
2024-01-12,0.0094,0.0094,0.0094,0.0094,2500
2024-01-17,0.007601,0.0092,0.0092,0.0076,5236
2024-01-18,0.0058,0.0055,0.006406,0.0055,26600
2024-01-22,0.0079,0.0051,0.0079,0.0051,109398
2024-01-23,0.0078,0.0079,0.008,0.0071,54352
2024-01-24,0.0078,0.0077,0.0078,0.0051,9201
2024-01-25,0.0051,0.0076,0.0077,0.0051,32323
2024-01-26,0.0074,0.006,0.0074,0.0058,16301
2024-01-29,0.0094,0.0121,0.017,0.008554,367115
2024-01-30,0.0121,0.0095,0.0165,0.0055,184005
2024-01-31,0.014,0.0189,0.0202,0.0105,433052
2024-02-01,0.0185,0.019999,0.025902,0.0106,190570
2024-02-02,0.019701,0.0182,0.0244,0.015001,17152
2024-02-05,0.0199,0.019799,0.0199,0.016299,11585
2024-02-06,0.0127,0.0199,0.0203,0.0127,14982
2024-02-08,0.0126,0.016299,0.019999,0.0126,6524
2024-02-09,0.0163,0.0116,0.02,0.0112,106508
2024-02-12,0.03,0.0141,0.033,0.011,504860
2024-02-13,0.022,0.018708,0.0299,0.018708,9050
2024-02-14,0.02,0.0199,0.02,0.0199,3591
2024-02-15,0.015,0.028,0.033,0.0128,129929
2024-02-16,0.0278,0.0183,0.0401,0.016,347301
2024-02-20,0.0172,0.0153,0.023,0.0153,19253
2024-02-23,0.0151,0.015,0.0151,0.015,1733
2024-02-27,0.0198,0.0132,0.0198,0.0131,4400
2024-02-28,0.0118,0.017104,0.0175,0.0117,8146
2024-02-29,0.0199,0.0179,0.025,0.0137,116956
2024-03-01,0.0224,0.0249,0.0278,0.0156,17852
2024-03-04,0.024,0.02,0.024,0.0198,3101
2024-03-05,0.0184,0.0192,0.0192,0.0184,3817
2024-03-06,0.0183,0.0186,0.0193,0.0162,34646
2024-03-07,0.022299,0.018753,0.0224,0.0187,25436
2024-03-08,0.0186,0.0193,0.0193,0.0186,1577
2024-03-11,0.016,0.016,0.016,0.016,400
2024-03-12,0.0193,0.0295,0.0327,0.0133,21940
2024-03-13,0.0294,0.0294,0.0294,0.0161,15229
2024-03-14,0.02,0.0238,0.0238,0.017,15724
2024-03-15,0.018,0.0222,0.0222,0.018,5300
2024-03-18,0.0181,0.0181,0.0181,0.0181,100
2024-03-19,0.027,0.027,0.027,0.027,702
2024-03-20,0.0154,0.018,0.018,0.0154,1402
2024-03-21,0.0285,0.0285,0.0285,0.0285,1000
2024-03-22,0.025,0.018153,0.025004,0.018153,23726
2024-03-25,0.0285,0.0193,0.0285,0.0193,8316
2024-03-26,0.0233,0.0233,0.0233,0.0233,100
2024-04-02,0.025,0.02,0.025,0.02,11690
2024-04-03,0.0201,0.0207,0.029,0.02,110948
2024-04-04,0.0199,0.0177,0.0243,0.0176,40657
2024-04-05,0.02,0.019899,0.02,0.019899,6330
2024-04-08,0.0198,0.0175,0.0198,0.0175,15062
2024-04-09,0.02,0.018,0.02,0.0175,17942
2024-04-10,0.018,0.02,0.02,0.018,290
2024-04-12,0.0181,0.02,0.02,0.018,32828
2024-04-15,0.0213,0.018,0.0213,0.018,31357
2024-04-16,0.0247,0.019899,0.0247,0.0176,9459
2024-04-17,0.0188,0.023411,0.0244,0.0188,11971
2024-04-19,0.018,0.0222,0.0242,0.018,1675
2024-04-23,0.0201,0.022999,0.023,0.0176,10424
2024-04-24,0.0246,0.0246,0.0246,0.0246,4000
2024-04-26,0.0176,0.0176,0.0176,0.0176,766
2024-04-29,0.0192,0.0192,0.0192,0.0175,300
2024-05-06,0.0176,0.0189,0.0189,0.015,41225
2024-05-07,0.015,0.02,0.0205,0.015,15400
2024-05-08,0.024599,0.021699,0.024599,0.015101,1467
2024-05-14,0.0236,0.0236,0.0236,0.0236,268
2024-05-21,0.015,0.0185,0.0209,0.015,57572
2024-05-22,0.01675,0.0248,0.0248,0.015,5100
2024-05-23,0.0418,0.034,0.0418,0.0253,950893
2024-05-24,0.0418,0.065,0.1,0.0313,592179
2024-05-28,0.08,0.0483,0.08,0.044901,61434
2024-05-29,0.048,0.0495,0.05,0.048,243211
2024-05-30,0.085,0.0658,0.11,0.0548,560713
2024-05-31,0.0514,0.0501,0.0551,0.05,55099
2024-06-03,0.0505,0.0451,0.065,0.0422,22016
2024-06-04,0.049,0.0385,0.0495,0.0301,79639
2024-06-05,0.04,0.0404,0.0604,0.0313,237727
2024-06-06,0.05,0.0585,0.0749,0.049899,164140
2024-06-07,0.0697,0.0549,0.0699,0.033,77163
2024-06-10,0.0588,0.0546,0.0588,0.0545,2200
2024-06-12,0.0494,0.0585,0.0585,0.0411,27279
2024-06-13,0.057,0.05,0.057,0.042,37600
2024-06-14,0.059,0.0502,0.07,0.0441,89432
2024-06-17,0.0487,0.05,0.0675,0.0487,35790
2024-06-18,0.0501,0.0501,0.0501,0.0501,100
2024-06-20,0.0451,0.05,0.0598,0.0422,1570
2024-06-21,0.0451,0.0394,0.0578,0.0353,104299
2024-06-24,0.04,0.0362,0.042851,0.0356,19448
2024-06-25,0.0355,0.0356,0.0407,0.0355,4431
2024-06-26,0.0355,0.0435,0.05,0.021,95568
2024-06-27,0.03,0.0488,0.05,0.0299,38000
2024-06-28,0.04,0.0325,0.04,0.032,23946
2024-07-01,0.0469,0.0477,0.0477,0.0469,2100
2024-07-02,0.0316,0.0315,0.0316,0.0315,2296
2024-07-03,0.0455,0.057,0.061251,0.0352,98720
2024-07-08,0.0499,0.057,0.057,0.0499,21096
2024-07-09,0.0215,0.055,0.0649,0.0215,16113
2024-07-10,0.038,0.05,0.05,0.023,42516
2024-07-11,0.031472,0.0498,0.0498,0.031472,6200
2024-07-12,0.0256,0.04,0.05,0.0256,81561
2024-07-15,0.0459,0.0417,0.0581,0.04,47882
2024-07-16,0.0566,0.0446,0.0566,0.0285,17086
2024-07-17,0.0306,0.0397,0.0397,0.0306,2124
2024-07-18,0.0442,0.0442,0.0442,0.0442,100
2024-07-19,0.0395,0.0427,0.0428,0.0341,1558
2024-07-23,0.0418,0.0428,0.0428,0.0418,2500
2024-07-24,0.029101,0.029,0.029101,0.029,2071
2024-07-26,0.0412,0.0599,0.0625,0.0412,135751
2024-07-29,0.059,0.059,0.0649,0.0496,441851
2024-07-30,0.06,0.07,0.0709,0.06,71663
2024-07-31,0.068,0.069,0.069769,0.068,68291
2024-08-01,0.059501,0.07,0.07,0.0441,10782
2024-08-02,0.077,0.0769,0.077,0.05955,76843
2024-08-05,0.0769,0.0769,0.0769,0.0769,150
2024-08-09,0.0501,0.0693,0.0693,0.0501,1800
2024-08-12,0.06,0.0775,0.0779,0.0563,5625
