2020-10-02,100.08,100.055,100.08,100.05,87090
2020-10-05,100.03,99.995,100.04,99.995,10725
2020-10-06,100.01,100.03,100.03,100.01,10080
2020-10-07,99.95,99.92,99.96,99.92,6350
2020-10-08,99.99,99.995,99.995,99.9717,650
2020-10-09,99.97,99.94,99.98,99.94,1820
2020-10-12,99.96,99.94,99.97,99.94,5685
2020-10-13,99.979,99.965,99.99,99.9632,3635
2020-10-14,100.0,99.975,100.0,99.975,3985
2020-10-15,100.0,99.945,100.0,99.945,3312
2020-10-16,99.95,99.925,99.96,99.925,2135
2020-10-19,99.91,99.89,99.92,99.89,126687
2020-10-20,99.8471,99.8471,99.8471,99.8471,0
2020-10-21,99.84,99.8243,99.84,99.8243,320
2020-10-22,99.78,99.75,99.78,99.75,5600
2020-10-23,99.81,99.79,99.81,99.79,4617
2020-10-26,99.89,99.86,99.89,99.86,3900
2020-10-27,99.93,99.915,99.93,99.915,710
2020-10-28,99.91,99.885,99.91,99.885,704
2020-10-29,99.82,99.77,99.82,99.77,830
2020-10-30,99.6999,99.6999,99.6999,99.6999,0
2020-11-02,99.7024,99.7024,99.7024,99.7024,1
2020-11-03,99.665,99.665,99.665,99.665,1
2020-11-04,99.96,99.9748,99.98,99.959,2561
2020-11-05,99.9987,99.9987,99.9987,99.9987,0
2020-11-06,99.89,99.9048,99.94,99.89,1001
2020-11-09,99.71,99.7463,99.7463,99.701,4126
2020-11-10,99.689,99.64,99.689,99.64,100
2020-11-11,99.669,99.6553,99.67,99.6553,1004
2020-11-12,99.789,99.7741,99.79,99.7741,4256
2020-11-13,99.7706,99.7706,99.7706,99.7706,0
2020-11-16,99.799,99.77,99.8,99.77,876
2020-11-17,99.85,99.85,99.85,99.85,0
2020-11-18,99.85,99.85,99.85,99.85,0
2020-11-19,99.89,99.89,99.89,99.89,1
2020-11-20,99.91,99.915,99.94,99.91,4981
2020-11-23,99.899,99.885,99.9,99.885,553
2020-11-24,99.885,99.885,99.885,99.885,0
2020-11-25,99.96,99.91,99.96,99.91,701
2020-11-27,99.99,99.99,99.99,99.99,0
2020-11-30,100.07,100.045,100.07,100.045,2066
2020-12-01,99.88,99.9006,99.919,99.88,1100
2020-12-02,99.875,99.875,99.875,99.875,0
2020-12-03,99.975,99.975,99.975,99.975,0
2020-12-04,99.8608,99.8608,99.8608,99.8608,0
2020-12-07,99.98,99.955,99.98,99.955,1800
2020-12-08,100.009,99.97,100.009,99.97,1303
2020-12-09,99.86,99.855,99.86,99.845,1650
2020-12-10,99.91,99.93,99.95,99.9032,3907
2020-12-11,100.0161,100.0161,100.0161,100.0161,33
2020-12-14,100.019,99.995,100.02,99.995,425
2020-12-15,100.01,100.005,100.01,100.005,1351
2020-12-16,100.005,100.005,100.005,100.005,0
2020-12-17,100.09,99.995,100.09,99.995,1218
2020-12-18,100.0001,99.985,100.0001,99.985,1000
2020-12-21,99.989,99.9601,99.99,99.9601,2345
2020-12-22,100.03,100.03,100.03,100.03,0
2020-12-23,99.99,99.9901,100.0,99.99,1414
2020-12-24,100.0267,100.0267,100.0267,100.0267,0
2020-12-28,100.063,100.063,100.063,100.063,0
2020-12-29,100.065,100.065,100.065,100.065,0
2020-12-30,100.1046,100.1046,100.1046,100.1046,0
2020-12-31,100.16,100.155,100.16,100.155,102
2021-01-04,100.1229,100.1229,100.1229,100.1229,0
2021-01-05,100.06,100.05,100.0799,100.05,751
2021-01-06,99.859,99.8746,99.8746,99.859,109
2021-01-07,99.83,99.8137,99.83,99.785,2099
2021-01-08,99.725,99.725,99.725,99.725,3
2021-01-11,99.665,99.665,99.665,99.665,0
2021-01-12,99.6647,99.6647,99.6647,99.6647,1
2021-01-13,99.7569,99.7569,99.7569,99.7569,66
2021-01-14,99.82,99.727,99.82,99.727,333
2021-01-15,99.8077,99.8077,99.8077,99.8077,0
2021-01-19,99.835,99.835,99.835,99.835,2
2021-01-20,99.8357,99.8357,99.8357,99.8357,3
2021-01-21,99.795,99.795,99.795,99.795,193
2021-01-22,99.8349,99.8349,99.8349,99.8349,0
2021-01-25,99.9172,99.9172,99.9172,99.9172,0
2021-01-26,99.95,99.915,99.95,99.89,841
2021-01-27,99.8963,99.8963,99.8963,99.8963,0
2021-01-28,99.8549,99.8549,99.8549,99.8549,0
2021-01-29,99.849,99.8493,99.8493,99.849,1503
2021-02-01,99.88,99.871,99.88,99.871,702
2021-02-02,99.8096,99.8096,99.8096,99.8096,0
2021-02-03,99.789,99.765,99.8,99.765,800
2021-02-04,99.785,99.785,99.785,99.785,0
2021-02-05,99.7616,99.7616,99.7616,99.7616,1502
2021-02-08,99.81,99.7524,99.81,99.7524,3318
2021-02-09,99.83,99.785,99.84,99.77,6819
2021-02-10,99.85,99.8714,99.8714,99.85,351
2021-02-11,99.855,99.8651,99.8651,99.855,531
2021-02-12,99.819,99.7846,99.819,99.7846,1878
2021-02-16,99.589,99.5291,99.6,99.5291,4815
2021-02-17,99.56,99.565,99.58,99.56,1864
2021-02-18,99.585,99.585,99.585,99.585,9
2021-02-19,99.455,99.455,99.455,99.455,598
2021-02-22,99.355,99.355,99.355,99.355,1578
2021-02-23,99.418,99.3988,99.4199,99.3988,401
2021-02-24,99.3644,99.3644,99.3644,99.3644,12
2021-02-25,98.9101,98.7532,98.9101,98.7532,304
2021-02-26,98.9831,98.9831,98.9831,98.9831,70
2021-03-01,99.0572,99.1076,99.1076,99.0572,407
2021-03-02,99.19,99.18,99.19,99.16,965
2021-03-03,98.99,99.0118,99.0118,98.99,510
2021-03-04,98.845,98.845,98.845,98.845,2
2021-03-05,98.75,98.76,98.76,98.75,100
2021-03-08,98.58,98.5305,98.58,98.5305,101
2021-03-09,98.642,98.625,98.642,98.625,917
2021-03-10,98.7392,98.7392,98.7392,98.7392,0
2021-03-11,98.8417,98.8417,98.8417,98.8417,0
2021-03-12,98.58,98.5926,98.6,98.58,4201
2021-03-15,98.6183,98.6183,98.6183,98.6183,0
2021-03-16,98.6294,98.6294,98.6294,98.6294,600
2021-03-17,98.54,98.7015,98.7015,98.54,200
2021-03-18,98.51,98.4898,98.5167,98.4898,2009
2021-03-19,98.4773,98.4773,98.4773,98.4773,0
2021-03-22,98.545,98.565,98.565,98.545,108
2021-03-23,98.64,98.6877,98.6877,98.64,101
2021-03-24,98.7258,98.7258,98.7258,98.7258,0
2021-03-25,98.7318,98.7318,98.7318,98.7318,10
2021-03-26,98.659,98.617792,98.66,98.635,678
2021-03-29,98.5366,98.5366,98.5366,98.5366,0
2021-03-30,98.5128,98.5128,98.5128,98.5128,0
2021-03-31,98.48,98.5146,98.5146,98.48,504
2021-04-01,98.6,98.645,98.645,98.59,1604
2021-04-05,98.499,98.5232,98.5232,98.499,400
2021-04-06,98.64,98.7109,98.7109,98.64,2001
2021-04-07,98.72,98.7216,98.73,98.72,1000
2021-04-08,98.815,98.815,98.815,98.815,0
2021-04-09,98.7557,98.7557,98.7557,98.7557,0
2021-04-12,98.7092,98.7092,98.7092,98.7092,0
2021-04-13,98.73,98.8229,98.8229,98.73,1000
2021-04-14,98.805,98.8109,98.8109,98.78,2271
2021-04-15,99.02,99.0083,99.05,99.0083,7728
2021-04-16,100.89,99.2447,100.89,98.77,4517
2021-04-19,99.12,99.1012,99.13,98.985,4561
2021-04-20,98.79,99.0441,99.3,98.79,3736
2021-04-21,99.01,98.9705,99.01,98.9,997
2021-04-22,98.925,99.001,99.04,98.86,1599
2021-04-23,99.01,98.98,99.01,98.8801,1888
2021-04-26,99.0,98.97,99.0,98.9082,2503
2021-04-27,98.95,98.8326,98.95,98.82,1317
2021-04-28,98.88,98.8864,98.8864,98.76,1002
2021-04-29,98.81,98.855,98.9,98.8,2466
2021-04-30,98.92,98.8893,98.93,98.88,1922
2021-05-03,98.91,98.9446,98.945,98.91,2307
2021-05-04,98.96,98.985,99.05,98.96,2847
2021-05-05,99.0,99.06,99.06,98.994,2950
2021-05-06,99.1,99.075,99.101,99.031,4313
2021-05-07,99.15,99.1475,99.215,99.1475,1834
2021-05-10,99.2,99.11,99.2,99.07,2968
2021-05-11,98.985,98.965,98.985,98.9101,907
2021-05-12,98.83,98.8851,98.8851,98.83,889
2021-05-13,98.94,99.0081,99.0081,98.94,455
2021-05-14,99.0801,99.0801,99.0801,99.0801,254
2021-05-17,99.005,99.054,99.054,99.0,3307
2021-05-18,98.98,99.03,99.03,98.98,377
2021-05-19,99.02,98.9259,99.02,98.9259,1461
2021-05-20,99.0,99.07,99.07,98.995,4204
2021-05-21,99.025,99.0697,99.0697,99.025,2683
2021-05-24,99.1,99.1153,99.1153,99.1,2196
2021-05-25,99.15,99.24,99.24,99.141,2347
2021-05-26,99.21,99.205,99.21,99.2,2016
2021-05-27,99.1597,99.1597,99.1597,99.1597,191
2021-05-28,99.165,99.1908,99.1908,99.16,5655
2021-06-01,99.155,99.155,99.155,99.155,30
2021-06-02,99.19,99.21,99.21,99.171,1524
2021-06-03,99.12,99.115,99.12,99.115,429
2021-06-04,99.265,99.265,99.265,99.265,10
2021-06-07,99.23,99.23,99.23,99.23,115
2021-06-08,99.3083,99.3083,99.3083,99.3083,53
2021-06-09,99.38,99.3582,99.38,99.35,307
2021-06-10,99.27,99.4724,99.4724,99.27,330
2021-06-11,99.426,99.426,99.426,99.426,18
2021-06-14,99.3899,99.32,99.3899,99.32,404
2021-06-15,99.35,99.3353,99.37,99.3,10679
2021-06-16,99.095,99.08,99.095,99.0109,4456
2021-06-17,99.06,99.07,99.0846,99.06,1196
2021-06-18,99.1301,99.1301,99.1301,99.1301,15
2021-06-21,99.0705,99.0948,99.0948,99.0705,247
2021-06-22,99.11,99.129,99.13,99.11,3904
2021-06-23,99.12,99.1,99.12,99.1,480
2021-06-24,99.095,99.104,99.104,99.095,116
2021-06-25,99.0452,99.015794,99.0452,99.0452,18
2021-06-28,99.03,99.0851,99.1,99.03,2486
2021-06-29,99.0901,99.1312,99.1312,99.0901,1340
2021-06-30,99.1731,99.1731,99.1731,99.1731,20
2021-07-01,99.135,99.135,99.135,99.135,149
2021-07-02,99.18,99.204,99.22,99.18,15272
2021-07-06,99.29,99.365,99.365,99.29,13271
2021-07-07,99.465,99.447,99.465,99.42,3517
2021-07-08,99.46,99.5085,99.545,99.46,2441
2021-07-09,99.3801,99.3801,99.3801,99.3801,43
2021-07-12,99.3801,99.3801,99.3801,99.3801,135
2021-07-13,99.2551,99.2551,99.2551,99.2551,60
2021-07-14,99.36,99.35,99.365,99.35,13807
2021-07-15,99.48,99.48,99.48,99.48,2
2021-07-16,99.43,99.49,99.49,99.43,129
2021-07-19,99.66,99.6503,99.665,99.585,20415
2021-07-20,99.7074,99.7074,99.7074,99.7074,37
2021-07-21,99.555,99.5483,99.555,99.5483,158
2021-07-22,99.64,99.6382,99.6452,99.6382,203
2021-07-23,99.6201,99.641,99.69,99.6201,14144
2021-07-26,99.675,99.6525,99.675,99.639,1736
2021-07-27,99.7154,99.7154,99.7154,99.7154,14
2021-07-28,99.695,99.755,99.755,99.695,163
2021-07-29,99.681,99.7037,99.7037,99.68,509
2021-07-30,99.7,99.7767,99.7767,99.7,213
2021-08-02,99.901,99.901,99.901,99.901,254
2021-08-03,99.9047,99.9047,99.9047,99.9047,5
2021-08-04,99.8466,99.8466,99.8466,99.8466,55
2021-08-05,99.735,99.735,99.735,99.735,73
2021-08-06,99.5585,99.5585,99.5585,99.5585,4
2021-08-09,99.4774,99.4774,99.4774,99.4774,4
2021-08-10,99.3949,99.3893,99.3949,99.3893,118
2021-08-11,99.45,99.4693,99.4693,99.39,530
2021-08-12,99.449,99.445,99.449,99.445,243
2021-08-13,99.5825,99.5825,99.5825,99.5825,4
2021-08-16,99.64,99.6496,99.6496,99.64,120
2021-08-17,99.18,99.6,99.6,99.18,326
2021-08-18,99.575,99.55,99.575,99.55,425
2021-08-19,99.605,99.605,99.605,99.605,136
2021-08-20,99.5696,99.5696,99.5696,99.5696,4
2021-08-23,99.5932,99.5932,99.5932,99.5932,138
2021-08-24,99.541,99.535,99.58,99.535,910
2021-08-25,99.445,99.445,99.445,99.445,94
2021-08-26,99.44,99.4585,99.4585,99.44,2006
2021-08-27,99.5864,99.5864,99.5864,99.5864,2
2021-08-30,99.685,99.685,99.685,99.685,74
2021-08-31,99.65,99.695,99.695,99.64,126287
2021-09-01,99.719,99.68,99.719,99.68,103
2021-09-02,99.76,99.7202,99.76,99.72,572
2021-09-03,99.72,99.69,99.75,99.69,1509
2021-09-07,99.576,99.5551,99.576,99.5551,862
2021-09-08,99.61,99.61,99.61,99.61,200
2021-09-09,99.725,99.725,99.725,99.725,24
2021-09-10,99.635,99.635,99.635,99.635,13
2021-09-13,99.5644,99.615,99.615,99.5644,209
2021-09-14,99.735,99.735,99.735,99.69,1008
2021-09-15,99.7099,99.66,99.7099,99.66,102
2021-09-16,99.5301,99.58,99.58,99.53,877
2021-09-17,99.39,99.465,99.465,99.39,502
2021-09-20,99.4101,99.625,99.625,99.4101,110
2021-09-21,99.5878,99.59,99.59,99.5878,464
2021-09-22,99.55,99.55,99.55,99.55,122
2021-09-23,99.3999,99.2947,99.3999,99.26,2339
2021-09-24,99.2,99.19,99.2,99.19,171
2021-09-27,99.18,99.057539,99.18,99.18,52
2021-09-28,98.965,98.965,98.965,98.965,12
2021-09-29,98.9849,98.9849,98.9849,98.9849,33
2021-09-30,99.02,99.02,99.02,99.02,76
2021-10-01,99.18,99.18,99.18,99.18,18
2021-10-04,99.15,99.15,99.15,99.15,6
2021-10-05,99.065,99.065,99.065,99.065,16
2021-10-06,99.06,99.06,99.06,99.06,5
2021-10-07,98.9097,98.915,98.915,98.9097,252
2021-10-08,98.86,98.86,98.86,98.86,6
2021-10-11,98.765,98.7244,98.765,98.7244,125
2021-10-12,98.825,98.825,98.825,98.825,26
2021-10-13,98.837,98.837,98.837,98.837,51
2021-10-14,98.94,98.94,98.94,98.94,6
2021-10-15,98.775,98.775,98.775,98.775,4
2021-10-18,98.67,98.67,98.67,98.67,2
2021-10-19,98.58,98.595,98.595,98.58,254
2021-10-20,98.57,98.6745,98.69,98.57,845
2021-10-21,98.475,98.475,98.475,98.475,100
2021-10-22,98.4,98.5118,98.5118,98.4,205
2021-10-25,98.57,98.57,98.57,98.57,48
2021-10-26,98.63,98.63,98.63,98.63,50716
2021-10-27,98.77,98.77,98.77,98.77,8
2021-10-28,98.64,98.65,98.65,98.64,307
2021-10-29,98.6806,98.6806,98.6806,98.6806,7
2021-11-01,98.67,98.6172,98.68,98.53,1840
2021-11-02,98.75,98.75,98.75,98.75,157
2021-11-03,98.7,98.695,98.77,98.695,610
2021-11-04,98.9101,98.9101,98.9101,98.9101,41
2021-11-05,99.045,99.11,99.11,99.01,924
2021-11-08,98.95,98.925,98.9799,98.88,2454
2021-11-09,99.064,99.064,99.064,99.064,4
2021-11-10,98.7,98.7,98.7,98.7,9
2021-11-11,98.585,98.585,98.585,98.585,12
2021-11-12,98.73,98.6343,98.73,98.55,1549
2021-11-15,98.5071,98.5071,98.5071,98.5071,3
2021-11-16,98.5001,98.45,98.5001,98.45,466
2021-11-17,98.53,98.53,98.53,98.53,42
2021-11-18,98.64,98.58,98.64,98.58,1041
2021-11-19,98.605,98.605,98.605,98.605,338
2021-11-22,98.27,98.27,98.27,98.27,26
2021-11-23,98.1725,98.1725,98.1725,98.1725,4
2021-11-24,98.185,98.185,98.185,98.185,12
2021-11-26,98.5999,98.548,98.5999,98.548,174
2021-11-29,98.55,98.565,98.59,98.55,2489
2021-11-30,98.89,98.6405,98.89,98.6405,354054
2021-12-01,98.6127,98.6127,98.6127,98.6127,13
2021-12-02,98.5825,98.5825,98.5825,98.5825,5
2021-12-03,98.79,98.7681,98.8034,98.7681,2036
2021-12-06,98.595,98.595,98.595,98.595,38
2021-12-07,98.51,98.51,98.51,98.51,88
2021-12-08,98.391,98.445,98.445,98.391,752
2021-12-09,98.48,98.4688,98.4946,98.4688,308
2021-12-10,98.51,98.51,98.51,98.51,71
2021-12-13,98.5666,98.635,98.635,98.5666,1116
2021-12-14,98.545,98.471998,98.545,98.545,3
2021-12-15,98.434,98.4436,98.4436,98.434,1005
2021-12-16,98.631,98.6512,98.6512,98.6245,597
2021-12-17,98.64,98.64,98.64,98.64,54
2021-12-20,98.645,98.645,98.645,98.645,48
2021-12-21,98.5,98.5,98.5,98.5,199
2021-12-22,98.5918,98.5918,98.5918,98.5918,2
2021-12-23,98.53,98.5417,98.5417,98.53,505
2021-12-27,98.54,98.55,98.55,98.27,2513
2021-12-28,98.61,98.59,98.61,98.59,160
2021-12-29,98.47,98.485,98.485,98.47,402
2021-12-30,98.6095,98.6095,98.6095,98.6095,83
2021-12-31,98.585,98.585,98.585,98.585,5
2022-01-03,98.31,98.2947,98.31,98.2947,177
2022-01-04,98.28,98.2915,98.2915,98.28,356148
2022-01-05,98.25,98.0964,98.27,98.0901,356863
2022-01-06,97.985,97.985,97.985,97.985,104
2022-01-07,97.8946,97.8946,97.8946,97.8946,3
2022-01-10,97.84,97.8451,97.9,97.83,8362
2022-01-11,97.85,97.9223,97.9223,97.85,103
2022-01-12,97.925,97.92,97.925,97.92,104
2022-01-13,97.991,97.991,97.991,97.991,2
2022-01-14,97.8085,97.735,97.8085,97.735,133
2022-01-18,97.44,97.4107,97.44,97.4107,163
2022-01-19,97.505,97.4942,97.505,97.4942,103
2022-01-20,97.5026,97.5026,97.5026,97.5026,2
2022-01-21,97.69,97.69,97.69,97.69,84
2022-01-24,97.7699,97.7102,97.84,97.7102,6378
2022-01-25,97.6701,97.6316,97.6701,97.6316,106
2022-01-26,97.3395,97.3395,97.3395,97.3395,5
2022-01-27,97.389,97.31,97.389,97.31,206
2022-01-28,97.311,97.4121,97.4121,97.311,925
2022-01-31,97.451,97.4174,97.451,97.4174,935
2022-02-01,97.405,97.4,97.405,97.4,280
2022-02-02,97.4742,97.4742,97.4742,97.4742,4
2022-02-03,97.309,97.3099,97.3099,97.255,221
2022-02-04,96.929,96.925,96.929,96.925,104
2022-02-07,96.9504,96.9684,96.9684,96.9504,502
2022-02-08,96.8277,96.8277,96.8277,96.8277,3
2022-02-09,96.855,96.855,96.855,96.855,2
2022-02-10,96.2838,96.2838,96.2838,96.2838,2
2022-02-11,96.6854,96.6854,96.6854,96.6854,4
2022-02-14,96.4243,96.4243,96.4243,96.4243,13
2022-02-15,96.359,96.355,96.359,96.355,103
2022-02-16,96.4341,96.4341,96.4341,96.4341,2
2022-02-17,96.5672,96.5672,96.5672,96.5672,4
2022-02-18,96.6423,96.6423,96.6423,96.6423,2
2022-02-22,96.54,96.5239,96.55,96.5239,156012
2022-02-23,96.3904,96.3904,96.3904,96.3904,22
2022-02-24,96.4816,96.4816,96.4816,96.4816,48
2022-02-25,96.495,96.495,96.495,96.495,10
2022-02-28,96.9391,96.9391,96.9391,96.9391,43
2022-03-01,97.28,97.2921,97.2921,97.28,107
2022-03-02,97.05,96.7511,97.05,96.7511,316
2022-03-03,96.7938,96.7938,96.7938,96.7938,4
2022-03-04,97.0564,97.0564,97.0564,97.0564,14
2022-03-07,96.8178,96.8178,96.8178,96.8178,2
2022-03-08,96.465,96.465,96.465,96.465,23
2022-03-09,96.2619,96.2619,96.2619,96.2619,30
2022-03-10,96.085,96.085,96.085,96.085,5
2022-03-11,96.0301,96.0301,96.0301,96.0301,139
2022-03-14,95.5593,95.5593,95.5593,95.5593,31
2022-03-15,95.5408,95.5408,95.5408,95.5408,26
2022-03-16,95.4858,95.4858,95.4858,95.4858,20
2022-03-17,95.5998,95.5998,95.5998,95.5998,23
2022-03-18,95.7017,95.7017,95.7017,95.7017,0
2022-03-21,95.15,95.1512,95.1692,95.1401,503
2022-03-22,94.997,94.997,94.997,94.997,7
2022-03-23,95.2136,95.2136,95.2136,95.2136,0
2022-03-24,95.0865,95.0865,95.0865,95.0865,4
2022-03-25,94.6209,94.6209,94.6209,94.6209,5
2022-03-28,94.6462,94.475209,94.6462,94.6462,11
2022-03-29,94.52,94.647,94.647,94.52,1004
2022-03-30,94.711,94.8392,94.8392,94.71,2615
2022-03-31,95.0089,94.8715,95.0089,94.8715,906
2022-04-01,94.61,94.51,95.07,94.51,19678
2022-04-04,94.61,94.61,94.61,94.61,11
2022-04-05,94.18,94.165,94.18,94.165,462
2022-04-06,94.07,94.1,94.111,94.07,2898
2022-04-07,94.11,94.0753,94.11,94.0753,543
2022-04-08,93.8651,93.8651,93.8651,93.8651,1482
2022-04-11,93.71,93.6835,93.71,93.6835,327
2022-04-12,94.0313,94.0313,94.0313,94.0313,5
2022-04-13,94.0556,94.0556,94.0556,94.0556,1305
2022-04-14,93.715,93.715,93.715,93.715,3
2022-04-18,93.665,93.665,93.665,93.665,2
2022-04-19,93.2754,93.2754,93.2754,93.2754,6221
2022-04-20,93.4,93.4,93.4,93.4,127
2022-04-21,93.2292,93.2292,93.2292,93.2292,3
2022-04-22,93.1637,93.1637,93.1637,93.1637,7
2022-04-25,93.4,93.45,93.45,93.4,404
2022-04-26,93.65,93.6806,93.6806,93.6149,450
2022-04-27,93.62,93.5149,93.62,93.5149,514
2022-04-28,93.3105,93.4028,93.4028,93.3105,320
2022-04-29,93.26,93.2387,93.27,93.2387,11026
2022-05-02,92.8886,92.8886,92.8886,92.8886,2
2022-05-03,93.1,92.9452,93.1,92.9452,755
2022-05-04,92.88,93.2767,93.2767,92.88,803
2022-05-05,92.981,92.9605,92.981,92.79,436
2022-05-06,92.79,92.79,92.79,92.79,63
2022-05-09,92.91,93.0808,93.0808,92.91,1373
2022-05-10,93.19,93.1917,93.2,93.19,399
2022-05-11,93.31,93.31,93.31,93.31,20
2022-05-12,93.4797,93.4797,93.4797,93.4797,29
2022-05-13,93.305,93.305,93.305,93.305,11
2022-05-16,93.5299,93.475,93.5299,93.46,614
2022-05-17,93.0897,93.0897,93.0897,93.0897,3
2022-05-18,93.26,93.245,93.29,93.245,601
2022-05-19,93.4443,93.4443,93.4443,93.4443,2
2022-05-20,93.6096,93.6096,93.6096,93.6096,7
2022-05-23,93.42,93.42,93.42,93.42,3
2022-05-24,93.8499,93.8124,93.8499,93.8124,199
2022-05-25,94.0079,94.0079,94.0079,94.0079,82
2022-05-26,93.994,94.09,94.09,93.994,250
2022-05-27,94.09,94.14,94.14,94.09,147
2022-05-31,93.78,93.7925,93.7925,93.755,268
2022-06-01,93.56,93.495,93.56,93.4514,391
2022-06-02,93.545,93.545,93.545,93.545,2
2022-06-03,93.45,93.4544,93.63,93.45,1692
2022-06-06,93.1991,93.1991,93.1991,93.1991,3
2022-06-07,93.3179,93.3179,93.3179,93.3179,7
2022-06-08,93.175,93.175,93.175,93.175,3
2022-06-09,93.0796,93.05,93.0796,93.05,181
2022-06-10,92.72,92.4326,92.72,92.4326,153
2022-06-13,91.77,91.527,91.77,91.527,114
2022-06-14,91.1784,91.1784,91.1784,91.1784,18
2022-06-15,91.86,91.86,91.86,91.86,0
2022-06-16,92.0751,92.0751,92.0751,92.0751,2
2022-06-17,92.0378,92.0378,92.0378,92.0378,52
2022-06-21,91.905,91.905,91.905,91.905,12
2022-06-22,92.3947,92.3947,92.3947,92.3947,0
2022-06-23,92.5976,92.5976,92.5976,92.5976,90
2022-06-24,92.6,92.545,92.6,92.545,270
2022-06-27,92.397,92.237638,92.397,92.317,366
2022-06-28,92.2145,92.2145,92.2145,92.2145,7
2022-06-29,92.43,92.5,92.5,92.4299,487
2022-06-30,92.8779,92.8779,92.8779,92.8779,98
2022-07-01,93.425,93.425,93.425,93.425,84
2022-07-05,93.55,93.55,93.55,93.55,110
2022-07-06,93.185,93.1014,93.185,93.1014,302
2022-07-07,92.915,92.915,92.915,92.915,4
2022-07-08,92.76,92.76,92.76,92.76,0
2022-07-11,92.9521,92.9521,92.9521,92.9521,3
2022-07-12,93.1,93.1,93.1,93.1,4
2022-07-13,93.0668,93.1258,93.1258,93.0668,186
2022-07-14,92.9967,92.9967,92.9967,92.9967,2
2022-07-15,93.095,93.095,93.095,93.095,2
2022-07-18,92.85,93.045,93.045,92.85,134
2022-07-19,92.8367,92.8367,92.8367,92.8367,3
2022-07-20,92.785,92.785,92.785,92.785,0
2022-07-21,93.3161,93.3161,93.3161,93.3161,37
2022-07-22,93.7811,93.7811,93.7811,93.7811,76
2022-07-25,93.65,93.65,93.65,93.65,3
2022-07-26,93.7799,93.5988,93.7799,93.5988,482
2022-07-27,93.77,93.91,93.91,93.77,103
2022-07-28,94.36,94.335,94.36,94.335,402
2022-07-29,94.39,94.415,94.415,94.39,371
2022-08-01,94.53,94.495,94.53,94.495,365
2022-08-02,94.225,93.845,94.225,93.8,10729
2022-08-03,93.65,93.9832,93.9832,93.65,376
2022-08-04,94.05,94.1843,94.1843,94.05,9768
2022-08-05,93.5948,93.5948,93.5948,93.5948,0
2022-08-08,93.775,93.775,93.775,93.775,24
2022-08-09,93.5616,93.6116,93.6116,93.5616,403
2022-08-10,93.9,93.895,93.9,93.895,236
2022-08-11,93.5561,93.5561,93.5561,93.5561,18
2022-08-12,93.713,93.713,93.713,93.713,7
2022-08-15,93.9599,93.8743,93.9599,93.8743,157
2022-08-16,93.7423,93.7423,93.7423,93.7423,3
2022-08-17,93.427,93.427,93.427,93.427,2
2022-08-18,93.55,93.5251,93.55,93.525,6692
2022-08-19,93.3,93.3,93.3,93.3,0
2022-08-22,93.1001,93.055,93.1001,93.055,348
2022-08-23,93.045,93.0072,93.045,93.0072,4602
2022-08-24,92.84,92.8584,92.8584,92.83,1259
2022-08-25,93.1124,93.1124,93.1124,93.1124,0
2022-08-26,93.02,93.005,93.02,93.005,226
2022-08-29,92.7593,92.74,92.7593,92.74,799
2022-08-30,92.6966,92.6966,92.6966,92.6966,3
2022-08-31,92.7,92.665,92.72,92.665,2715
2022-09-01,92.285,92.284,92.3,92.284,756
2022-09-02,92.57,92.5701,92.5701,92.525,2001
2022-09-06,92.1174,92.1174,92.1174,92.1174,19
2022-09-07,92.31,92.4142,92.4142,92.31,293
2022-09-08,92.2743,92.2743,92.2743,92.2743,0
2022-09-09,92.2212,92.2212,92.2212,92.2212,58
2022-09-12,92.1733,92.1733,92.1733,92.1733,36
2022-09-13,91.71,91.7588,91.7588,91.7,2403
2022-09-14,91.651,91.7284,91.79,91.65,1854
2022-09-15,91.585,91.545,91.585,91.545,127
2022-09-16,91.645,91.645,91.645,91.645,0
2022-09-19,91.45,91.4489,91.45,91.4489,116
2022-09-20,91.2198,91.2266,91.23,91.215,2316
2022-09-21,91.1301,91.315,91.3199,91.1301,7816
2022-09-22,90.7696,90.735,90.8,90.6905,8384
2022-09-23,90.511,90.6,90.6599,90.46,14798
2022-09-26,90.3401,89.96,90.3401,89.95,1669
2022-09-27,90.03,89.220936,90.03,89.71,2803
2022-09-28,89.7329,90.0741,90.0741,89.6569,877
2022-09-29,89.79,89.8128,89.84,89.79,1090
2022-09-30,90.0,89.6722,90.0,89.6722,2654
2022-10-03,90.27,90.2566,90.4299,90.2536,738
2022-10-04,90.58,90.4456,90.58,90.4456,157
2022-10-05,90.0721,90.0721,90.0721,90.0721,44
2022-10-06,89.94,89.94,89.94,89.94,145
2022-10-07,89.6105,89.6105,89.6105,89.6105,2
2022-10-10,89.4784,89.4784,89.4784,89.4784,11
2022-10-11,89.441,89.4685,89.4685,89.4401,861
2022-10-12,89.5527,89.5527,89.5527,89.5527,2
2022-10-13,89.306,89.306,89.306,89.306,2
2022-10-14,89.1441,89.1441,89.1441,89.1441,4
2022-10-17,89.2619,89.2129,89.2619,89.2129,169
2022-10-18,89.3302,89.3302,89.3302,89.3302,28
2022-10-19,88.8918,88.8918,88.8918,88.8918,30
2022-10-20,88.609,88.609,88.609,88.609,100
2022-10-21,88.8895,88.8895,88.8895,88.8895,131
2022-10-24,88.899,88.8801,88.899,88.8801,115
2022-10-25,89.3195,89.2663,89.3195,89.2663,136
2022-10-26,89.385,89.4405,89.485,89.385,3815
2022-10-27,89.71,89.753,89.77,89.71,2269
2022-10-28,89.54,89.5444,89.5582,89.52,1384
2022-10-31,89.42,89.2936,89.44,89.24,4217
2022-11-01,89.3269,89.3269,89.3269,89.3269,36
2022-11-02,89.4195,89.2116,89.4195,89.2116,135
2022-11-03,89.0034,89.0034,89.0034,89.0034,262
2022-11-04,89.1016,89.1016,89.1016,89.1016,2
2022-11-07,88.9573,88.9573,88.9573,88.9573,2
2022-11-08,88.99,89.1798,89.1801,88.88,3775
2022-11-09,89.21,89.26,89.35,89.21,18223
2022-11-10,90.39,90.4244,90.4419,90.261,24776
2022-11-11,90.55,90.375,90.55,90.365,715
2022-11-14,90.1969,90.2549,90.2812,90.1969,1646
2022-11-15,90.55,90.6169,90.6169,90.55,112
2022-11-16,90.72,90.831,90.831,90.7,375
2022-11-17,90.4813,90.5653,90.595,90.4813,458
2022-11-18,90.3855,90.3855,90.3855,90.3855,2
2022-11-21,90.54,90.3449,90.54,90.3449,6309
2022-11-22,90.47,90.47,90.47,90.47,103
2022-11-23,90.72,90.745,90.745,90.72,383
2022-11-25,90.695,90.7793,90.7793,90.695,352
2022-11-28,90.8096,90.8096,90.8096,90.8096,2440
2022-11-29,90.6151,90.6151,90.6151,90.6151,123
2022-11-30,90.4999,90.96,90.96,90.48,494
2022-12-01,91.325,91.5161,91.5161,91.325,14968
2022-12-02,91.6001,91.6001,91.6001,91.6001,2
2022-12-05,91.255,91.1549,91.3,91.1549,1397
2022-12-06,91.31,91.31,91.31,91.31,103
2022-12-07,91.6599,91.6949,91.6949,91.6533,715
2022-12-08,91.5121,91.5121,91.5121,91.5121,3
2022-12-09,91.3139,91.3139,91.3139,91.3139,52
2022-12-12,91.421,91.2197,91.421,91.2197,248
2022-12-13,91.905,91.6349,91.905,91.6349,6260
2022-12-14,91.56,91.7421,91.7421,91.56,102
2022-12-15,91.735,91.7846,91.7846,91.735,1204
2022-12-16,91.7471,91.7471,91.7471,91.7471,55
2022-12-19,91.4899,91.4354,91.4899,91.4354,491
2022-12-20,91.1849,90.820652,91.1849,91.1849,13
2022-12-21,90.9657,90.9657,90.9657,90.9657,171
2022-12-22,90.9452,90.9452,90.9452,90.9452,2
2022-12-23,90.771,90.8045,90.8045,90.76,1308
2022-12-27,90.5096,90.5096,90.5096,90.5096,15
2022-12-28,90.421,90.4347,90.4347,90.421,168
2022-12-29,90.5923,90.5923,90.5923,90.5923,84
2022-12-30,90.4317,90.4317,90.4317,90.4317,33
2023-01-03,90.591,90.6188,90.6188,90.57,1715
2023-01-04,90.8792,90.8792,90.8792,90.8792,103
2023-01-05,90.7514,90.7514,90.7514,90.7514,11
2023-01-06,90.92,91.4083,91.4083,90.92,11299
2023-01-09,91.429,91.6,91.6,91.429,3790
2023-01-10,91.34,91.3861,91.44,91.34,6504
2023-01-11,91.53,91.6407,91.6407,91.519,4053
2023-01-12,92.0693,92.0693,92.0693,92.0693,3
2023-01-13,91.91,91.8352,91.91,91.8299,3913
2023-01-17,91.91,91.8116,91.91,91.8116,1304
2023-01-18,92.24,92.355,92.41,92.235,7402
2023-01-19,92.25,92.2752,92.28,92.25,203
2023-01-20,92.08,92.035,92.08,91.97,405
2023-01-23,91.925,91.96,91.99,91.925,1839
2023-01-24,92.03,92.0657,92.0657,92.03,203
2023-01-25,92.04,92.1,92.1,92.04,143
2023-01-26,92.1,91.9858,92.1,91.9858,353
2023-01-27,91.9003,91.9003,91.9003,91.9003,7
2023-01-30,91.7799,91.765,91.7799,91.765,150
2023-01-31,91.9625,91.9625,91.9625,91.9625,3
2023-02-01,92.015,92.3677,92.3677,92.015,2703
2023-02-02,92.4041,92.4041,92.4041,92.4041,79
2023-02-03,91.9,91.8618,91.9,91.86,400
2023-02-06,91.49,91.404,91.49,91.404,103
2023-02-07,91.45,91.363,91.45,91.363,555
2023-02-08,91.4761,91.4761,91.4761,91.4761,1550
2023-02-09,91.49,91.2751,91.49,91.2751,403
2023-02-10,91.15,91.095,91.15,91.095,741
2023-02-13,91.1459,91.121,91.1459,91.0999,1594
2023-02-14,90.8,90.8773,90.8773,90.8,103
2023-02-15,90.835,90.835,90.835,90.835,8
2023-02-16,90.83,90.83,90.83,90.83,401
2023-02-17,90.8177,90.8177,90.8177,90.8177,15
2023-02-21,90.5,90.5,90.5,90.5,401
2023-02-22,90.5399,90.4315,90.5399,90.43,269
2023-02-23,90.53,90.591,90.591,90.53,202
2023-02-24,90.3,90.295,90.3,90.289,1348
2023-02-27,90.4,90.4067,90.41,90.4,226
2023-02-28,90.33,90.4353,90.4353,90.33,203
2023-03-01,90.15,90.21,90.21,90.15,272
2023-03-02,90.02,90.085,90.085,90.02,202
2023-03-03,90.21,90.3586,90.3586,90.21,543
2023-03-06,90.4,90.4,90.4,90.4,428
2023-03-07,90.24,90.21,90.24,90.21,319
2023-03-08,90.24,90.019,90.25,90.019,359
2023-03-09,90.4263,90.4263,90.4263,90.4263,94
2023-03-10,91.1253,91.1253,91.1253,91.1253,66
2023-03-13,92.0099,91.8243,92.21,91.8243,214
2023-03-14,91.55,91.4084,91.55,91.4084,119
2023-03-15,92.27,92.067,92.27,92.067,108
2023-03-16,91.636,91.636,91.636,91.636,61
2023-03-17,92.3446,92.3446,92.3446,92.3446,4
2023-03-20,92.08,92.08,92.08,92.08,78
2023-03-21,91.83,91.7655,91.83,91.7655,235
2023-03-22,92.4751,92.4751,92.4751,92.4751,208
2023-03-23,92.8098,92.8098,92.8098,92.8098,19
2023-03-24,92.8359,92.8359,92.8359,92.8359,38
2023-03-27,92.3501,92.2666,92.3501,92.2666,114
2023-03-28,92.1631,91.796255,92.1631,92.1631,10
2023-03-29,91.81,91.8152,91.818,91.81,752
2023-03-30,91.8756,91.8756,91.8756,91.8756,2
2023-03-31,91.94,92.185,92.185,91.94,106
2023-04-03,92.35,92.4722,92.4722,92.3427,4949
2023-04-04,92.741,92.815,92.815,92.74,973
2023-04-05,93.0197,92.9392,93.0197,92.9392,1611
2023-04-06,92.9212,92.9212,92.9212,92.9212,100
2023-04-10,92.4915,92.4915,92.4915,92.4915,4
2023-04-11,92.5099,92.4689,92.5099,92.4689,168
2023-04-12,92.61,92.6169,92.63,92.59,812
2023-04-13,92.6092,92.6092,92.6092,92.6092,7
2023-04-14,92.365,92.365,92.365,92.365,104
2023-04-17,92.1301,92.115,92.1301,92.115,226
2023-04-18,92.16,92.16,92.16,92.16,906
2023-04-19,92.0111,92.0111,92.0111,92.0111,3
2023-04-20,92.2852,92.2852,92.2852,92.2852,2
2023-04-21,92.21,92.265,92.265,92.21,1090
2023-04-24,92.3248,92.4035,92.4035,92.3248,1011
2023-04-25,92.705,92.9062,92.9295,92.705,1510
2023-04-26,92.765,92.765,92.765,92.765,58
2023-04-27,92.445,92.445,92.445,92.445,2
2023-04-28,92.6823,92.6823,92.6823,92.6823,41
2023-05-01,92.52,92.3349,92.54,92.33,4388
2023-05-02,92.77,92.7746,92.782,92.761,856
2023-05-03,93.1037,93.1037,93.1037,93.1037,4
2023-05-04,93.265,93.16,93.39,93.16,119712
2023-05-05,92.864,92.864,92.864,92.864,136
2023-05-08,92.645,92.5842,92.7,92.56,5138
2023-05-09,92.55,92.595,92.595,92.55,907
2023-05-10,92.8559,92.9358,92.9358,92.8559,261
2023-05-11,93.12,93.14,93.1499,93.11,1659
2023-05-12,93.03,92.7938,93.03,92.7938,1048
2023-05-15,92.7235,92.7235,92.7235,92.7235,2
2023-05-16,92.5632,92.5632,92.5632,92.5632,25
2023-05-17,92.3709,92.3709,92.3709,92.3709,3
2023-05-18,92.17,92.1,92.17,92.1,1603
2023-05-19,91.9693,91.9693,91.9693,91.9693,5
2023-05-22,91.9459,91.9133,91.9459,91.9133,197
2023-05-23,92.018,91.9776,92.018,91.9776,407
2023-05-24,91.832,91.832,91.832,91.832,73
2023-05-25,91.4812,91.4812,91.4812,91.4812,19
2023-05-26,91.376,91.4914,91.4914,91.376,341
