2022-04-20,9.87,9.86,9.87,9.86,50100
2022-04-22,9.87,9.87,9.87,9.87,250001
2022-04-25,9.88,9.88,9.8874,9.87,36150
2022-04-26,9.87,9.87,9.8725,9.87,465075
2022-04-27,9.87,9.87,9.87,9.87,48855
2022-05-04,9.87,9.87,9.87,9.86,1206824
2022-05-06,9.87,9.87,9.87,9.87,29751
2022-05-09,9.87,9.87,9.87,9.87,520
2022-05-11,9.85,9.85,9.85,9.85,100545
2022-05-12,9.83,9.83,9.83,9.83,999
2022-05-13,9.83,9.8,9.83,9.795,167225
2022-05-18,9.84,9.84,9.84,9.84,205
2022-05-19,9.85,9.8498,9.85,9.84,54659
2022-05-20,9.84,9.8398,9.84,9.82,76175
2022-05-24,9.84,9.85,9.85,9.83,165695
2022-05-25,9.8436,9.8436,9.8436,9.8436,375
2022-05-26,9.86,9.87,9.88,9.84,8900
2022-05-31,9.835,9.835,9.835,9.835,1502
2022-06-03,9.84,9.83,9.8401,9.825,21062
2022-06-06,9.83,9.8498,9.85,9.83,10223
2022-06-07,9.83,9.85,9.85,9.83,12492
2022-06-08,9.85,9.83,9.85,9.83,6406
2022-06-09,9.84,9.84,9.84,9.84,1315
2022-06-13,9.85,9.85,9.86,9.845,30223
2022-06-14,9.83,9.83,9.83,9.83,659
2022-06-15,9.83,9.83,9.83,9.83,1302
2022-06-16,9.83,9.83,9.84,9.83,42656
2022-06-17,9.83,9.85,9.85,9.83,1285
2022-06-23,9.83,9.83,9.83,9.83,1000
2022-06-29,9.85,9.85,9.85,9.85,10000
2022-06-30,9.85,9.86,9.86,9.85,25100
2022-07-01,9.83,9.83,9.83,9.83,266
2022-07-11,9.865,9.865,9.865,9.865,31666
2022-07-14,9.89,9.89,9.89,9.89,583
2022-07-15,9.88,9.89,9.89,9.87,100470
2022-07-18,9.87,9.87,9.88,9.87,303452
2022-07-19,9.8899,9.89,9.89,9.8899,1071
2022-07-20,9.89,9.86,9.89,9.86,6172
2022-07-27,9.89,9.89,9.89,9.88,146549
2022-07-29,9.94,9.93,9.94,9.93,1379
2022-08-05,9.93,9.92,9.935,9.92,238305
2022-08-08,9.93,9.93,9.93,9.93,101
2022-08-09,9.9118,9.91,9.9118,9.91,1504
2022-08-10,9.9,9.9,9.9,9.9,258
2022-08-11,9.93,9.93,9.93,9.93,139
2022-08-12,9.91,9.9,9.91,9.9,2000
2022-08-17,9.9,9.9,9.9,9.9,101
2022-08-18,9.9,9.9,9.9,9.9,800
2022-08-22,9.9,9.9,9.9,9.9,238953
2022-08-23,9.9,9.9,9.9,9.9,389
2022-08-24,9.89,9.89,9.9,9.89,76446
2022-08-25,9.88,9.89,9.8901,9.88,12914
2022-09-01,9.9,9.9,9.9,9.9,25709
2022-09-02,9.9,9.895,9.9,9.89,270034
2022-09-06,9.89,9.89,9.89,9.89,10200
2022-09-08,9.88,9.89,9.895,9.88,12394
2022-09-12,9.88,9.88,9.88,9.87,18626
2022-09-15,9.91,9.91,9.91,9.91,43465
2022-09-21,9.93,9.93,9.93,9.93,100
2022-09-22,9.93,9.93,9.93,9.93,100
2022-09-26,9.92,9.92,9.92,9.92,100
2022-09-27,9.9,9.92,9.92,9.9,1200
2022-09-29,9.87,9.87,9.87,9.87,100
2022-09-30,9.87,9.87,9.87,9.87,100
2022-10-05,9.87,9.87,9.93,9.87,350
2022-10-06,9.88,9.88,9.88,9.88,100
2022-10-12,9.88,9.88,9.88,9.88,100
2022-10-13,9.93,9.93,9.93,9.93,102
2022-10-14,9.91,9.97,9.97,9.91,2401
2022-10-18,9.93,9.93,9.935,9.93,8865
2022-10-19,9.92,9.92,9.92,9.92,300
2022-10-20,9.93,9.93,9.93,9.93,40165
2022-10-25,9.945,9.945,9.95,9.945,12439
2022-10-26,9.95,9.95,9.95,9.95,21873
2022-10-28,9.95,9.9401,9.95,9.94,16868
2022-10-31,9.95,9.96,9.96,9.95,31780
2022-11-01,9.96,9.96,9.96,9.96,4700
2022-11-04,9.96,9.96,9.96,9.96,200
2022-11-07,9.95,9.965,9.965,9.95,35500
2022-11-08,9.96,9.96,9.97,9.955,19809
2022-11-09,9.96,9.96,9.96,9.96,100
2022-11-11,9.97,9.97,9.97,9.97,366
2022-11-14,9.97,9.96,9.97,9.96,6000
2022-11-16,9.98,9.985,9.985,9.9798,5100
2022-11-17,9.96,9.98,9.9873,9.96,7411
2022-11-18,9.99,9.995,9.995,9.99,22003
2022-11-22,10.0,10.01,10.015,10.0,6300
2022-11-23,10.01,10.0,10.01,10.0,2002
2022-11-28,10.01,10.01,10.01,10.01,200
2022-11-29,10.015,10.02,10.02,10.015,3800
2022-12-05,10.0,10.005,10.005,9.99,9138
2022-12-06,9.99,10.0,10.0,9.99,1100
2022-12-07,10.03,10.02,10.03,10.02,420
2022-12-09,9.99,9.99,9.99,9.99,20000
2022-12-14,10.05,10.1,10.1,10.05,3351
2022-12-16,10.07,10.07,10.07,10.07,10100
2022-12-19,10.08,10.13,10.13,10.07,3410
2022-12-22,10.07,10.07,10.07,10.07,100
2022-12-23,10.07,10.07,10.07,10.07,2251
2022-12-27,10.08,10.09,10.09,10.07,14733
2022-12-28,10.11,10.11,10.11,10.11,10438
2022-12-29,10.11,10.11,10.11,10.11,700
2023-01-06,10.135,10.135,10.135,10.13,13191
2023-01-09,10.13,10.13,10.135,10.13,371673
2023-01-10,10.135,10.14,10.14,10.13,105684
2023-01-11,10.14,10.14,10.14,10.14,370
2023-01-12,10.15,10.16,10.16,10.15,1296
2023-01-17,10.16,10.16,10.16,10.16,101058
2023-01-18,10.16,10.16,10.16,10.15,118734
2023-01-19,10.17,10.18,10.18,10.16,311712
2023-01-23,10.16,10.175,10.175,10.16,4464
2023-01-24,10.18,10.17,10.19,10.17,78564
2023-01-27,10.17,10.17,10.17,10.17,25085
2023-02-01,10.2,10.2,10.2,10.195,86669
2023-02-03,10.21,10.21,10.21,10.21,444
2023-02-06,10.22,10.22,10.23,10.22,242914
2023-02-07,10.22,10.22,10.23,10.22,309800
2023-02-08,10.22,10.22,10.22,10.22,5804
2023-02-09,10.22,10.22,10.225,10.22,106060
2023-02-10,10.22,10.225,10.23,10.22,105402
2023-02-14,10.22,10.22,10.23,10.21,115159
2023-02-15,10.22,10.22,10.22,10.22,834
2023-02-16,10.22,10.22,10.22,10.22,559
2023-02-17,10.22,10.22,10.22,10.22,1735
2023-02-21,10.22,10.225,10.24,10.22,55831
2023-02-22,10.22,10.23,10.23,10.22,892
2023-02-23,10.23,10.24,10.24,10.23,92254
2023-02-24,10.24,10.25,10.25,10.23,166904
2023-02-27,10.25,10.23,10.25,10.23,4650
2023-02-28,10.25,10.25,10.25,10.25,100
2023-03-01,10.23,10.23,10.23,10.23,200
2023-03-02,10.25,10.245,10.26,10.23,334871
2023-03-03,10.26,10.27,10.27,10.26,14734
2023-03-06,10.27,10.275,10.275,10.27,18024
2023-03-07,10.27,10.265,10.275,10.265,835512
2023-03-08,10.27,10.27,10.27,10.27,6153
2023-03-09,10.27,10.27,10.28,10.2699,47649
2023-03-10,10.28,10.28,10.28,10.28,1600
2023-03-13,10.2799,10.2799,10.2799,10.2799,200
2023-03-14,10.28,10.265,10.28,10.265,82357
2023-03-15,10.27,10.27,10.27,10.27,4741
2023-03-16,10.27,10.27,10.275,10.27,636972
2023-03-17,10.28,10.2799,10.28,10.2753,15330
2023-03-20,10.26,10.27,10.27,10.26,42420
2023-03-21,10.2669,10.261,10.27,10.261,3288
2023-03-22,10.53,10.3,10.7084,10.26,95515
2023-03-23,10.29,10.27,10.29,10.27,43355
2023-03-24,10.5301,10.29,10.9135,10.27,43706
2023-03-27,10.28,10.27,10.3,10.26,55228
2023-03-28,10.26,10.27,10.28,10.26,55575
2023-03-29,10.28,10.27,10.28,10.27,28800
2023-03-31,10.27,10.29,10.29,10.27,116548
2023-04-03,10.289,10.29,10.29,10.28,10073
2023-04-04,10.29,10.2899,10.29,10.2899,58209
2023-04-05,10.2899,10.2898,10.29,10.2898,14800
2023-04-06,10.29,10.29,10.29,10.2899,634
2023-04-10,10.29,10.29,10.3,10.29,18380
2023-04-11,10.3,10.3,10.31,10.3,20244
2023-04-13,10.32,10.3202,10.3204,10.3198,6000
2023-04-17,10.3207,10.3207,10.3207,10.3207,140
2023-04-18,10.36,10.33,10.36,10.32,12104
2023-04-21,10.3399,10.3398,10.34,10.335,2670
2023-04-25,10.31,10.32,10.33,10.31,2054
2023-05-02,10.325,10.3299,10.33,10.32,7346
2023-05-03,10.32,10.34,10.34,10.32,4541
2023-05-04,10.35,10.34,10.35,10.34,1520
2023-05-08,10.345,10.34,10.345,10.34,3029
2023-05-11,10.365,10.3593,10.37,10.35,8510
2023-05-12,10.37,10.35,10.37,10.35,6212
2023-05-17,10.38,10.38,10.38,10.38,288
2023-05-19,10.38,10.3799,10.38,10.3799,702
2023-05-24,10.38,10.37,10.38,10.37,300
2023-05-31,10.41,10.4,10.41,10.38,4108
2023-06-01,10.4,10.395,10.4,10.395,5200
2023-06-02,10.41,10.41,10.41,10.41,5000
2023-06-05,10.41,10.41,10.41,10.41,6003
2023-06-06,10.41,10.41,10.41,10.41,5000
2023-06-08,10.41,10.405,10.41,10.405,5407
2023-06-09,10.41,10.41,10.41,10.41,5000
2023-06-12,10.41,10.42,10.42,10.39,45184
2023-06-20,10.48,10.48,10.49,10.42,2903
2023-06-27,10.42,10.42,10.42,10.42,205
2023-06-28,10.44,10.43,10.44,10.42,2707
2023-06-29,10.44,10.44,10.44,10.44,5406
2023-07-07,10.46,10.48,10.48,10.44,38300
2023-07-10,10.46,10.46,10.46,10.46,105
2023-07-11,10.485,10.485,10.485,10.485,300
2023-07-13,10.49,10.5,10.5,10.49,3499
2023-07-14,10.49,10.49,10.49,10.49,415
2023-07-17,10.5,10.62,11.49,10.49,30604
2023-07-18,10.49,10.52,11.47,10.49,9460
2023-07-19,10.5,10.495,11.427,10.48,11206
2023-07-20,10.5,10.52,10.53,10.49,79658
2023-07-21,10.97,10.51,10.97,10.5,8440
2023-07-24,10.5,10.5,10.89,10.5,12918
2023-07-25,10.5,10.51,10.88,10.5,9145
2023-07-27,10.6199,10.53,10.89,10.5,15138
2023-07-31,10.51,10.53,10.65,10.5,2658
2023-08-01,10.52,10.52,10.52,10.52,264
2023-08-02,10.51,10.53,10.645,10.5,21430
2023-08-04,10.53,10.52,10.53,10.52,805
2023-08-07,10.5,10.5,10.5,10.5,367
2023-08-09,10.6,10.55,10.6,10.53,6000
2023-08-10,10.5105,10.51,11.55,10.5022,5224
2023-08-16,10.55,10.55,10.55,10.55,300
2023-08-21,10.63,10.61,10.65,10.59,8042
2023-08-22,10.62,10.63,10.9627,10.6,10675
2023-08-30,10.6629,10.56,10.695,10.56,33650
2023-08-31,10.6,10.59,10.605,10.59,700
2023-09-01,10.6,10.6,10.6,10.6,2012
2023-09-05,10.61,10.61,10.61,10.61,21055
2023-09-07,10.62,10.63,10.6301,10.615,16018
2023-09-08,10.63,10.6195,10.79,10.6195,12698
2023-09-11,10.63,10.63,10.63,10.63,7033
2023-09-12,10.63,10.63,10.63,10.63,6412
2023-09-13,10.63,10.7202,10.7202,10.63,1603
2023-09-14,10.6301,10.6301,10.6301,10.6301,300
2023-09-15,10.63,10.63,11.69,10.63,8247
2023-09-18,11.7,10.65,11.7,10.63,6771
2023-09-19,10.65,10.67,11.175,10.63,20679
2023-09-20,10.65,10.7,11.25,10.65,23175
2023-09-22,10.65,10.65,10.65,10.65,416
2023-09-27,10.65,10.65,10.65,10.65,2989
2023-09-28,10.65,10.65,10.65,10.65,1767
2023-09-29,10.65,10.65,10.65,10.65,1795
2023-10-03,10.65,10.65,10.6704,10.65,44422
2023-10-04,10.65,10.65,10.65,10.65,38248
2023-10-05,10.65,10.641,10.65,10.64,5694
2023-10-06,10.65,10.65,10.65,10.65,2500
2023-10-09,10.65,10.65,10.8207,10.64,68530
2023-10-10,10.65,10.65,10.66,10.65,28355
2023-10-11,10.66,10.66,10.66,10.66,20000
2023-10-12,10.66,10.6601,10.71,10.66,2411
2023-10-16,10.66,10.66,10.66,10.66,165291
2023-10-18,10.68,10.66,10.69,10.66,31352
2023-10-19,10.66,10.64,10.665,10.64,28912
2023-10-20,10.66,10.65,10.6601,10.65,57701
2023-10-24,10.67,10.66,10.67,10.66,11511
2023-10-25,10.67,10.66,10.67,10.66,6248
2023-10-26,10.68,10.6746,10.68,10.66,1450
2023-10-31,10.66,10.66,10.67,10.66,4440
2023-11-02,10.67,10.67,10.67,10.67,1008
2023-11-03,10.66,10.66,10.66,10.66,33326
2023-11-13,10.68,10.68,10.68,10.68,101
2023-11-14,10.68,10.68,10.68,10.6798,50057
2023-11-16,10.67,10.67,10.675,10.67,24724
2023-11-17,10.67,10.67,10.67,10.67,25002
2023-11-27,10.67,10.67,10.67,10.67,398
2023-12-11,10.68,10.72,10.72,10.68,59206
2023-12-12,10.72,10.72,10.72,10.72,20103
2023-12-14,10.7,10.72,10.725,10.7,2636
2023-12-15,10.73,10.73,10.73,10.73,25200
2023-12-21,10.69,10.69,10.69,10.69,101
2023-12-27,10.8,10.8,10.8,10.8,300
2023-12-29,10.73,10.73,10.73,10.73,301
2024-01-11,10.74,10.74,10.74,10.74,100
2024-01-17,10.74,10.74,10.74,10.74,200
2024-01-22,10.7401,10.79,10.79,10.74,1672
2024-01-23,10.79,10.79,10.79,10.79,708
2024-01-25,10.79,10.79,10.79,10.79,74025
2024-01-29,10.76,10.76,10.76,10.76,1195
2024-02-06,10.76,10.76,10.76,10.76,153170
2024-02-16,10.8,10.7801,10.8,10.78,1005
2024-02-21,10.8,10.8,10.8,10.8,2603
2024-02-22,10.8,10.8,10.8,10.8,2899
2024-03-04,10.8,10.9,10.9,10.8,2985
2024-03-08,10.89,10.89,10.89,10.89,266
2024-03-25,10.83,10.81,10.83,10.81,767
2024-04-02,10.855,10.855,10.855,10.855,100
2024-04-15,10.89,10.89,10.89,10.89,5007
2024-04-16,10.89,10.89,10.89,10.89,2000
2024-04-18,10.9,10.9,10.9,10.9,200
2024-04-22,10.9,10.9,10.9,10.9,2229
2024-04-24,10.9,10.9,10.9,10.9,4200
2024-04-25,10.93,10.93,10.93,10.93,2002
2024-04-26,10.92,10.92,10.92,10.92,38795
2024-04-30,11.03,10.94,11.03,10.92,14107
2024-05-01,10.98,10.98,10.98,10.98,183
2024-05-02,10.95,10.94,10.95,10.94,2056
2024-05-13,10.98,10.98,10.98,10.955,3605
2024-05-15,10.98,10.98,10.98,10.98,1915
2024-05-16,11.04,11.04,11.04,11.04,375
2024-05-17,11.04,11.04,11.04,11.04,1050
2024-05-20,10.95,11.04,11.04,10.95,699
2024-05-21,10.95,11.04,11.04,10.95,2112
2024-05-30,11.04,11.04,11.04,11.04,4018
2024-06-12,10.98,11.01,11.02,10.98,3116
2024-06-13,11.02,11.02,11.02,11.02,203
2024-06-17,11.04,11.02,11.04,11.0,5799
2024-06-18,11.03,11.03,11.03,11.03,100
2024-06-20,11.04,11.04,11.04,11.04,120
2024-06-27,11.04,11.05,11.05,11.0,5812
2024-07-01,11.05,11.05,11.05,11.05,1153
2024-07-02,11.09,11.09,11.09,11.05,57892
2024-07-05,11.19,11.09,11.19,11.07,7322
2024-07-08,11.1,11.1,11.1,11.1,109
2024-07-15,11.09,11.1,11.1,11.09,5493
2024-07-16,11.09,11.1,11.11,11.09,10094
2024-07-18,11.15,11.15,11.15,11.15,122
2024-07-19,11.1,11.1,11.13,11.1,40954
2024-07-22,11.14,11.13,11.14,11.08,6258
2024-07-31,11.14,11.14,11.14,11.1,3758
2024-08-01,11.1,11.14,11.14,11.1,1360
2024-08-05,11.15,11.15,11.15,11.15,557
2024-08-06,11.13,11.13,11.13,11.13,23139
2024-08-07,11.15,11.14,11.15,11.14,1273
2024-08-08,11.14,11.14,11.14,11.14,1985
