2022-03-22,50.1314,50.1314,50.1314,50.1314,0
2022-03-23,50.3,50.2619,50.3,50.2619,102
2022-03-24,50.1473,50.1473,50.1473,50.1473,0
2022-03-25,49.8472,49.8472,49.8472,49.8472,0
2022-03-28,49.9599,49.9599,49.9599,49.9599,0
2022-03-29,50.2971,50.2971,50.2971,50.2971,0
2022-03-30,50.482,50.482,50.482,50.482,2
2022-03-31,50.489,50.489,50.489,50.489,0
2022-04-01,50.491,50.491,50.491,50.491,1
2022-04-04,50.57,50.563,50.58,50.563,500
2022-04-05,50.0397,50.0397,50.0397,50.0397,0
2022-04-06,49.7574,49.7574,49.7574,49.7574,1
2022-04-07,49.6073,49.6073,49.6073,49.6073,1
2022-04-08,49.2375,49.2375,49.2375,49.2375,0
2022-04-11,48.8129,48.8129,48.8129,48.8129,0
2022-04-12,48.914,48.914,48.914,48.914,0
2022-04-13,48.9896,48.9896,48.9896,48.9896,0
2022-04-14,48.614,48.614,48.614,48.614,0
2022-04-18,48.3974,48.3974,48.3974,48.3974,0
2022-04-19,48.0872,48.0872,48.0872,48.0872,1
2022-04-20,48.4245,48.4245,48.4245,48.4245,2
2022-04-21,48.1159,48.1159,48.1159,48.1159,1
2022-04-22,47.9064,47.9064,47.9064,47.9064,2
2022-04-26,48.3284,48.3284,48.3284,48.3284,0
2022-04-27,48.0643,48.0643,48.0643,48.0643,0
2022-04-28,47.9624,47.9624,47.9624,47.9624,1
2022-04-29,47.6363,47.45829,47.6363,47.6363,0
2022-05-02,47.2288,47.2288,47.2288,47.2288,0
2022-05-03,47.3632,47.3632,47.3632,47.3632,0
2022-05-04,47.6541,47.6541,47.6541,47.6541,0
2022-05-05,47.2215,47.2215,47.2215,47.2215,0
2022-05-06,46.946,46.946,46.946,46.946,0
2022-05-09,46.9575,46.9575,46.9575,46.9575,2
2022-05-10,47.152,47.152,47.152,47.152,1
2022-05-11,47.3793,47.3793,47.3793,47.3793,14
2022-05-12,47.4404,47.4404,47.4404,47.4404,0
2022-05-13,47.1555,47.1555,47.1555,47.1555,0
2022-05-16,47.1701,47.1701,47.1701,47.1701,0
2022-05-17,46.9581,46.9581,46.9581,46.9581,0
2022-05-18,46.9869,46.9869,46.9869,46.9869,0
2022-05-19,47.1877,47.1877,47.1877,47.1877,0
2022-05-20,47.3692,47.3692,47.3692,47.3692,0
2022-05-23,47.1462,47.1462,47.1462,47.1462,0
2022-05-24,47.5284,47.5284,47.5284,47.5284,0
2022-05-25,47.845,47.845,47.845,47.845,0
2022-05-26,47.98,47.98,47.98,47.98,0
2022-05-27,48.2005,48.205,48.205,48.2005,115
2022-05-31,47.7654,47.61677,47.7654,47.7654,0
2022-06-01,47.6408,47.6408,47.6408,47.6408,123
2022-06-02,47.7306,47.7306,47.7306,47.7306,0
2022-06-03,47.5,47.5316,47.5316,47.5,215
2022-06-06,47.3323,47.3323,47.3323,47.3323,1
2022-06-07,47.49,47.49,47.49,47.49,0
2022-06-08,47.279,47.279,47.279,47.279,2
2022-06-09,47.155,47.155,47.155,47.155,20
2022-06-10,46.7673,46.7673,46.7673,46.7673,0
2022-06-13,45.8138,45.8138,45.8138,45.8138,1
2022-06-14,45.6054,45.6054,45.6054,45.6054,0
2022-06-15,46.1389,46.1389,46.1389,46.1389,0
2022-06-16,46.096,46.096,46.096,46.096,0
2022-06-17,46.145,46.145,46.145,46.145,0
2022-06-21,45.93,45.93,45.93,45.93,0
2022-06-22,46.2626,46.2626,46.2626,46.2626,0
2022-06-23,46.4305,46.4305,46.4305,46.4305,0
2022-06-24,46.365,46.365,46.365,46.365,0
2022-06-27,46.045,46.045,46.045,46.045,0
2022-06-28,46.0502,46.0502,46.0502,46.0502,2
2022-06-29,46.3029,46.3029,46.3029,46.3029,0
2022-06-30,46.464,46.32201,46.464,46.464,0
2022-07-01,46.6414,46.6414,46.6414,46.6414,0
2022-07-05,46.6816,46.6816,46.6816,46.6816,0
2022-07-06,46.3699,46.3699,46.3699,46.3699,0
2022-07-07,46.405,46.405,46.405,46.405,0
2022-07-08,46.306,46.306,46.306,46.306,6
2022-07-11,46.4995,46.4995,46.4995,46.4995,1
2022-07-12,46.6543,46.6543,46.6543,46.6543,1
2022-07-13,46.736,46.736,46.736,46.736,0
2022-07-14,46.5994,46.5994,46.5994,46.5994,0
2022-07-15,46.725,46.725,46.725,46.725,0
2022-07-18,46.58,46.58,46.58,46.58,0
2022-07-19,46.6583,46.6583,46.6583,46.6583,0
2022-07-20,46.64,46.64,46.64,46.64,0
2022-07-21,47.0861,47.0861,47.0861,47.0861,0
2022-07-22,47.4559,47.4559,47.4559,47.4559,0
2022-07-25,47.2365,47.2365,47.2365,47.2365,10
2022-07-26,47.193,47.193,47.193,47.193,11
2022-07-27,47.3361,47.3361,47.3361,47.3361,0
2022-07-28,47.677,47.677,47.677,47.677,0
2022-07-29,47.7806,47.77971,47.7806,47.7806,10
2022-08-01,48.0027,48.0027,48.0027,48.0027,0
2022-08-02,47.53,47.53,47.53,47.53,17
2022-08-03,47.8232,47.8232,47.8232,47.8232,0
2022-08-04,47.9141,47.9141,47.9141,47.9141,0
2022-08-05,47.3899,47.3899,47.3899,47.3899,0
2022-08-08,47.5871,47.5871,47.5871,47.5871,32
2022-08-09,47.465,47.465,47.465,47.465,1
2022-08-10,47.7014,47.7014,47.7014,47.7014,0
2022-08-11,47.363,47.363,47.363,47.363,0
2022-08-12,47.719,47.719,47.719,47.719,0
2022-08-15,47.8261,47.8261,47.8261,47.8261,0
2022-08-16,47.7302,47.7302,47.7302,47.7302,0
2022-08-17,47.4177,47.4177,47.4177,47.4177,0
2022-08-18,47.5086,47.5086,47.5086,47.5086,0
2022-08-19,47.075,47.075,47.075,47.075,0
2022-08-22,46.7308,46.7308,46.7308,46.7308,0
2022-08-23,46.7132,46.7132,46.7132,46.7132,0
2022-08-24,46.6168,46.6168,46.6168,46.6168,0
2022-08-25,46.9753,46.9753,46.9753,46.9753,0
2022-08-26,46.8479,46.8479,46.8479,46.8479,0
2022-08-29,46.5773,46.5773,46.5773,46.5773,0
2022-08-30,46.5711,46.5711,46.5711,46.5711,0
2022-08-31,46.2653,46.10703,46.2653,46.2653,0
2022-09-01,45.81,45.81,45.81,45.81,0
2022-09-02,45.9931,45.9931,45.9931,45.9931,0
2022-09-06,45.4809,45.4809,45.4809,45.4809,0
2022-09-07,45.8379,45.8379,45.8379,45.8379,0
2022-09-08,45.767,45.767,45.767,45.767,0
2022-09-09,45.8632,45.8632,45.8632,45.8632,2
2022-09-12,45.78,45.78,45.78,45.78,1
2022-09-13,45.4758,45.4758,45.4758,45.4758,0
2022-09-14,45.6182,45.6182,45.6182,45.6182,0
2022-09-15,45.4964,45.4964,45.4964,45.4964,1
2022-09-16,45.3724,45.3724,45.3724,45.3724,0
2022-09-19,45.3338,45.3338,45.3338,45.3338,0
2022-09-20,45.0652,45.0652,45.0652,45.0652,2
2022-09-21,45.2222,45.2222,45.2222,45.2222,0
2022-09-22,44.7102,44.7102,44.7102,44.7102,0
2022-09-23,44.4601,44.5973,44.5973,44.4601,350
2022-09-26,44.0021,44.0021,44.0021,44.0021,1
2022-09-27,43.525,43.525,43.525,43.525,30
2022-09-28,44.1005,44.1005,44.1005,44.1005,0
2022-09-29,43.7644,43.7644,43.7644,43.7644,0
2022-09-30,43.7225,43.55728,43.7225,43.7225,1
2022-10-03,44.0806,44.0806,44.0806,44.0806,0
2022-10-04,44.3532,44.3532,44.3532,44.3532,0
2022-10-05,44.006,44.006,44.006,44.006,7
2022-10-06,43.942,43.942,43.942,43.942,0
2022-10-07,43.6832,43.6832,43.6832,43.6832,0
2022-10-10,43.4795,43.4795,43.4795,43.4795,1
2022-10-11,43.3192,43.3192,43.3192,43.3192,1
2022-10-12,43.3094,43.3094,43.3094,43.3094,0
2022-10-13,43.2346,43.2346,43.2346,43.2346,0
2022-10-14,43.0218,43.0218,43.0218,43.0218,0
2022-10-17,43.0871,43.0871,43.0871,43.0871,0
2022-10-18,43.1488,43.1488,43.1488,43.1488,1
2022-10-19,42.8127,42.8127,42.8127,42.8127,0
2022-10-20,42.5404,42.5404,42.5404,42.5404,2
2022-10-21,42.5828,42.5828,42.5828,42.5828,0
2022-10-24,42.5305,42.5305,42.5305,42.5305,1
2022-10-25,42.975,42.975,42.975,42.975,0
2022-10-26,43.1165,43.1165,43.1165,43.1165,2
2022-10-27,43.31,43.31,43.31,43.31,0
2022-10-28,43.29,43.29,43.29,43.29,0
2022-10-31,43.106,42.95036,43.106,43.106,0
2022-11-01,43.1804,43.1804,43.1804,43.1804,0
2022-11-02,43.126,43.126,43.126,43.126,0
2022-11-03,42.9536,42.9536,42.9536,42.9536,0
2022-11-04,43.015,43.015,43.015,43.015,0
2022-11-07,42.895,42.895,42.895,42.895,0
2022-11-08,43.0942,43.0942,43.0942,43.0942,1
2022-11-09,43.0502,43.0502,43.0502,43.0502,8
2022-11-10,44.0767,44.0767,44.0767,44.0767,0
2022-11-11,44.1405,44.1405,44.1405,44.1405,0
2022-11-14,44.0286,44.0286,44.0286,44.0286,0
2022-11-15,44.5,44.5,44.5,44.5,0
2022-11-16,44.7968,44.7968,44.7968,44.7968,0
2022-11-17,44.6171,44.6171,44.6171,44.6171,0
2022-11-18,44.6077,44.6077,44.6077,44.6077,0
2022-11-21,44.6323,44.6323,44.6323,44.6323,0
2022-11-22,44.831,44.9254,44.9254,44.831,1000
2022-11-23,45.2281,45.2281,45.2281,45.2281,0
2022-11-25,45.2631,45.2631,45.2631,45.2631,0
2022-11-28,45.1498,45.1498,45.1498,45.1498,0
2022-11-29,45.05,44.9872,45.06,44.9872,901
2022-11-30,45.2433,45.09216,45.2433,45.2433,0
2022-12-01,45.6938,45.6938,45.6938,45.6938,0
2022-12-02,45.8406,45.8406,45.8406,45.8406,0
2022-12-05,45.5329,45.5329,45.5329,45.5329,1
2022-12-06,45.7547,45.7547,45.7547,45.7547,0
2022-12-07,46.0875,46.0875,46.0875,46.0875,6
2022-12-08,46.05,46.05,46.05,46.05,1
2022-12-09,45.7315,45.7315,45.7315,45.7315,1
2022-12-12,45.7396,45.7396,45.7396,45.7396,0
2022-12-13,46.0771,46.0771,46.0771,46.0771,2
2022-12-14,46.0977,46.0977,46.0977,46.0977,0
2022-12-15,46.131,46.131,46.131,46.131,0
2022-12-16,46.0105,46.0105,46.0105,46.0105,0
2022-12-19,45.6493,45.6493,45.6493,45.6493,0
2022-12-20,45.287,45.287,45.287,45.287,0
2022-12-21,45.4635,45.4635,45.4635,45.4635,0
2022-12-22,45.4654,45.4654,45.4654,45.4654,0
2022-12-23,45.3089,45.3089,45.3089,45.3089,0
2022-12-27,45.01,44.56122,45.01,44.9433,250
2022-12-28,44.4772,44.4772,44.4772,44.4772,0
2022-12-29,44.685,44.685,44.685,44.685,0
2022-12-30,44.5079,44.5079,44.5079,44.5079,5
2023-01-03,44.7347,44.7347,44.7347,44.7347,0
2023-01-04,44.9753,44.9753,44.9753,44.9753,0
2023-01-05,44.945,44.945,44.945,44.945,3
2023-01-06,45.4986,45.4986,45.4986,45.4986,1
2023-01-09,45.6161,45.6161,45.6161,45.6161,0
2023-01-10,45.47,45.47,45.47,45.47,0
2023-01-11,45.8107,45.8107,45.8107,45.8107,3
2023-01-12,46.1884,46.1884,46.1884,46.1884,1
2023-01-13,46.0606,46.0606,46.0606,46.0606,0
2023-01-17,45.9,46.022,46.022,45.9,1006
2023-01-18,46.4992,46.4992,46.4992,46.4992,2
2023-01-19,46.3421,46.3421,46.3421,46.3421,0
2023-01-20,46.1304,46.1304,46.1304,46.1304,0
2023-01-23,46.055,46.055,46.055,46.055,0
2023-01-24,46.2821,46.2821,46.2821,46.2821,0
2023-01-25,46.3055,46.3055,46.3055,46.3055,0
2023-01-26,46.3083,46.3083,46.3083,46.3083,0
2023-01-27,46.2377,46.2377,46.2377,46.2377,0
2023-01-30,46.1191,46.1191,46.1191,46.1191,0
2023-01-31,46.3288,46.3288,46.3288,46.3288,0
2023-02-01,46.72,46.72,46.72,46.72,0
2023-02-02,46.8519,46.8519,46.8519,46.8519,0
2023-02-03,46.3972,46.3972,46.3972,46.3972,0
2023-02-06,46.1375,46.1375,46.1375,46.1375,6
2023-02-07,46.0434,46.0434,46.0434,46.0434,0
2023-02-08,46.0564,46.0564,46.0564,46.0564,0
2023-02-09,45.835,45.835,45.835,45.835,0
2023-02-10,45.5581,45.5581,45.5581,45.5581,0
2023-02-13,45.646,45.646,45.646,45.646,0
2023-02-14,45.5608,45.5608,45.5608,45.5608,0
2023-02-15,45.4281,45.4281,45.4281,45.4281,0
2023-02-16,45.2108,45.2108,45.2108,45.2108,0
2023-02-17,45.2909,45.2909,45.2909,45.2909,0
2023-02-21,44.7938,44.7938,44.7938,44.7938,0
2023-02-22,44.9399,44.9399,44.9399,44.9399,0
2023-02-23,45.1314,45.1314,45.1314,45.1314,0
2023-02-24,44.909,44.865,44.91,44.865,300
2023-02-27,44.9119,44.9119,44.9119,44.9119,0
2023-02-28,44.9123,44.82085,44.9123,44.9123,0
2023-03-01,44.5943,44.5943,44.5943,44.5943,0
2023-03-02,44.54,44.5031,44.54,44.5031,114
2023-03-03,44.69,44.9277,44.9277,44.69,258
2023-03-06,44.9034,44.9034,44.9034,44.9034,0
2023-03-07,44.8239,44.8239,44.8239,44.8239,3
2023-03-08,44.99,44.7567,44.99,44.7567,268
2023-03-09,44.81,44.7961,44.81,44.7961,192
2023-03-10,45.195,45.2465,45.25,45.195,421
2023-03-13,45.2879,45.2879,45.2879,45.2879,0
2023-03-14,45.22,45.0974,45.22,45.0974,115
2023-03-15,45.2055,45.2055,45.2055,45.2055,2
2023-03-16,45.0637,45.0637,45.0637,45.0637,61
2023-03-17,45.4307,45.4307,45.4307,45.4307,102
2023-03-20,45.3194,45.3194,45.3194,45.3194,0
2023-03-21,45.3906,45.3906,45.3906,45.3906,61
2023-03-22,45.803,45.803,45.803,45.803,0
2023-03-23,45.8575,45.8575,45.8575,45.8575,1
2023-03-24,45.8496,45.8496,45.8496,45.8496,0
2023-03-27,45.4796,45.4796,45.4796,45.4796,2
2023-03-28,45.4371,45.4371,45.4371,45.4371,0
2023-03-29,45.5216,45.5216,45.5216,45.5216,0
2023-03-30,45.7015,45.7015,45.7015,45.7015,0
2023-03-31,46.0618,45.89858,46.0618,46.0618,0
2023-04-03,46.0728,46.0728,46.0728,46.0728,1
2023-04-04,46.2083,46.2083,46.2083,46.2083,20
2023-04-05,46.325,46.325,46.325,46.325,0
2023-04-06,46.3551,46.3551,46.3551,46.3551,0
2023-04-10,46.0433,46.0433,46.0433,46.0433,1
2023-04-11,46.0566,46.0566,46.0566,46.0566,28
2023-04-12,46.0928,46.0928,46.0928,46.0928,1
2023-04-13,46.1115,46.1115,46.1115,46.1115,0
2023-04-14,45.954,45.954,45.954,45.954,0
2023-04-17,45.7524,45.7524,45.7524,45.7524,0
2023-04-18,45.8648,45.8648,45.8648,45.8648,4
2023-04-19,45.74,45.74,45.74,45.74,0
2023-04-20,45.8659,45.8659,45.8659,45.8659,0
2023-04-21,45.8464,45.8464,45.8464,45.8464,0
2023-04-24,46.0079,46.0079,46.0079,46.0079,0
2023-04-25,46.2871,46.2871,46.2871,46.2871,0
2023-04-26,46.086,46.086,46.086,46.086,12
2023-04-27,45.9324,45.9324,45.9324,45.9324,5
2023-04-28,46.2013,46.05384,46.2013,46.2013,10
2023-05-01,45.4942,45.4942,45.4942,45.4942,16
2023-05-02,45.8725,45.8725,45.8725,45.8725,0
2023-05-03,45.9946,45.9946,45.9946,45.9946,17
2023-05-04,45.9062,45.9062,45.9062,45.9062,0
2023-05-05,45.78,45.78,45.78,45.78,1
2023-05-08,45.5321,45.5321,45.5321,45.5321,2
2023-05-09,45.4847,45.4847,45.4847,45.4847,1
2023-05-10,45.7543,45.7543,45.7543,45.7543,0
2023-05-11,45.8951,45.8951,45.8951,45.8951,0
2023-05-12,45.7024,45.7024,45.7024,45.7024,1
2023-05-15,45.5268,45.5268,45.5268,45.5268,1
2023-05-16,45.3444,45.3444,45.3444,45.3444,0
2023-05-17,45.327,45.327,45.327,45.327,0
2023-05-18,45.1713,45.1713,45.1713,45.1713,0
2023-05-19,45.1096,45.1096,45.1096,45.1096,0
2023-05-22,45.1039,45.1039,45.1039,45.1039,2
2023-05-23,45.1635,45.1635,45.1635,45.1635,0
2023-05-24,45.0528,45.0528,45.0528,45.0528,0
2023-05-25,44.9029,44.9029,44.9029,44.9029,0
2023-05-26,45.0364,45.0364,45.0364,45.0364,0
2023-05-30,45.3116,45.3116,45.3116,45.3116,0
2023-05-31,45.4508,45.27673,45.4508,45.4508,0
2023-06-01,45.4118,45.4118,45.4118,45.4118,6
2023-06-02,45.2996,45.2996,45.2996,45.2996,0
2023-06-05,45.2817,45.2996,45.2817,45.2817,0
2023-06-06,45.2952,45.2952,45.2952,45.2952,0
2023-06-07,45.0526,45.0526,45.0526,45.0526,1
2023-06-08,45.22,45.22,45.22,45.22,1
2023-06-09,45.1523,45.1523,45.1523,45.1523,1
2023-06-12,45.2085,45.2085,45.2085,45.2085,1
2023-06-13,45.0558,45.0558,45.0558,45.0558,0
2023-06-14,45.1421,45.1421,45.1421,45.1421,0
2023-06-15,45.4197,45.4197,45.4197,45.4197,0
2023-06-16,45.3787,45.3787,45.3787,45.3787,0
2023-06-20,45.5058,45.5058,45.5058,45.5058,0
2023-06-21,45.5103,45.5103,45.5103,45.5103,2
2023-06-22,45.3369,45.3369,45.3369,45.3369,0
2023-06-23,45.44,45.4235,45.44,45.4235,570
2023-06-26,45.4529,45.4529,45.4529,45.4529,0
2023-06-27,45.4008,45.4008,45.4008,45.4008,39
2023-06-28,45.5268,45.5268,45.5268,45.5268,0
2023-06-29,45.2599,45.2599,45.2599,45.2599,0
2023-06-30,45.4724,45.31229,45.4724,45.4724,0
2023-07-03,45.2993,45.2993,45.2993,45.2993,0
2023-07-05,45.0242,45.0242,45.0242,45.0242,7
2023-07-06,44.712,44.712,44.712,44.712,3
2023-07-07,44.6846,44.6846,44.6846,44.6846,0
2023-07-10,44.8363,44.8363,44.8363,44.8363,1
2023-07-11,44.9537,44.9537,44.9537,44.9537,2
2023-07-12,45.3302,45.3302,45.3302,45.3302,3
2023-07-13,45.6228,45.6228,45.6228,45.6228,0
2023-07-14,45.398,45.398,45.398,45.398,13
2023-07-17,45.4237,45.4237,45.4237,45.4237,0
2023-07-18,45.5129,45.5129,45.5129,45.5129,0
2023-07-19,45.6851,45.6851,45.6851,45.6851,0
2023-07-20,45.4503,45.4503,45.4503,45.4503,12
2023-07-21,45.5171,45.5171,45.5171,45.5171,0
2023-07-24,45.4793,45.4793,45.4793,45.4793,50
2023-07-25,45.4373,45.4373,45.4373,45.4373,0
2023-07-26,45.5474,45.5474,45.5474,45.5474,0
2023-07-27,45.2295,45.2295,45.2295,45.2295,31
2023-07-28,45.3774,45.3774,45.3774,45.3774,24
2023-07-31,45.4766,45.14186,45.4766,45.4766,0
2023-08-01,44.9352,44.9352,44.9352,44.9352,12
2023-08-02,44.8,44.68,44.8,44.66,420
2023-08-03,44.3809,44.3809,44.3809,44.3809,0
2023-08-04,44.7245,44.7245,44.7245,44.7245,0
2023-08-07,44.6396,44.6396,44.6396,44.6396,1
2023-08-08,44.77,44.77,44.77,44.77,34
2023-08-09,44.8117,44.8117,44.8117,44.8117,1
2023-08-10,44.5742,44.5742,44.5742,44.5742,0
2023-08-11,44.4435,44.4435,44.4435,44.4435,3
2023-08-14,44.4,44.4,44.4,44.4,30
2023-08-15,44.2763,44.2763,44.2763,44.2763,0
2023-08-16,44.1003,44.1003,44.1003,44.1003,3
2023-08-17,44.005,44.005,44.005,44.005,1
2023-08-18,44.1193,44.1193,44.1193,44.1193,0
2023-08-21,43.9001,43.9001,43.9001,43.9001,0
2023-08-22,43.9751,43.9751,43.9751,43.9751,0
2023-08-23,44.416,44.416,44.416,44.416,5
2023-08-24,44.3658,44.3658,44.3658,44.3658,1
2023-08-25,44.372,44.372,44.372,44.372,0
2023-08-28,44.4653,44.4653,44.4653,44.4653,0
2023-08-29,44.72,44.72,44.72,44.72,1
2023-08-30,44.7053,44.7053,44.7053,44.7053,0
2023-08-31,44.8196,44.65322,44.8196,44.8196,0
2023-09-01,44.4314,44.4314,44.4314,44.4314,7
2023-09-05,44.1847,44.1847,44.1847,44.1847,1
2023-09-06,44.0803,44.0803,44.0803,44.0803,0
2023-09-07,44.2252,44.2252,44.2252,44.2252,0
2023-09-08,44.285,44.285,44.285,44.285,8
2023-09-11,44.2331,44.2331,44.2331,44.2331,3
2023-09-12,44.22,44.22,44.22,44.22,1
2023-09-13,44.285,44.285,44.285,44.285,0
2023-09-14,44.2485,44.2485,44.2485,44.2485,0
2023-09-15,44.16,44.16,44.16,44.16,0
2023-09-18,44.2108,44.2108,44.2108,44.2108,0
2023-09-19,44.1012,44.1012,44.1012,44.1012,0
2023-09-20,44.1334,44.1334,44.1334,44.1334,0
2023-09-21,43.8444,43.8444,43.8444,43.8444,0
2023-09-22,44.02,43.9924,44.02,43.9924,300
2023-09-25,43.7361,43.7361,43.7361,43.7361,0
2023-09-26,43.7,43.5974,43.7,43.5974,190
2023-09-27,43.4148,43.4148,43.4148,43.4148,0
2023-09-28,43.4701,43.4701,43.4701,43.4701,0
2023-09-29,43.4524,43.29631,43.4524,43.4524,0
2023-10-02,42.9842,42.9842,42.9842,42.9842,7
2023-10-03,42.595,42.595,42.595,42.595,0
2023-10-04,42.82,42.8383,42.8383,42.7952,300
2023-10-05,42.855,42.855,42.855,42.855,1
2023-10-06,42.7249,42.7249,42.7249,42.7249,0
2023-10-09,43.08,43.08,43.08,43.08,4
2023-10-10,43.125,43.125,43.125,43.125,0
2023-10-11,43.3199,43.3199,43.3199,43.3199,0
2023-10-12,43.01,43.01,43.01,43.01,0
2023-10-13,43.18,43.18,43.18,43.18,0
2023-10-16,42.985,42.985,42.985,42.985,2
2023-10-17,42.6656,42.6656,42.6656,42.6656,0
2023-10-18,42.4444,42.4444,42.4444,42.4444,0
2023-10-19,42.245,42.245,42.245,42.245,0
2023-10-20,42.3383,42.3383,42.3383,42.3383,0
2023-10-23,42.545,42.545,42.545,42.545,0
2023-10-24,42.735,42.735,42.735,42.735,4
2023-10-25,42.425,42.425,42.425,42.425,0
2023-10-26,42.68,42.68,42.68,42.68,4
2023-10-27,42.6552,42.6552,42.6552,42.6552,0
2023-10-30,42.5491,42.5491,42.5491,42.5491,0
2023-10-31,42.5486,42.37126,42.5486,42.5486,0
2023-11-01,42.7442,42.7442,42.7442,42.7442,6
2023-11-02,43.1399,43.1399,43.1399,43.1399,0
2023-11-03,43.41,43.41,43.41,43.41,0
2023-11-06,43.21,43.21,43.21,43.21,1
2023-11-07,43.435,43.435,43.435,43.435,0
2023-11-08,43.6316,43.6316,43.6316,43.6316,5
2023-11-09,43.3,43.3,43.3,43.3,1
2023-11-10,43.41,43.41,43.41,43.41,0
2023-11-13,43.44,43.44,43.44,43.44,0
2023-11-14,44.045,44.045,44.045,44.045,0
2023-11-15,43.83,43.83,43.83,43.83,0
2023-11-16,44.07,44.07,44.07,44.07,0
2023-11-17,44.18,44.18,44.18,44.18,1
2023-11-20,44.3068,44.3068,44.3068,44.3068,0
2023-11-21,44.325,44.325,44.325,44.325,0
2023-11-22,44.425,44.425,44.425,44.425,1
2023-11-24,44.3247,44.3247,44.3247,44.3247,0
2023-11-27,44.565,44.565,44.565,44.565,0
2023-11-28,44.715,44.715,44.715,44.715,0
2023-11-29,45.02,45.02,45.02,45.02,0
2023-11-30,44.8762,44.70741,44.8762,44.8762,0
2023-12-01,45.095,45.095,45.095,45.095,91
2023-12-04,44.965,44.965,44.965,44.965,0
2023-12-05,45.2352,45.2352,45.2352,45.2352,10
2023-12-06,45.4036,45.4036,45.4036,45.4036,1
2023-12-07,45.3896,45.3896,45.3896,45.3896,0
2023-12-08,45.2114,45.2114,45.2114,45.2114,4
2023-12-11,45.1872,45.1872,45.1872,45.1872,0
2023-12-12,45.34,45.34,45.34,45.34,1
2023-12-13,45.9526,45.9526,45.9526,45.9526,3
2023-12-14,46.4687,46.4687,46.4687,46.4687,0
2023-12-15,46.4167,46.4167,46.4167,46.4167,1
2023-12-18,46.2763,46.2763,46.2763,46.2763,0
2023-12-19,46.3315,46.3315,46.3315,46.3315,0
2023-12-20,46.4591,46.4591,46.4591,46.4591,0
2023-12-21,46.4222,46.4222,46.4222,46.4222,5
2023-12-22,46.39,46.39,46.39,46.39,0
2023-12-26,46.435,46.25196,46.435,46.435,0
2023-12-27,46.5848,46.5848,46.5848,46.5848,1
2023-12-28,46.5,46.5,46.5,46.5,0
2023-12-29,46.433,46.433,46.433,46.433,5
2024-01-02,46.185,46.185,46.185,46.185,1
2024-01-03,46.145,46.145,46.145,46.145,0
2024-01-04,45.9,45.9,45.9,45.9,3
2024-01-05,45.7789,45.7789,45.7789,45.7789,0
2024-01-08,45.9949,45.9949,45.9949,45.9949,0
2024-01-09,46.0518,46.0518,46.0518,46.0518,0
2024-01-10,46.0173,46.0173,46.0173,46.0173,3
2024-01-11,46.212,46.212,46.212,46.212,0
2024-01-12,46.3066,46.3066,46.3066,46.3066,0
2024-01-16,45.9932,45.9932,45.9932,45.9932,0
2024-01-17,45.8944,45.8944,45.8944,45.8944,0
2024-01-18,45.8398,45.8398,45.8398,45.8398,0
2024-01-19,45.8575,45.8575,45.8575,45.8575,1
2024-01-22,45.9796,45.9796,45.9796,45.9796,0
2024-01-23,45.8495,45.8495,45.8495,45.8495,0
2024-01-24,45.7767,45.7767,45.7767,45.7767,0
2024-01-25,46.005,46.005,46.005,46.005,0
2024-01-26,45.9752,45.9752,45.9752,45.9752,0
2024-01-29,46.1469,46.1469,46.1469,46.1469,3
2024-01-30,46.1767,46.1767,46.1767,46.1767,0
2024-01-31,46.3085,46.14539,46.3085,46.3085,0
2024-02-01,46.4412,46.4412,46.4412,46.4412,0
2024-02-02,46.0478,46.0478,46.0478,46.0478,0
2024-02-05,45.7251,45.7251,45.7251,45.7251,0
2024-02-06,45.9731,45.9731,45.9731,45.9731,1
2024-02-07,45.8803,45.8803,45.8803,45.8803,0
2024-02-08,45.7127,45.7127,45.7127,45.7127,5
2024-02-09,45.6426,45.6426,45.6426,45.6426,63
2024-02-12,45.6853,45.6853,45.6853,45.6853,0
2024-02-13,45.2926,45.2926,45.2926,45.2926,56
2024-02-14,45.4554,45.4554,45.4554,45.4554,58
2024-02-15,45.6003,45.6003,45.6003,45.6003,58
2024-02-16,45.4694,45.4694,45.4694,45.4694,0
2024-02-20,45.5687,45.5687,45.5687,45.5687,0
2024-02-21,45.5015,45.5015,45.5015,45.5015,0
2024-02-22,45.5409,45.5409,45.5409,45.5409,0
2024-02-23,45.6694,45.6694,45.6694,45.6694,50
2024-02-26,45.5367,45.5367,45.5367,45.5367,0
2024-02-27,45.4857,45.4857,45.4857,45.4857,23
2024-02-28,45.5169,45.5169,45.5169,45.5169,1
2024-02-29,45.538,45.37182,45.538,45.538,0
2024-03-01,45.5701,45.5701,45.5701,45.5701,0
2024-03-04,45.531,45.531,45.531,45.531,0
2024-03-05,45.7338,45.7338,45.7338,45.7338,0
2024-03-06,45.8504,45.8504,45.8504,45.8504,1
2024-03-07,45.9341,45.9341,45.9341,45.9341,1
2024-03-08,45.99,45.99,45.99,45.99,4
2024-03-11,45.9704,45.9704,45.9704,45.9704,1
2024-03-12,45.8816,45.8816,45.8816,45.8816,0
2024-03-13,45.8512,45.8512,45.8512,45.8512,1
2024-03-14,45.5706,45.5706,45.5706,45.5706,0
2024-03-15,45.5628,45.5628,45.5628,45.5628,0
2024-03-18,45.5645,45.5645,45.5645,45.5645,0
2024-03-19,45.6719,45.6719,45.6719,45.6719,0
2024-03-20,45.7072,45.7072,45.7072,45.7072,0
2024-03-21,45.77,45.77,45.77,45.77,0
2024-03-22,45.93,45.93,45.93,45.93,0
2024-03-25,45.8195,45.8195,45.8195,45.8195,0
2024-03-26,45.8212,45.8212,45.8212,45.8212,0
2024-03-27,46.0056,46.0056,46.0056,46.0056,0
2024-03-28,46.0293,45.84976,46.0293,46.0293,0
2024-04-01,45.5129,45.5129,45.5129,45.5129,0
2024-04-02,45.4545,45.4545,45.4545,45.4545,0
2024-04-03,45.4915,45.4915,45.4915,45.4915,0
2024-04-04,45.5683,45.5726,45.5726,45.5683,101
2024-04-05,45.3611,45.3611,45.3611,45.3611,4
2024-04-08,45.3755,45.3755,45.3755,45.3755,1
2024-04-09,45.5542,45.5542,45.5542,45.5542,0
2024-04-10,45.0,45.0296,45.0296,45.0,200
2024-04-11,44.965,44.965,44.965,44.965,0
2024-04-12,45.0509,45.0509,45.0509,45.0509,0
2024-04-15,44.6935,44.6935,44.6935,44.6935,1
2024-04-16,44.506,44.5074,44.5074,44.506,200
2024-04-17,44.7506,44.7506,44.7506,44.7506,0
2024-04-18,44.6223,44.6223,44.6223,44.6223,0
2024-04-19,44.6831,44.6831,44.6831,44.6831,0
2024-04-22,44.7469,44.7571,44.8,44.7469,357
2024-04-23,44.8751,44.8751,44.8751,44.8751,0
2024-04-24,44.7394,44.7394,44.7394,44.7394,20
2024-04-25,44.5937,44.5937,44.5937,44.5937,0
2024-04-26,44.7402,44.7402,44.7402,44.7402,0
2024-04-29,44.9085,44.9085,44.9085,44.9085,0
2024-04-30,44.6863,44.50882,44.6863,44.6863,0
2024-05-01,44.6968,44.6968,44.6968,44.6968,0
2024-05-02,44.9036,44.9036,44.9036,44.9036,0
2024-05-03,45.1474,45.1474,45.1474,45.1474,0
2024-05-06,45.2512,45.2512,45.2512,45.2512,1
2024-05-07,45.305,45.305,45.305,45.305,5
2024-05-08,45.2035,45.2035,45.2035,45.2035,2
2024-05-09,45.2794,45.2794,45.2794,45.2794,2
2024-05-10,45.15,45.15,45.15,45.15,0
2024-05-13,45.1873,45.1873,45.1873,45.1873,0
2024-05-14,45.295,45.295,45.295,45.295,0
2024-05-15,45.6288,45.6288,45.6288,45.6288,3
2024-05-16,45.5505,45.5505,45.5505,45.5505,0
2024-05-17,45.47,45.47,45.47,45.47,0
2024-05-20,45.4479,45.4479,45.4479,45.4479,0
2024-05-21,45.5326,45.5326,45.5326,45.5326,0
2024-05-22,45.4743,45.4743,45.4743,45.4743,0
2024-05-23,45.3233,45.3233,45.3233,45.3233,0
2024-05-24,45.3942,45.3942,45.3942,45.3942,0
2024-05-28,45.2123,45.2123,45.2123,45.2123,0
2024-05-29,44.9904,44.9904,44.9904,44.9904,0
2024-05-30,45.1768,45.1768,45.1768,45.1768,0
2024-05-31,45.4053,45.2212,45.4053,45.4053,0
2024-06-03,45.4779,45.4779,45.4779,45.4779,0
2024-06-04,45.6353,45.6353,45.6353,45.6353,0
2024-06-05,45.7583,45.7583,45.7583,45.7583,2
2024-06-06,45.7278,45.7278,45.7278,45.7278,6
2024-06-07,45.3791,45.3791,45.3791,45.3791,2
2024-06-10,45.305,45.305,45.305,45.305,0
2024-06-11,45.485,45.485,45.485,45.485,0
2024-06-12,45.6987,45.6987,45.6987,45.6987,0
2024-06-13,45.9013,45.9013,45.9013,45.9013,0
2024-06-14,45.8967,45.8967,45.8967,45.8967,0
2024-06-17,45.7097,45.7097,45.7097,45.7097,0
2024-06-18,45.8977,45.8977,45.8977,45.8977,0
2024-06-20,45.7745,45.7745,45.7745,45.7745,0
2024-06-21,45.7715,45.7715,45.7715,45.7715,0
2024-06-24,45.8324,45.8324,45.8324,45.8324,0
2024-06-25,45.8552,45.8552,45.8552,45.8552,1
2024-06-26,45.6105,45.6105,45.6105,45.6105,1
2024-06-27,45.6964,45.6964,45.6964,45.6964,0
2024-06-28,45.4834,45.32065,45.4834,45.4834,2
2024-07-01,45.1241,45.1241,45.1241,45.1241,0
2024-07-02,45.3156,45.3156,45.3156,45.3156,0
2024-07-03,45.5866,45.5866,45.5866,45.5866,81
2024-07-05,45.7981,45.7981,45.7981,45.7981,19
2024-07-08,45.8412,45.8412,45.8412,45.8412,2
2024-07-09,45.7589,45.7589,45.7589,45.7589,0
2024-07-10,45.8275,45.8275,45.8275,45.8275,16
2024-07-11,46.0313,46.0313,46.0313,46.0313,0
2024-07-12,46.1472,46.1472,46.1472,46.1472,0
2024-07-15,46.0395,46.0395,46.0395,46.0395,1
2024-07-16,46.2314,46.2314,46.2314,46.2314,0
2024-07-17,46.2126,46.2126,46.2126,46.2126,2
2024-07-18,46.0764,46.0764,46.0764,46.0764,0
2024-07-19,45.935,45.935,45.935,45.935,0
2024-07-22,45.9374,45.9374,45.9374,45.9374,0
2024-07-23,45.9246,45.9246,45.9246,45.9246,0
2024-07-24,45.7358,45.7358,45.7358,45.7358,0
2024-07-25,45.8187,45.8187,45.8187,45.8187,1
2024-07-26,46.0187,46.0187,46.0187,46.0187,0
2024-07-29,46.0989,46.0989,46.0989,46.0989,0
2024-07-30,46.1323,46.1323,46.1323,46.1323,4
2024-07-31,46.3899,46.17697,46.3899,46.3899,10
2024-08-01,46.3047,46.3047,46.3047,46.3047,2
2024-08-02,46.7268,46.7268,46.7268,46.7268,0
2024-08-05,46.5716,46.5716,46.5716,46.5716,35
2024-08-06,46.3588,46.3588,46.3588,46.3588,6
2024-08-07,46.2367,46.2367,46.2367,46.2367,109
2024-08-08,46.2379,46.2379,46.2379,46.2379,0
2024-08-09,46.4297,46.4297,46.4297,46.4297,0
2024-08-12,46.5416,46.5172,46.5416,46.5172,1567
