2024-05-31,25.1328,25.1328,25.1328,25.1328,0
2024-06-03,25.255,25.255,25.255,25.255,11
2024-06-04,25.372,25.372,25.372,25.372,2
2024-06-05,25.4454,25.4454,25.4454,25.4454,20
2024-06-06,25.495,25.495,25.495,25.495,13
2024-06-07,25.39,25.36,25.39,25.36,104
2024-06-10,25.275,25.275,25.275,25.275,0
2024-06-11,25.385,25.385,25.385,25.385,2356918
2024-06-12,25.4852,25.4852,25.4852,25.4852,1
2024-06-13,25.62,25.62,25.62,25.62,100
2024-06-14,25.645,25.645,25.645,25.645,35
2024-06-17,25.57,25.5704,25.5704,25.57,500
2024-06-18,25.67,25.67,25.67,25.67,977718
2024-06-20,25.645,25.645,25.645,25.645,9
2024-06-21,25.635,25.635,25.635,25.635,0
2024-06-24,25.6224,25.6224,25.6224,25.6224,0
2024-06-25,25.64,25.64,25.64,25.64,490060
2024-06-26,25.535,25.535,25.535,25.535,0
2024-06-27,25.61,25.585,25.62,25.585,1920
2024-06-28,25.4741,25.40819,25.4741,25.4741,62
2024-07-01,25.29,25.255,25.29,25.255,1500
2024-07-02,25.345,25.345,25.345,25.345,1
2024-07-03,25.4642,25.4642,25.4642,25.4642,76
2024-07-05,25.595,25.595,25.595,25.595,4
2024-07-08,25.615,25.615,25.615,25.615,1
2024-07-09,25.58,25.615,25.66,25.56,141407
2024-07-10,25.62,25.62,25.62,25.62,110
2024-07-11,25.79,25.735,25.79,25.735,1589
2024-07-12,25.83,25.8345,25.8345,25.83,298
2024-07-15,25.755,25.755,25.755,25.755,0
2024-07-16,25.8675,25.8675,25.8675,25.8675,52
2024-07-17,25.9049,25.9049,25.9049,25.9049,52
2024-07-18,25.8249,25.8249,25.8249,25.8249,0
2024-07-19,25.825,25.825,25.825,25.825,0
2024-07-22,25.775,25.775,25.775,25.775,77
2024-07-23,25.7551,25.7551,25.7551,25.7551,75
2024-07-24,25.7065,25.7065,25.7065,25.7065,0
2024-07-25,25.775,25.775,25.775,25.775,0
2024-07-26,25.8723,25.8723,25.8723,25.8723,127
2024-07-29,25.9174,25.9174,25.9174,25.9174,127
2024-07-30,25.94,25.94,25.94,25.94,0
2024-07-31,26.1006,25.9841,26.1006,26.1006,137
2024-08-01,26.1166,26.1166,26.1166,26.1166,75
2024-08-02,26.4,26.4,26.4,26.4,748
2024-08-05,26.46,26.4199,26.46,26.4199,191
2024-08-06,26.2381,26.2381,26.2381,26.2381,9
2024-08-07,26.135,26.135,26.135,26.135,2
2024-08-08,26.095,26.095,26.095,26.095,1
2024-08-09,26.15,26.15,26.15,26.15,192
2024-08-12,26.215,26.215,26.215,26.215,1
