2016-12-08,39600.0,39168.0,40920.0,38400.0,80
2016-12-09,38640.0,38400.0,40704.0,38400.0,6
2016-12-12,39840.0,38400.0,39840.0,38400.0,3
2016-12-13,38400.0,38400.0,39839.52,35712.0,10
2016-12-14,38640.0,38400.0,38640.0,38400.0,35
2016-12-15,39456.0,38400.0,39456.0,38400.0,11
2016-12-16,39120.0,38400.0,39120.0,38400.0,0
2016-12-19,39120.0,38880.0,39360.0,38424.0,3
2016-12-20,39120.0,39061.92,39120.0,38503.68,1
2016-12-21,38784.0,38592.0,38784.0,38400.0,1
2016-12-22,38400.0,38482.56,38496.0,38400.0,5
2016-12-23,38880.0,39312.0,39840.0,38592.0,12
2016-12-27,43104.0,39600.0,43104.0,38928.0,9
2016-12-28,40656.0,38400.0,41472.0,38400.0,19
2016-12-29,39024.0,39120.0,40320.0,38688.0,15
2016-12-30,39360.0,39120.0,40224.0,38736.0,4
2017-01-03,40560.0,38496.0,40838.4,38496.0,16
2017-01-04,40704.0,39504.0,40704.0,39168.0,4
2017-01-05,39792.0,39552.0,40800.0,39264.0,5
2017-01-06,40511.52,39168.0,40511.52,38400.0,8
2017-01-09,38640.0,37584.0,39552.0,36624.0,17
2017-01-10,39408.0,37872.0,39408.0,35424.0,9
2017-01-11,38448.0,38880.0,39504.0,36960.0,2
2017-01-12,39360.0,38736.0,39504.0,38446.56,8
2017-01-13,39072.0,45024.0,45792.0,38664.0,7
2017-01-17,48576.0,46800.0,51288.0,45120.0,10
2017-01-18,46800.0,47376.0,50761.44,44880.0,6
2017-01-19,47280.0,45120.0,47280.0,40330.08,4
2017-01-20,44400.0,42312.0,44400.0,41328.0,2
2017-01-23,37440.0,36000.0,40272.0,33912.0,45
2017-01-24,38112.0,35424.0,38112.0,34704.0,34
2017-01-25,37344.0,34656.0,37872.0,34608.48,10
2017-01-26,35616.0,34224.0,36838.56,33840.0,7
2017-01-27,35904.0,35952.0,37595.04,35040.0,7
2017-01-30,35662.56,36288.0,37402.56,35136.0,7
2017-01-31,37872.0,37152.0,39236.16,35933.76,4
2017-02-01,43152.0,39096.0,43152.0,38496.0,2
2017-02-02,40752.0,39840.0,41520.0,39504.0,9
2017-02-03,43152.0,40800.0,43152.0,40656.0,3
2017-02-06,42672.0,40608.0,42672.0,40560.0,7
2017-02-07,41280.0,41280.0,42096.0,40800.0,2
2017-02-08,40848.0,41136.0,41520.0,40800.0,2
2017-02-09,41616.0,40560.0,41616.0,40560.0,4
2017-02-10,40752.0,40752.0,43008.0,40752.0,2
2017-02-13,41040.0,40080.0,41904.0,40080.0,1
2017-02-14,43728.0,39120.0,43728.0,38400.0,3
2017-02-15,39984.0,39120.0,40800.0,39120.0,3
2017-02-16,40176.0,38400.0,40752.0,38400.0,2
2017-02-17,40464.0,38688.0,40800.0,38688.0,2
2017-02-21,39216.0,38880.0,39600.0,38880.0,4
2017-02-22,40320.0,39216.0,40704.0,38928.0,2
2017-02-23,39432.0,38784.0,40296.0,38784.0,1
2017-02-24,39792.0,38928.0,40319.52,38928.0,1
2017-02-27,39408.0,38976.0,39600.0,38928.0,2
2017-02-28,38971.2,38928.0,40213.44,38928.0,1
2017-03-01,39312.0,40272.0,40752.0,39312.0,1
2017-03-02,39744.0,39648.0,40320.0,39648.0,0
2017-03-03,43200.0,40800.0,43200.0,40800.0,1
2017-03-06,40848.0,42576.0,43392.0,39600.0,1
2017-03-07,43152.0,41088.0,46080.0,40320.0,1
2017-03-08,45837.12,40800.0,45837.12,40800.0,6
2017-03-09,42240.0,39936.0,43761.6,39888.0,1
2017-03-10,40800.0,40512.0,41328.0,40464.0,3
2017-03-13,42816.0,41760.0,44160.0,40848.0,9
2017-03-14,42528.0,44064.0,44928.0,41712.0,4
2017-03-15,44208.0,43248.0,45312.0,43248.0,7
2017-03-16,43549.92,42528.0,45408.0,41280.0,3
2017-03-17,43440.0,39840.0,44016.0,39696.0,11
2017-03-20,40320.0,40752.0,44765.76,39552.0,7
2017-03-21,41616.0,39648.0,42576.0,39600.0,7
2017-03-22,39936.0,38592.0,39936.0,35904.0,5
2017-03-23,38880.0,40656.0,40656.0,38448.0,1
2017-03-24,40416.0,39744.0,40656.0,37756.8,5
2017-03-27,39168.0,40080.0,40608.0,39168.0,0
2017-03-28,39840.0,39360.0,40608.0,38064.0,4
2017-03-29,38592.0,39360.0,39792.0,38592.0,0
2017-03-30,39024.0,38448.0,42755.52,38448.0,2
2017-03-31,40800.0,37968.0,40800.0,37870.08,15
2017-04-03,37680.0,38400.0,42108.48,37680.0,6
2017-04-04,38880.0,38304.0,39264.0,38304.0,1
2017-04-05,38352.0,38352.0,38594.88,37536.0,2
2017-04-06,37824.0,38016.0,38400.0,37488.0,3
2017-04-07,37848.0,38352.0,38688.0,37848.0,0
2017-04-10,39072.0,37680.0,40799.52,37680.0,1
2017-04-11,39024.0,38160.0,39120.0,38070.24,0
2017-04-12,39520.8,38784.0,39520.8,38064.0,0
2017-04-13,38400.0,38400.0,38400.0,37920.0,2
2017-04-17,39360.0,38640.0,39360.0,38544.0,1
2017-04-18,39264.0,38400.0,39360.0,37816.32,3
2017-04-19,38400.0,36960.0,38880.0,36960.0,1
2017-04-20,37440.0,36672.0,38400.0,36336.0,4
2017-04-21,37200.0,36672.0,37632.0,36096.0,1
2017-04-24,36624.0,36154.08,38160.0,35952.0,2
2017-04-25,38399.52,36768.0,38399.52,36768.0,0
2017-04-26,35793.12,35376.0,36415.2,35376.0,4
2017-04-27,35808.0,34992.0,36426.72,34992.0,6
2017-04-28,34320.0,34320.0,35520.0,33600.0,4
2017-05-01,34704.0,33936.0,38352.0,33504.0,3
2017-05-02,33504.0,32736.0,34272.0,32736.0,5
2017-05-03,32736.0,31248.0,32736.0,31103.04,7
2017-05-04,31248.0,31584.0,31584.0,30768.0,12
2017-05-05,31632.0,35520.0,35520.0,31200.0,4
2017-05-08,33792.0,32544.0,35178.72,32112.0,6
2017-05-09,32400.0,31872.0,33590.4,31248.0,3
2017-05-10,34752.0,33504.0,34752.0,32112.0,3
2017-05-11,33504.0,33072.0,34800.0,32208.0,1
2017-05-12,34800.0,35376.0,35376.0,33264.0,1
2017-05-15,35424.0,37200.0,37398.24,35184.0,4
2017-05-16,37200.0,38352.0,38352.0,37200.0,2
2017-05-17,36987.36,33984.0,36987.36,33984.0,0
2017-05-18,35472.0,32784.0,38212.8,32736.0,2
2017-05-19,34032.0,33552.0,34435.2,33552.0,1
2017-05-22,34032.0,33792.0,34320.0,32832.0,0
2017-05-23,32934.24,33408.0,34080.0,32934.24,1
2017-05-24,33120.0,33840.0,34080.0,33120.0,1
2017-05-25,33704.16,32832.0,33704.16,32832.0,2
2017-05-26,32832.0,31248.0,33763.2,31200.0,2
2017-05-30,32592.0,28896.0,32592.0,28896.0,1
2017-05-31,29904.0,29280.0,31034.88,28128.0,4
2017-06-01,31872.0,29136.0,31872.0,29040.0,2
2017-06-02,29280.0,28368.0,29568.0,26448.0,5
2017-06-05,28752.0,24000.0,28800.0,24000.0,6
2017-06-06,24048.0,23424.0,24561.6,23280.0,2
2017-06-07,23444.64,26400.0,26400.0,23444.64,10
2017-06-08,27600.0,26928.0,28032.0,25680.0,13
2017-06-09,28654.56,27360.0,28654.56,27120.0,3
2017-06-12,28080.0,29664.0,31152.0,27120.0,2
2017-06-13,31200.0,29808.0,31200.0,29664.0,1
2017-06-14,29952.0,28752.0,29952.0,28320.0,2
2017-06-15,28320.0,27096.0,28440.0,26928.0,2
2017-06-16,26976.0,29712.0,30000.0,26976.0,3
2017-06-19,30000.0,28780.8,30000.0,28560.0,1
2017-06-20,30720.0,28800.0,30720.0,28560.0,1
2017-06-21,29136.0,28560.0,29136.0,27072.0,0
2017-06-22,29256.0,29040.0,30000.0,28080.0,8
2017-06-23,29328.0,30432.0,30432.0,29280.0,11
2017-06-26,30720.0,29040.0,30720.0,28608.0,0
2017-06-27,29712.0,29337.12,29760.0,29337.12,0
2017-06-28,28848.0,28128.0,28944.0,28080.0,0
2017-06-29,28320.0,28224.0,29952.0,28136.16,1
2017-06-30,28320.0,27360.0,28608.0,27305.28,5
2017-07-03,28608.0,26868.0,28800.0,26868.0,7
2017-07-05,27312.0,25056.0,29383.68,25056.0,5
2017-07-06,24816.0,24528.0,25601.76,24528.0,1
2017-07-07,24576.0,25920.0,25920.0,24192.0,6
2017-07-10,27600.0,26448.0,28224.0,25776.0,8
2017-07-11,27319.68,25584.0,27319.68,24912.0,4
2017-07-12,25680.0,25776.0,26736.0,25008.0,12
2017-07-13,25440.0,24360.0,26496.0,24360.0,7
2017-07-14,25584.0,24576.0,25584.0,24336.0,0
2017-07-17,24720.0,23760.0,24720.0,22765.92,6
2017-07-18,24240.0,21408.0,24240.0,20709.12,8
2017-07-19,21600.0,19968.0,21600.0,19872.0,3
2017-07-20,19920.0,19920.0,20544.0,18635.52,3
2017-07-21,20352.0,20064.0,20556.96,19200.0,6
2017-07-24,20160.0,17538.24,20160.0,16848.48,7
2017-07-25,17088.0,13440.0,17232.0,12576.0,59
2017-07-26,14736.0,15072.0,16368.0,14132.16,32
2017-07-27,16560.0,14400.0,16560.0,14160.0,29
2017-07-28,15072.0,15503.52,16107.36,15072.0,6
2017-07-31,16080.0,16464.0,17328.0,15696.0,12
2017-08-01,17040.0,15888.0,17040.0,15552.0,3
2017-08-02,16560.0,14832.0,16560.0,14832.0,3
2017-08-03,14784.0,14880.0,15936.0,14784.0,3
2017-08-04,14928.0,14880.0,15380.64,14880.0,6
2017-08-07,15840.0,14688.0,15840.0,14688.0,9
2017-08-08,15132.48,15024.0,15132.48,14736.0,2
2017-08-09,14736.0,14784.0,15067.2,13440.0,13
2017-08-10,14448.0,13152.0,14448.0,12720.0,5
2017-08-11,12480.0,13152.0,13734.24,11904.0,12
2017-08-14,12720.0,12912.0,12912.0,11904.0,7
2017-08-15,12937.44,13248.0,13248.0,12048.0,5
2017-08-16,13152.0,13632.0,13717.44,13108.8,8
2017-08-17,13632.0,13344.0,13872.0,12960.0,12
2017-08-18,13440.0,12192.0,13440.0,9744.0,71
2017-08-21,12384.0,11808.0,12384.0,11280.0,11
2017-08-22,11520.0,11328.0,11854.56,11088.0,8
2017-08-23,11160.96,11328.0,11520.0,11088.0,3
2017-08-24,11376.0,11280.0,11664.0,11040.0,6
2017-08-25,11280.0,10992.0,11280.0,10848.0,3
2017-08-28,10848.48,10656.0,11184.0,10560.0,5
2017-08-29,10656.0,11040.0,11280.0,10560.0,3
2017-08-30,10800.0,10992.0,11232.0,10560.0,1
2017-08-31,11232.0,10992.0,11472.0,10608.0,15
2017-09-01,11079.36,11232.0,11280.0,11079.36,2
2017-09-05,11088.0,10752.0,11760.0,10560.0,19
2017-09-06,10677.6,10752.0,11160.0,10464.0,12
2017-09-07,10752.0,10752.0,10800.0,10488.0,3
2017-09-08,10560.0,10368.0,10704.0,10151.52,4
2017-09-11,10608.0,10512.0,10800.0,10368.0,5
2017-09-12,10320.0,9984.0,10416.0,9936.0,8
2017-09-13,9840.0,9840.0,10416.0,9696.0,11
2017-09-14,10273.92,10080.0,11088.0,10080.0,19
2017-09-15,10128.0,8784.0,10320.0,8784.0,24
2017-09-18,9168.0,7392.0,9312.0,7392.0,44
2017-09-19,8400.0,8448.0,9054.72,7776.0,39
2017-09-20,8880.0,8208.0,9001.44,7920.0,9
2017-09-21,8736.0,8688.0,8880.0,8160.0,11
2017-09-22,8640.0,8976.0,8976.0,8544.0,4
2017-09-25,8928.0,7920.0,9552.0,7920.0,8
2017-09-26,8016.0,8160.0,8395.68,8016.0,7
2017-09-27,8208.0,8064.0,8304.0,8064.0,6
2017-09-28,8160.0,8784.0,8880.0,8016.0,6
2017-09-29,8832.0,8880.0,9552.0,8470.08,5
2017-10-02,9120.0,10272.0,11078.88,9120.0,20
2017-10-03,10416.0,9456.0,10676.16,9216.0,9
2017-10-04,9600.0,9600.0,9932.64,9504.0,5
2017-10-05,9835.2,9168.0,9835.2,8928.0,11
2017-10-06,9168.0,8832.0,9312.0,8164.8,17
2017-10-09,9072.0,8400.0,9072.0,8160.0,13
2017-10-10,8675.52,8448.0,8675.52,8064.0,6
2017-10-11,8592.0,8064.0,8815.2,8064.0,6
2017-10-12,7968.0,7680.0,8256.0,7680.0,5
2017-10-13,7680.0,7728.0,8976.0,7584.0,14
2017-10-16,8352.0,8880.0,9888.0,7968.0,24
2017-10-17,9072.0,8016.0,9072.0,7968.0,9
2017-10-18,8160.0,7872.0,8160.0,7296.0,8
2017-10-19,7920.0,7536.0,7920.0,7300.8,7
2017-10-20,7584.0,7680.0,7968.0,7200.0,7
2017-10-23,7776.0,14016.0,16656.0,7776.0,2689
2017-10-24,13536.0,12480.0,14400.0,11376.0,406
2017-10-25,12192.0,14304.0,14400.0,12000.0,241
2017-10-26,14064.0,12816.0,15600.0,12480.0,226
2017-10-27,12864.0,12720.0,13008.0,11616.0,47
2017-10-30,13104.0,12960.0,13104.0,11568.0,35
2017-10-31,12720.0,12864.0,12888.96,12528.0,16
2017-11-01,13056.0,13392.0,13632.0,12576.48,28
2017-11-02,13248.0,13248.0,13723.2,12624.0,18
2017-11-03,13152.0,13872.0,14880.0,12532.8,91
2017-11-06,14208.0,13056.0,14208.0,12720.48,24
2017-11-07,13200.0,11904.0,13824.0,11712.0,37
2017-11-08,11808.0,13440.0,18575.52,10080.0,244
2017-11-09,10368.0,9744.0,10368.0,8928.48,83
2017-11-10,9840.0,9360.0,9840.0,9072.0,27
2017-11-13,9600.0,8496.0,9600.0,8304.48,30
2017-11-14,8448.0,8016.0,8448.0,7728.0,18
2017-11-15,8016.0,7632.0,8016.0,7392.0,31
2017-11-16,7776.0,6528.0,8064.0,6480.0,125
2017-11-17,4368.0,4133.28,4464.0,4133.28,679
2017-11-20,4224.0,4343.52,4368.0,3888.0,299
2017-11-21,4320.0,4272.0,4343.52,4176.0,215
2017-11-22,4320.0,4224.48,4334.88,4128.0,121
2017-11-24,4272.0,4320.0,4320.48,4224.96,59
2017-11-27,4276.32,4308.0,4367.52,4123.68,52
2017-11-28,4320.0,4224.96,4320.0,4176.0,22
2017-11-29,4272.0,4176.96,4320.0,4176.0,19
2017-11-30,4416.0,4242.24,4416.0,4224.0,47
2017-12-01,4316.16,3936.0,4368.0,3936.0,188
2017-12-04,4067.04,3681.6,4079.52,3648.0,73
2017-12-05,3793.92,3727.2,3799.68,3614.88,17
2017-12-06,3727.2,3627.84,3783.84,3600.0,34
2017-12-07,3649.44,3572.64,3659.52,3408.0,38
2017-12-08,3600.0,3594.72,3600.0,3417.6,9
2017-12-11,3600.0,3499.2,3605.28,3456.0,48
2017-12-12,3408.0,3447.36,3480.0,3388.8,18
2017-12-13,3447.36,3120.0,3447.36,2992.8,58
2017-12-14,3121.44,3168.48,3307.2,3120.48,8
2017-12-15,3206.4,3229.92,3307.2,3168.0,15
2017-12-18,3168.0,3216.0,3360.48,3120.0,22
2017-12-19,3312.0,3264.0,3376.8,3168.0,20
2017-12-20,3216.0,3312.48,3360.0,3192.0,14
2017-12-21,3264.0,3240.0,3264.0,3086.4,69
2017-12-22,3240.0,3178.08,3240.48,3086.4,68
2017-12-26,3216.0,2832.0,3222.24,2688.0,94
2017-12-27,3019.2,2894.88,3019.2,2784.0,67
2017-12-28,2784.48,3167.04,3199.2,2784.48,67
2017-12-29,3377.76,3456.0,3456.0,3168.0,128
2018-01-02,3504.0,3220.8,3552.0,3144.0,57
2018-01-03,3408.0,3350.4,3408.0,3220.8,30
2018-01-04,3312.0,3552.0,3552.0,3312.0,26
2018-01-05,3552.0,3525.12,3600.0,3456.0,31
2018-01-08,3696.0,3409.92,3744.0,3120.0,117
2018-01-09,3360.0,3396.0,3600.0,3264.0,24
2018-01-10,3408.0,3501.6,3547.2,3312.0,20
2018-01-11,3580.8,3552.0,3600.0,3456.0,29
2018-01-12,3587.52,3980.64,4656.0,3528.048,335
2018-01-16,4224.0,4175.52,4319.52,3979.2,138
2018-01-17,4080.0,3925.44,4176.0,3744.0,56
2018-01-18,4056.0,3792.48,4070.4,3600.0,18
2018-01-19,3936.0,3811.2,3936.0,3648.48,12
2018-01-22,3888.0,3820.32,3935.52,3758.4,23
2018-01-23,3840.0,3697.44,3840.0,3552.0,16
2018-01-24,3737.28,3815.04,3984.0,3600.0,96
2018-01-25,3896.64,3714.24,3916.32,3600.0,20
2018-01-26,3667.2,3454.56,3667.2,3429.12,34
2018-01-29,3395.04,3567.84,3595.2,3384.0,20
2018-01-30,3567.84,3360.0,3567.84,3360.0,20
2018-01-31,3552.0,3384.0,3552.0,3360.0,27
2018-02-01,3360.0,3264.0,3382.08,3264.0,23
2018-02-02,3264.0,3180.96,3357.12,3168.0,13
2018-02-05,3180.96,3120.48,3284.16,3072.0,21
2018-02-06,3072.0,3048.0,3263.52,2928.0,16
2018-02-07,3059.04,3311.52,3600.0,3059.04,16
2018-02-08,3360.0,2928.0,3360.0,2928.0,15
2018-02-09,3024.0,2976.0,3204.48,2976.0,9
2018-02-12,3072.0,3215.52,3311.04,2880.0,32
2018-02-13,3196.32,3142.56,3214.56,3120.48,11
2018-02-14,3196.8,3119.52,3196.8,3076.8,11
2018-02-15,3135.84,3120.48,3160.8,3076.8,1
2018-02-16,3168.0,3216.0,3352.8,3072.048,9
2018-02-20,3216.0,3072.0,3216.0,3012.0048,10
2018-02-21,3024.0,3216.0,3216.0,3024.0,1
2018-02-22,3216.0,3504.0,3600.0,3120.528,50
2018-02-23,3552.0,3247.2,3600.0,3247.2,32
2018-02-26,3360.0,3117.6,3455.52,2975.52,137
2018-02-27,3120.0,3016.8,3216.0,2793.6,33
2018-02-28,3073.44,2875.68,3073.44,2832.48,36
2018-03-01,2904.0,2832.0,2975.52,2808.0,13
2018-03-02,2867.52,2928.0,2928.0,2784.0,13
2018-03-05,3024.0,2975.04,3067.2,2784.48,14
2018-03-06,2928.0,2880.0,3024.0,2880.0,16
2018-03-07,2973.6,2976.0,3024.0,2904.0,8
2018-03-08,2976.0,2940.48,3023.52,2904.0,7
2018-03-09,2928.0,3000.0,3067.2,2880.0,16
2018-03-12,3072.0,3024.0,3072.0,2884.8,12
2018-03-13,3168.0,2991.84,3168.0,2928.48,12
2018-03-14,3120.0,3120.0,3120.0,2901.6,16
2018-03-15,3120.0,2928.0,3120.0,2886.24,17
2018-03-16,2976.0,3024.0,3072.0,2887.2,34
2018-03-19,3024.0,2880.0,3024.0,2784.48,54
2018-03-20,2928.0,2928.0,2928.0,2697.6,39
2018-03-21,2736.0,2786.88,2878.56,2736.0,17
2018-03-22,2923.2,2783.04,2923.2,2736.0,10
2018-03-23,2783.04,2736.0,2829.8976,2689.92,10
2018-03-26,2870.4,2715.84,2880.0,2640.0,16
2018-03-27,2736.0,2640.0,2870.4,2421.3456,18
2018-03-28,2640.0,2640.0,2772.0,2448.0,13
2018-03-29,2529.12,2448.0,2529.12,2400.0,13
2018-04-02,2640.0,2496.0,2687.904,2424.0,8
2018-04-03,2640.0,2448.0,2640.0,2448.0,9
2018-04-04,2428.8,2443.2,2610.72,2172.48,22
2018-04-05,2448.0,2429.9904,2448.0,2304.0,3
2018-04-06,2416.8,2385.6,2416.8,2304.0,9
2018-04-09,2385.6,2255.2128,2410.56,2255.2128,16
2018-04-10,2311.2,2153.76,2311.2,2112.0,23
2018-04-11,2261.28,2294.4,2294.4,2120.16,20
2018-04-12,2400.0,2351.52,2400.0,2160.0,44
2018-04-13,2212.8,2376.0,2388.96,2212.8,8
2018-04-16,2448.0,2256.48,2544.0,2232.0,18
2018-04-17,2280.0,2305.44,2352.0,2280.0,11
2018-04-18,2280.0,2232.0,2347.2,2232.0,9
2018-04-19,2232.0,2211.36,2232.0,2208.48,2
2018-04-20,2212.8,2160.0,2227.2,2113.92,4
2018-04-23,2136.0,2110.08,2208.0,2059.2,9
2018-04-24,2051.52,2160.0,2208.0,2051.52,9
2018-04-25,2016.0,2160.0,2160.0,2016.0,4
2018-04-26,2256.0,2126.4,2256.0,1920.0,7
2018-04-27,1920.0,2160.0,2208.0,1920.0,3
2018-04-30,2208.0,2160.0,2208.0,2097.12,4
2018-05-01,2112.0,2160.0,2160.0,2112.0,6
2018-05-02,2208.0,2007.36,2208.0,2007.36,8
2018-05-03,2208.0,2172.0,2208.0,2069.28,12
2018-05-04,2164.8,2160.0,2208.0,1982.88,9
2018-05-07,2208.0,2116.6992,2208.0,2016.048,11
2018-05-08,2031.36,2090.88,2304.0,2031.36,38
2018-05-09,2112.0,2064.0,2112.0,1925.76,17
2018-05-10,2064.0,1968.0,2064.0,1935.84,10
2018-05-11,1935.84,1967.3952,2015.52,1935.84,7
2018-05-14,1968.0,2064.0,2112.0,1968.0,49
2018-05-15,2064.0,1564.8,2064.0,1564.8,65
2018-05-16,1824.0,1534.56,1824.0,1440.0,47
2018-05-17,1502.4,1559.04,1632.48,1449.6,20
2018-05-18,1670.4,1514.88,1705.44,1440.0,38
2018-05-21,1920.0,6000.0,6192.0,1704.0,9200
2018-05-22,7344.0,6096.0,9120.0,5856.0,8600
2018-05-23,7632.0,7152.0,7680.0,6048.0,2742
2018-05-24,6720.0,6096.0,7440.0,5904.0,814
2018-05-25,6288.0,5856.0,6372.48,5376.0,422
2018-05-29,5712.0,6096.0,6480.0,5520.0,410
2018-05-30,6288.0,6768.0,6912.0,6103.68,440
2018-05-31,6864.0,6432.0,6912.0,6240.0,214
2018-06-01,6816.0,6720.0,6816.0,6048.0,254
2018-06-04,7104.0,6576.0,7150.56,6480.0,140
2018-06-05,6864.0,8880.0,9072.0,6554.88,1139
2018-06-06,9552.0,9840.0,11376.0,8736.0,2009
2018-06-07,9696.0,7968.0,9696.0,7872.0,477
2018-06-08,7920.0,6768.0,8014.56,6528.0,524
2018-06-11,7536.0,8448.0,8832.0,7536.0,1425
2018-06-12,8064.0,7872.0,8400.0,7392.0,317
2018-06-13,7920.0,8064.0,8256.0,7680.0,159
2018-06-14,8160.0,7824.0,8160.0,7680.0,161
2018-06-15,7920.0,8064.0,8064.0,7872.0,119
2018-06-18,8016.0,8784.0,9072.0,7680.0,427
2018-06-19,8400.0,8736.0,8880.0,8304.0,228
2018-06-20,9120.0,10128.0,10176.0,9026.4,442
2018-06-21,10224.0,9912.0,10944.0,9360.0,524
2018-06-22,9600.0,9216.0,9792.0,8640.0,219
2018-06-25,9360.0,9216.0,9787.2,9072.0,143
2018-06-26,9168.0,8928.0,9216.0,8640.0,174
2018-06-27,8880.0,8640.0,9168.0,8448.0,124
2018-06-28,8880.0,8400.0,8880.0,8304.0,106
2018-06-29,8592.0,7824.0,8731.2,7680.0,141
2018-07-02,8064.0,7589.28,8064.0,7296.0,80
2018-07-03,7584.0,7584.0,8208.0,7392.0,58
2018-07-05,7584.0,8160.0,8160.0,7584.0,69
2018-07-06,8160.0,7968.0,8352.0,7584.0,74
2018-07-09,7968.0,7776.0,8100.48,7728.0,61
2018-07-10,7680.0,7440.0,7728.0,7200.0,94
2018-07-11,7248.0,6528.0,7392.0,6528.0,172
2018-07-12,6336.0,6480.0,6624.0,5904.0,217
2018-07-13,7776.0,7824.0,8880.0,6960.0,1244
2018-07-16,8400.0,7680.0,9216.0,7440.0,943
2018-07-17,7680.0,7392.0,7728.48,6960.0,165
2018-07-18,7200.0,7104.0,7200.0,6960.0,129
2018-07-19,7680.0,7584.0,8352.0,7200.0,612
2018-07-20,7488.0,7632.0,7872.0,7440.0,110
2018-07-23,7440.0,7104.0,7680.0,7008.0,146
2018-07-24,7200.0,6624.0,7284.48,6576.0,129
2018-07-25,6528.0,6336.0,6624.0,6096.0,181
2018-07-26,6384.0,6288.0,6480.0,6192.0,69
2018-07-27,6288.0,6048.0,6291.84,5952.0,92
2018-07-30,6240.0,6096.0,6240.0,6000.0,66
2018-07-31,6048.0,5712.0,6144.0,5520.0,127
2018-08-01,6144.0,6384.0,7056.0,6144.0,299
2018-08-02,6192.0,5856.0,6336.0,5855.52,132
2018-08-03,5856.0,5568.0,6000.0,5568.0,116
2018-08-06,5280.0,4564.32,5280.0,4320.0,362
2018-08-07,4704.0,4709.76,5358.24,4562.88,277
2018-08-08,5040.0,4711.68,5040.0,4704.0,69
2018-08-09,5040.0,4637.28,5040.0,4333.92,152
2018-08-10,4704.0,4896.0,5040.0,4549.92,78
2018-08-13,4992.0,4896.0,5136.0,4848.0,130
2018-08-14,4320.0,4517.28,4680.0,4128.0,254
2018-08-15,4416.0,4320.0,4603.56,4128.0,139
2018-08-16,4320.0,4368.0,4502.52,4152.0,110
2018-08-17,4368.0,4272.0,4382.4,4224.0,47
2018-08-20,4360.8,4128.0,4360.8,4080.0,99
2018-08-21,4121.28,3852.0,4121.28,3696.048,103
2018-08-22,3840.0,3900.96,4080.0,3733.44,69
2018-08-23,4032.0,4417.92,4896.0,4027.2,311
2018-08-24,4632.0,4243.68,4752.0,4224.0,122
2018-08-27,4416.0,4224.0,4499.52,3960.0,67
2018-08-28,4224.0,4224.0,4320.0,4080.0,43
2018-08-29,4272.0,4259.04,4272.0,4094.4,30
2018-08-30,4272.0,4295.52,4320.0,4178.88,31
2018-08-31,4218.24,4224.0,4320.0,4104.0,36
2018-09-04,4320.0,4032.48,4320.0,4032.0,62
2018-09-05,4248.0,3990.24,4272.0,3984.0,65
2018-09-06,3988.8,4032.0,4128.0,3988.8,37
2018-09-07,4067.04,3936.0,4070.9952,3854.4,25
2018-09-10,3936.0,3758.88,4080.0,3696.0,40
2018-09-11,3792.0,3676.8,3936.0,3600.0,54
2018-09-12,3600.0,3523.68,3696.0,3408.0,41
2018-09-13,3424.8,3492.48,3576.0,3408.0,28
2018-09-14,3504.0,3374.4,3543.552,3369.6,35
2018-09-17,3404.64,3408.0,3505.152,3364.8,16
2018-09-18,3456.0,3311.52,3527.04,3285.12,29
2018-09-19,3312.0,3288.48,3408.0,3216.0,31
2018-09-20,3312.0,3454.56,3504.0,3216.48,28
2018-09-21,3552.0,3840.0,4800.0,3527.52,402
2018-09-24,3759.84,4003.2,4032.0,3633.6,81
2018-09-25,3748.8,3744.0,4024.8,3744.0,44
2018-09-26,3859.2,3627.072,3925.44,3552.0,42
2018-09-27,3456.0,3467.04,3622.08,3360.0,40
2018-09-28,3365.28,3312.0,3600.0,3120.0,57
2018-10-01,3312.0,3370.56,3600.0,3264.0,29
2018-10-02,3360.0,3283.68,3399.84,3264.0,39
2018-10-03,3264.48,3343.2,3367.2,3072.48,40
2018-10-04,3360.0,3264.48,3462.552,3216.0,32
2018-10-05,3264.48,3264.48,3359.52,3168.0,33
2018-10-08,3360.0,3672.0,3926.4,3264.48,197
2018-10-09,3667.2,3432.0,3898.56,3312.0,48
2018-10-10,3456.0,3432.0,3511.68,3360.0,43
2018-10-11,3380.16,3403.2,3456.0,3360.0,16
2018-10-12,3384.0,3420.0,3456.0,3360.0,24
2018-10-15,3421.44,3552.0,3600.0,3418.08,27
2018-10-16,3590.88,3480.48,3600.0,3364.8,25
2018-10-17,3504.0,3516.48,3550.08,3364.8,13
2018-10-18,3504.0,4598.4,5520.0,3504.0,1418
2018-10-19,4800.0,4131.84,5424.0,4080.0,596
2018-10-22,4176.0,4464.0,4992.0,4036.8,334
2018-10-23,4416.0,4272.0,4944.0,4128.0,277
2018-10-24,4154.4,4092.0,4442.88,3962.4,80
2018-10-25,4296.48,4128.0,4296.48,4080.0,58
2018-10-26,4080.0,4021.44,4128.0,3792.0,72
2018-10-29,3984.0,3600.0,3984.0,3523.68,95
2018-10-30,3648.0,3456.0,3815.808,3360.0,87
2018-10-31,3648.0,3792.0,3840.0,3360.0,40
2018-11-01,3696.0,3893.76,4080.0,3511.68,44
2018-11-02,3983.52,3792.0,4032.0,3769.44,22
2018-11-05,3843.36,3840.0,4008.0,3792.0,38
2018-11-06,3936.0,3936.0,4103.52,3792.48,24
2018-11-07,3936.0,3984.0,4080.0,3936.0,24
2018-11-08,3916.8,4056.48,4080.0,3895.6416,14
2018-11-09,4224.0,4164.0,4248.0,4032.0,50
2018-11-12,4320.0,4133.28,4416.0,4128.0,54
2018-11-13,4320.0,3820.32,4320.0,3696.0,43
2018-11-14,3782.4,3408.96,3782.4,3247.68,65
2018-11-15,3413.28,3408.96,3576.0,3408.0,21
2018-11-16,3360.0,3393.6,3552.0,3323.52,23
2018-11-19,3360.0,3340.8,3540.0,3312.48,21
2018-11-20,3312.0,3120.0,3376.8,3072.48,45
2018-11-21,3360.0,3261.6,3392.64,3216.0,11
2018-11-23,3312.0,3312.0,3360.0,3312.0,8
2018-11-26,3216.48,3293.28,3311.04,3072.0,26
2018-11-27,3168.0,3173.9088,3238.56,3168.0,12
2018-11-28,3172.8,3024.0,3225.6,2917.44,42
2018-11-29,3062.4,3168.0,3264.0,3024.48,23
2018-11-30,3072.0,3110.4,3312.0,3072.0,12
2018-12-03,3264.0,3216.0,3264.48,3033.6,10
2018-12-04,3167.52,3220.8,3230.4,3072.0,13
2018-12-06,3264.0,3097.44,3264.0,3048.0,19
2018-12-07,3243.84,3024.48,3249.4464,3024.0,16
2018-12-10,3024.0,3328.4352,3552.0,3024.0,68
2018-12-11,3360.0,3255.84,3456.0,3096.48,69
2018-12-12,3168.48,3024.0,3221.28,2976.0,52
2018-12-13,3072.0,2976.0,3110.4,2893.92,15
2018-12-14,2985.6,2908.8,2985.6,2908.8,14
2018-12-17,2880.0,2832.0,2976.0,2832.0,22
2018-12-18,2832.48,2880.0,2976.0,2832.48,9
2018-12-19,2974.08,2904.0,2976.0,2880.0,3
2018-12-20,2928.0,2762.88,2974.56,2640.0,20
2018-12-21,2736.0,2865.12,2976.0,2736.0,20
2018-12-24,2736.0,2784.48,2831.04,2736.0,8
2018-12-26,2963.52,2736.0,2963.52,2688.0,18
2018-12-27,2736.0,2736.0,2880.0,2736.0,19
2018-12-28,2754.24,2773.92,2826.24,2736.0,49
2018-12-31,2832.0,2808.96,2880.0,2736.0,39
2019-01-02,2976.0,3344.64,3360.0,2928.96,20
2019-01-03,3360.0,3072.0,3360.0,3072.0,14
2019-01-04,3024.48,3135.84,3262.56,3024.48,4
2019-01-07,3307.2,3503.4816,3552.0,3179.136,20
2019-01-08,3936.0,3908.64,4442.4,3672.0,138
2019-01-09,3960.0,3655.2,3960.0,3456.0,26
2019-01-10,3792.0,3648.0,3796.8,3641.76,14
2019-01-11,3648.0,3732.0,3796.8,3648.0,6
2019-01-14,3840.0,3888.0,4032.0,3744.48,22
2019-01-15,4032.0,3984.0,4080.0,3840.48,36
2019-01-16,4065.6,3921.6,4065.6,3888.48,8
2019-01-17,3958.08,3986.4,4032.0,3888.0,11
2019-01-18,4032.0,3886.08,4032.0,3840.0,18
2019-01-22,4032.0,3792.0,4032.0,3764.64,16
2019-01-23,3792.0,3885.6192,4006.08,3792.0,7
2019-01-24,3888.0,3892.224,3984.0,3792.0,7
2019-01-25,3888.0,3792.0,3984.0,3294.24,25
2019-01-28,3936.0,3931.2,3936.0,3782.4,8
2019-01-29,3936.0,3912.0,4032.0,3888.0,18
2019-01-30,3840.0,3847.6416,3984.0,3600.0,14
2019-01-31,3859.68,3744.0,3936.0,3696.0,22
2019-02-01,3839.52,3888.0,3935.52,3696.0,14
2019-02-04,3888.0,3936.48,4080.0,3888.0,29
2019-02-05,3840.0,4079.52,4127.52,3840.0,31
2019-02-06,4320.0,4654.104,4752.0,4180.2816,121
2019-02-07,4704.0,4202.4,4752.0,4176.0,82
2019-02-08,4176.0,4136.16,4272.0,4104.48,27
2019-02-11,4272.0,4180.8,4305.6,4036.8,14
2019-02-12,4176.0,4239.84,4404.48,4176.0,15
2019-02-13,4224.0,4368.0,4464.48,4200.0,34
2019-02-14,4368.0,4100.64,4512.0,4100.64,28
2019-02-15,4224.0,4310.4,4406.4,4100.64,28
2019-02-19,4368.0,4416.0,4416.0,4176.0,29
2019-02-20,4416.0,4224.0,4416.0,4224.0,24
2019-02-21,4248.48,4286.4,4362.72,4176.0,4
2019-02-22,4363.2,4416.0,4416.0,4201.44,15
2019-02-25,4416.0,4368.0,4416.0,4272.0,22
2019-02-26,4416.0,4464.0,4560.0,4368.0,78
2019-02-27,4512.0,4368.0,4512.0,4367.52,23
2019-02-28,4368.0,4392.0,4595.3568,4368.0,48
2019-03-01,4390.08,4440.0,4536.0,4372.8,13
2019-03-04,4416.0,4272.0,4439.04,4248.0,25
2019-03-05,4368.0,4410.24,4416.0,4185.6,17
2019-03-06,4416.0,5280.0,5424.0,4320.0,248
2019-03-07,5040.0,5184.0,5472.0,4752.0,174
2019-03-08,5184.0,5232.0,5280.0,4944.0,40
2019-03-11,5472.0,4896.0,5616.0,4713.6,208
2019-03-12,4559.04,4992.0,5280.0,4296.48,192
2019-03-13,4800.0,5472.0,5568.0,4800.0,125
2019-03-14,5520.0,5664.0,5856.0,5328.0,74
2019-03-15,5664.0,5376.0,5712.0,5328.0,58
2019-03-18,5424.0,5184.0,5664.0,5184.0,64
2019-03-19,5376.0,5184.0,5712.0,5184.0,95
2019-03-20,5328.0,5520.0,5664.0,5328.0,65
2019-03-21,5568.0,5712.0,6096.0,5566.56,136
2019-03-22,6000.0,5904.0,6096.0,5808.0,64
2019-03-25,5952.0,6528.0,6816.0,5904.0,259
2019-03-26,6672.0,6144.0,6672.0,5712.0,152
2019-03-27,6144.0,6528.0,6612.48,6000.0,91
2019-03-28,6624.0,6768.0,7440.0,6424.32,286
2019-03-29,5856.0,5856.0,6432.0,5568.0,175
2019-04-01,6192.0,5856.0,6192.0,5760.0,39
2019-04-02,5904.0,5376.0,5904.0,5328.0,115
2019-04-03,5520.0,5808.0,6528.0,5520.0,99
2019-04-04,5904.0,5808.0,6168.0,5760.0,24
2019-04-05,5808.0,5636.16,5945.76,5376.0,46
2019-04-08,5472.0,5472.0,5856.0,5472.0,21
2019-04-09,5568.0,5520.0,5648.64,5448.0,30
2019-04-10,5472.0,5520.0,5664.0,5376.0,42
2019-04-11,5520.0,5712.0,5952.0,5518.56,32
2019-04-12,5712.0,5808.0,5856.0,5712.0,21
2019-04-15,5952.0,6528.0,6576.0,5846.4,98
2019-04-16,6384.0,6816.0,7248.0,6384.0,141
2019-04-17,6960.0,6768.0,7104.0,6624.0,46
2019-04-18,7152.0,6960.0,7152.0,6720.0,25
2019-04-22,6960.0,7296.0,7584.0,6960.0,96
2019-04-23,7584.0,7248.0,7584.0,6939.36,56
2019-04-24,7248.0,7056.0,7435.2,7005.6,40
2019-04-25,7200.0,7248.0,7376.64,7104.0,26
2019-04-26,7296.0,7776.0,7776.0,7104.0,74
2019-04-29,7968.0,8088.0,8400.0,7890.72,116
2019-04-30,7968.0,8064.0,8160.0,7920.0,45
2019-05-01,8304.0,8592.0,8640.0,8112.96,111
2019-05-02,8736.0,8496.0,8736.0,8448.0,59
2019-05-03,8784.0,8736.0,8880.0,8496.0,83
2019-05-06,8880.0,8784.0,8880.0,8208.0,85
2019-05-07,8928.0,9024.0,9360.0,8640.0,150
2019-05-08,9120.0,8784.0,9120.0,8688.0,59
2019-05-09,8880.0,8446.08,8880.0,8352.0,69
2019-05-10,8448.0,8016.0,8544.0,7584.0,116
2019-05-13,8016.0,8112.0,8160.0,7776.0,49
2019-05-14,8160.0,8064.0,8256.0,7728.0,48
2019-05-15,7920.0,8016.0,8018.4,7776.0,80
2019-05-16,7200.0,8016.0,8112.0,7104.0,151
2019-05-17,8640.0,8160.0,8640.0,7920.0,61
2019-05-20,8304.0,7776.0,8304.0,7680.0,48
2019-05-21,7728.0,7200.0,7872.0,7104.0,63
2019-05-22,7200.0,7236.0,7595.52,7152.0,31
2019-05-23,7200.0,7584.0,7584.0,7104.0,35
2019-05-24,7680.0,7536.0,7680.0,7200.0,21
2019-05-28,7536.0,7392.0,7536.0,7344.0,11
2019-05-29,7296.0,7056.0,7404.96,6864.0,48
2019-05-30,7008.0,7152.0,7222.56,6768.0,23
2019-05-31,7008.0,7248.0,7440.0,6960.0,22
2019-06-03,7152.0,7008.0,7440.0,6960.48,20
2019-06-04,7008.0,7056.0,7200.0,6960.0,14
2019-06-05,7008.0,7200.0,7382.88,7008.0,16
2019-06-06,7296.0,6912.0,7344.0,6864.0,23
2019-06-07,6912.0,6912.0,7200.0,6912.0,20
2019-06-10,6864.0,7008.0,7200.0,6864.0,17
2019-06-11,7104.0,7152.0,7200.0,7008.0,10
2019-06-12,7152.0,7032.0,7199.04,7008.0,12
2019-06-13,7104.0,6384.0,7104.0,6240.96,46
2019-06-14,6432.0,6576.0,6768.0,6432.0,18
2019-06-17,6576.0,7056.0,7296.0,6576.0,27
2019-06-18,6864.0,6816.0,7176.0,6720.0,12
2019-06-19,6864.0,6816.0,7027.2,6384.0,25
2019-06-20,7104.0,7488.0,7920.0,6960.0,105
2019-06-21,7440.0,7536.0,7584.0,7296.0,14
2019-06-24,7440.0,7200.0,7536.0,7200.0,17
2019-06-25,7152.0,7056.0,7390.08,6960.0,14
2019-06-26,7104.0,7296.0,7296.0,7104.0,8
2019-06-27,7248.0,7584.0,7584.0,7248.0,25
2019-06-28,7536.0,8640.0,8640.0,7536.0,92
2019-07-01,8544.0,7968.0,8592.0,7776.0,41
2019-07-02,8064.0,8299.68,8588.64,7968.0,31
2019-07-03,8208.0,8233.44,8448.0,8064.0,18
2019-07-05,8208.0,8280.0,8544.0,8112.0,9
2019-07-08,8400.0,8448.0,8492.16,8160.0,41
2019-07-09,8448.0,8400.0,8783.52,8204.16,45
2019-07-10,8448.0,8318.88,8688.0,8208.0,66
2019-07-11,8304.0,7320.0,8304.0,7200.0,178
2019-07-12,6480.0,6288.0,6480.0,6192.0,242
2019-07-15,6240.0,6336.0,6672.0,6240.0,63
2019-07-16,6720.0,6432.0,6720.0,6336.0,47
2019-07-17,6432.0,6336.0,6576.0,6336.0,71
2019-07-18,6336.0,6383.52,6514.08,6336.0,25
2019-07-19,6624.0,6480.0,6720.0,6384.0,48
2019-07-22,6720.0,6576.0,6720.0,6432.0,31
2019-07-23,6576.0,6432.48,6576.0,6336.0,15
2019-07-24,6480.0,6288.0,6480.0,6240.0,23
2019-07-25,6432.0,6384.0,6462.72,6240.0,20
2019-07-26,6384.0,6768.0,7003.2,6337.92,55
2019-07-29,7008.0,7104.0,7344.0,6960.0,117
2019-07-30,7200.0,7272.0,7536.0,7152.0,49
2019-07-31,7296.0,7440.0,7776.0,7296.0,52
2019-08-01,7488.0,7488.0,7680.0,7440.0,32
2019-08-02,7488.0,7488.0,7488.0,7200.0,27
2019-08-05,7392.0,6864.0,7392.0,6864.0,37
2019-08-06,6960.0,6960.0,7200.0,6768.0,17
2019-08-07,7248.0,6912.0,7248.0,6528.0,29
2019-08-08,6816.0,6768.0,6960.0,6768.0,14
2019-08-09,6768.0,6576.0,6912.0,6480.0,17
2019-08-12,6624.0,6360.0,6678.72,5760.0,69
2019-08-13,6336.0,6751.2,6816.0,6144.48,35
2019-08-14,6240.0,6000.0,6240.0,5568.0,70
2019-08-15,6000.0,5952.0,6240.0,5664.0,36
2019-08-16,6000.0,6576.0,6816.0,5856.0,41
2019-08-19,6624.0,6144.0,6844.8,6048.0,35
2019-08-20,6144.0,6096.0,6180.48,5904.0,10
2019-08-21,6000.0,6048.0,6401.76,6000.0,18
2019-08-22,6096.0,4778.4,6528.0,4560.0,123
2019-08-23,4896.0,5376.0,5897.28,4896.0,123
2019-08-26,5376.0,5544.0,5568.0,4800.0,37
2019-08-27,5520.0,5328.0,5808.0,5148.0,53
2019-08-28,5376.0,5088.0,5376.0,4992.0,20
2019-08-29,5088.0,5280.0,5568.0,5088.0,18
2019-08-30,5328.0,5184.0,5376.0,5184.0,13
2019-09-03,5376.0,5520.0,5568.0,5232.48,8
2019-09-04,5568.0,5232.0,5616.0,5040.0,19
2019-09-05,5424.0,5424.0,5520.0,5136.48,20
2019-09-06,5472.0,5376.0,5520.0,5328.0,4
2019-09-09,5472.0,5280.0,5472.0,5040.0,28
2019-09-10,5232.0,4896.0,5232.0,4704.0,53
2019-09-11,4944.0,4848.0,5040.0,4560.0,113
2019-09-12,4896.0,4557.6,4944.0,4416.0,68
2019-09-13,4560.0,4176.0,4848.0,4128.0,101
2019-09-16,4464.0,4478.88,4751.52,4176.96,72
2019-09-17,4752.0,4416.0,5040.0,4368.0,25
2019-09-18,4320.0,4438.56,4738.2912,4320.0,22
2019-09-19,4416.0,4608.0,4789.92,4416.0,21
2019-09-20,4626.24,4790.4,4800.0,4626.24,12
2019-09-23,4776.0,4800.0,4848.0,4705.8768,20
2019-09-24,4656.0,4783.2,4800.0,4656.0,9
2019-09-25,4608.0,4730.88,4800.0,4608.0,6
2019-09-26,5136.0,4983.84,5136.0,4800.0,14
2019-09-27,4992.0,4896.0,5232.0,4896.0,13
2019-09-30,4944.0,4848.0,4944.0,4800.0,5
2019-10-01,4848.0,4798.08,4848.0,4675.68,2
2019-10-02,4800.0,4176.0,4800.0,4176.0,53
2019-10-03,4272.0,4427.4576,4458.264,4272.0,23
2019-10-04,4488.0,4415.2368,4560.0,4342.56,9
2019-10-07,4320.0,4272.0,4512.0,4176.0,12
2019-10-08,4224.0,4080.0,4224.0,4080.0,19
2019-10-09,4080.0,3840.0,4195.2,3840.0,28
2019-10-10,3840.0,3888.0,3935.52,3648.48,41
2019-10-11,3902.0928,4038.192,4209.6,3849.6,11
2019-10-14,3888.0,3955.2,3955.2,3792.0,31
2019-10-15,3936.0,3936.0,4125.0048,3801.6,15
2019-10-16,3892.8,3936.0,4223.52,3840.0,7
2019-10-17,4032.0,3925.44,4203.84,3877.92,6
2019-10-18,3888.0,4008.48,4008.48,3696.48,18
2019-10-21,3984.0,3792.0,3984.0,3696.0,10
2019-10-22,3744.0,3696.96,3792.0,3465.6,16
2019-10-23,3714.72,3619.2,3840.0,3571.2,30
2019-10-24,3782.4,3653.76,3782.4,3653.76,2
2019-10-25,3758.88,3695.52,3840.0,3648.0,4
2019-10-28,3408.0,3528.48,3768.768,3408.0,30
2019-10-29,3600.0,3350.4,3691.2,3350.4,26
2019-10-30,3360.0,3145.92,3391.2,3120.0,50
2019-10-31,3145.92,3449.76,3456.0,3120.0,13
2019-11-01,3599.52,3672.0,3836.2464,3504.0,19
2019-11-04,3744.48,3676.8,3868.32,3648.0,8
2019-11-05,3456.0,3408.48,3617.424,3361.44,31
2019-11-06,3552.0,3457.92,3552.0,3360.0,11
2019-11-07,3436.8,3312.0,3504.0,3312.0,7
2019-11-08,3408.0,3264.0,3491.1888,3168.0,34
2019-11-11,3168.0,3264.96,3382.08,3139.68,20
2019-11-12,3264.0,3720.0,3868.32,3134.88,91
2019-11-13,3120.0,3317.28,3552.0,3120.0,44
2019-11-14,3168.0,3120.0,3359.52,3120.0,30
2019-11-15,3120.0,3153.12,3312.0,3120.0,13
2019-11-18,3120.0,3076.32,3264.0,2994.5856,10
2019-11-19,3072.0,3068.64,3168.0,2928.0,16
2019-11-20,3025.44,3012.0,3168.0,2976.0,16
2019-11-21,3072.0,2925.84,3072.0,2881.44,22
2019-11-22,2880.0,2865.9888,3065.28,2832.0,28
2019-11-25,2790.24,2796.0,3014.4,2790.24,13
2019-11-26,2976.0,2926.08,2976.0,2784.0,8
2019-11-27,2832.0,2968.8,2975.52,2832.0,10
2019-11-29,2976.0,2976.0,3024.0,2880.0,2
2019-12-02,2928.0,2879.04,3002.3952,2793.12,10
2019-12-03,3024.0,2903.5968,3024.0,2832.0,15
2019-12-04,2913.6,2784.0,2939.7024,2784.0,9
2019-12-05,2790.24,2860.8,2928.0,2790.24,6
2019-12-06,3024.0,2808.96,3024.0,2784.0,13
2019-12-09,2740.8,2783.52,2880.0,2740.8,8
2019-12-10,2869.44,2784.0,2869.92,2736.0,21
2019-12-11,2796.96,2688.0,2880.0,2592.48,21
2019-12-12,2592.0,2592.48,2640.0,2496.0,24
2019-12-13,2604.0,2658.72,2667.5568,2529.6,29
2019-12-16,2644.32,2570.4,2711.04,2496.0,24
2019-12-17,2616.0,2530.08,2687.52,2519.16,23
2019-12-18,2544.96,2671.2,2712.0,2544.0,19
2019-12-19,2675.52,2616.48,2707.2,2544.0,21
2019-12-20,2555.04,2593.92,2680.32,2554.08,14
2019-12-23,2630.4,2520.7104,2630.4,2496.0,33
2019-12-24,2496.0,2520.48,2591.52,2496.0,8
2019-12-26,2496.0,2536.32,2589.6,2496.0,25
2019-12-27,2529.12,2832.0,3023.04,2529.12,68
2019-12-30,2928.0,2664.48,3009.6,2592.48,64
2019-12-31,2694.24,2640.0,2755.2,2604.0,23
2020-01-02,2640.0,2691.8352,2783.52,2544.0,29
2020-01-03,2784.0,2640.0,2784.0,2577.6,5
2020-01-06,3024.48,2844.96,3120.0,2784.0,37
2020-01-07,3072.0,2736.48,3072.0,2683.2,20
2020-01-08,2736.48,2819.52,2897.76,2736.48,11
2020-01-09,2865.6,2711.52,2880.0,2649.6,22
2020-01-10,2496.0,2556.48,2592.0,2448.0,64
2020-01-13,2501.28,2424.0,2592.0,2400.0,38
2020-01-14,2497.92,2507.52,2543.04,2200.8,83
2020-01-15,2491.2,2472.96,2544.0,2304.0,24
2020-01-16,2472.96,2831.52,2880.0,2472.96,58
2020-01-17,2832.0,2755.2,2976.0,2671.2,53
2020-01-21,2640.0,2879.52,2968.8,2640.0,50
2020-01-22,2816.64,2769.6,2884.32,2736.0,18
2020-01-23,2736.0,2155.2,2755.68,2112.0,253
2020-01-24,1680.48,1713.6,1766.4,1632.0,599
2020-01-27,1713.6,1848.0,2064.0,1647.36,190
2020-01-28,1733.28,1896.0,1920.0,1733.28,74
2020-01-29,1867.2,1788.48,1889.76,1738.08,79
2020-01-30,1824.0,1685.28,1824.0,1633.92,79
2020-01-31,1653.12,1686.72,1790.4,1489.44,83
2020-02-03,1600.8,1747.2,1775.52,1549.92,24
2020-02-04,1733.76,1605.12,1934.4,1550.4,120
2020-02-05,1605.6,1564.8,2744.64,1453.512,1352
2020-02-06,1360.8,1356.0,1509.6,1315.2,332
2020-02-07,1200.0,1154.4,1288.776,1080.0,478
2020-02-10,1099.2,1262.4,1286.376,1080.0,1114
2020-02-11,1284.0,1123.2,1344.0,1108.8,804
2020-02-12,1123.2,1137.6,1192.8,1080.024,610
2020-02-13,1051.2,1087.2,1128.0,924.0,928
2020-02-14,1080.0,972.0,1080.0,926.4,331
2020-02-18,804.0,988.8,1036.8,789.48,331
2020-02-19,984.0,1023.6,1060.8,866.4,217
2020-02-20,1012.8,1060.8,1079.184,1007.976,108
2020-02-21,1056.0,1000.8,1065.6,967.2,73
2020-02-24,1008.0,931.2,1012.8,870.672,226
2020-02-25,926.4,892.8,959.592,873.6,89
2020-02-26,885.6,916.8,957.6,864.0,117
2020-02-27,897.6,868.8,912.0,842.4,52
2020-02-28,900.0,796.8,900.0,789.6,135
2020-03-02,794.4,772.8,810.72,733.2,138
2020-03-03,784.8,720.0,825.6,720.0,63
2020-03-04,722.424,691.2,775.464,672.0,182
2020-03-05,650.4,492.0,742.992,492.0,3638
2020-03-06,595.2,564.0,600.0,520.8,544
2020-03-09,528.0,528.0,549.6,480.024,288
2020-03-10,511.2,517.2,559.2,494.4,66
2020-03-11,518.4,595.2,639.12,498.24,203
2020-03-12,576.0,612.0,612.0,508.8,122
2020-03-13,580.8,528.0,624.648,525.624,56
2020-03-16,506.4,492.0,602.4,492.0,111
2020-03-17,460.8,448.8,499.2,427.2,110
2020-03-18,403.2,410.4,448.632,388.8,61
2020-03-19,432.0,453.6,456.0,406.872,27
2020-03-20,475.2,468.0,504.0,458.424,36
2020-03-23,434.16,453.6,487.2,400.8,43
2020-03-24,438.0,480.0,480.0,435.36,27
2020-03-25,463.2,514.8,523.2,444.0,54
2020-03-26,528.0,576.0,576.0,488.4,52
2020-03-27,555.6,580.8,585.6,532.944,36
2020-03-30,588.0,523.2,588.0,480.0,32
2020-03-31,536.4,496.8,536.4,496.8,16
2020-04-01,487.2,580.8,609.6,468.024,18
2020-04-02,501.6,564.0,576.0,501.6,221
2020-04-03,530.4,542.4,559.128,496.8,58
2020-04-06,530.4,585.6,587.712,525.6,47
2020-04-07,576.0,554.4,598.272,554.4,33
2020-04-08,573.6,655.2,700.8,566.424,145
2020-04-09,655.2,643.584,660.0,600.024,29
2020-04-13,672.0,808.8,829.968,604.2,288
2020-04-14,813.6,777.12,909.6,703.2,189
2020-04-15,775.2,852.0,1017.6,770.4,599
2020-04-16,840.0,931.2,960.0,775.2,313
2020-04-17,957.6,828.0,957.6,794.4,200
2020-04-20,852.0,724.8,885.456,720.0,318
2020-04-21,765.6,732.0,771.504,612.0,634
2020-04-22,600.0,600.0,722.424,600.0,355
2020-04-23,660.0,585.6,660.0,573.6,262
2020-04-24,583.2,576.0,619.2,535.2,190
2020-04-27,600.0,576.0,688.8,567.552,266
2020-04-28,573.6,578.64,600.0,552.0,132
2020-04-29,588.0,542.4,611.976,526.44,416
2020-04-30,540.0,516.0,550.8,499.2,306
2020-05-01,516.0,516.0,516.0,482.4,178
2020-05-04,540.0,504.0,540.0,495.936,54
2020-05-05,499.2,499.2,521.856,476.376,426
2020-05-06,516.0,489.6,516.0,478.512,76
2020-05-07,484.8,484.8,562.2,472.8,908
2020-05-08,494.4,516.0,544.776,494.4,930
2020-05-11,552.0,612.0,672.0,516.0,14600
2020-05-12,657.6,638.4,744.0,604.8,10038
2020-05-13,592.8,576.0,638.352,494.4,2923
2020-05-14,552.0,537.6,552.0,470.4,1722
2020-05-15,417.6,400.8,432.0,360.0,4931
2020-05-18,372.0,360.0,390.384,316.8,2655
2020-05-19,360.0,388.8,405.6,360.0,1391
2020-05-20,386.4,376.8,386.4,360.0,971
2020-05-21,372.0,372.0,384.0,360.048,560
2020-05-22,362.4,375.6,381.6,360.0,667
2020-05-26,396.0,410.4,410.4,379.2,1354
2020-05-27,420.0,439.2,456.0,396.0,1582
2020-05-28,453.6,451.2,477.576,424.8,1905
2020-05-29,472.8,458.4,552.0,441.6,2613
2020-06-01,480.0,468.0,484.512,444.0,998
2020-06-02,472.8,487.2,525.6,456.024,1853
2020-06-03,508.8,482.4,532.8,480.0,1640
2020-06-04,484.8,475.2,494.4,458.4,947
2020-06-05,487.2,463.2,487.2,439.2,1660
2020-06-08,482.4,487.2,536.4,458.4,3223
2020-06-09,477.6,477.6,501.6,468.0,775
2020-06-10,480.0,496.8,520.8,470.4,1108
2020-06-11,472.8,441.6,491.952,427.2,1218
2020-06-12,463.2,436.8,468.0,432.0,558
2020-06-15,434.4,436.8,441.12,384.0,812
2020-06-16,444.0,451.2,460.8,422.28,455
2020-06-17,448.8,504.0,540.0,446.424,3314
2020-06-18,504.0,496.8,544.8,475.2,2059
2020-06-19,496.8,470.4,501.6,470.4,601
2020-06-22,475.2,465.6,484.296,441.6,525
2020-06-23,468.0,524.4,597.6,458.4,5808
2020-06-24,504.0,489.6,509.28,470.4,1018
2020-06-25,480.0,499.2,520.8,477.6,772
2020-06-26,487.2,504.0,513.6,472.8,1001
2020-06-29,504.0,496.8,544.8,482.4,1255
2020-06-30,499.2,480.0,504.0,480.0,636
2020-07-01,499.2,487.2,501.6,454.8,950
2020-07-02,484.8,477.6,494.4,460.8,567
2020-07-06,494.4,492.0,514.296,468.0,922
2020-07-07,487.2,487.2,496.8,472.8,370
2020-07-08,477.6,465.6,485.04,465.6,498
2020-07-09,472.8,489.6,492.0,460.8,408
2020-07-10,482.4,472.8,487.2,465.6,441
2020-07-13,465.6,477.6,492.0,463.2,389
2020-07-14,475.2,487.2,561.576,468.0,4351
2020-07-15,487.2,477.6,494.4,472.8,760
2020-07-16,501.6,547.584,549.6,489.6,1846
2020-07-17,559.2,597.6,806.4,535.2,21334
2020-07-20,564.0,480.0,616.8,439.2,5261
2020-07-21,508.8,487.2,563.976,463.2,1573
2020-07-22,487.2,475.2,496.8,470.4,993
2020-07-23,475.2,468.0,484.8,439.2,1060
2020-07-24,472.8,472.8,484.8,453.6,511
2020-07-27,468.0,458.4,479.952,444.0,766
2020-07-28,456.0,436.8,458.4,420.0,964
2020-07-29,436.8,441.6,456.0,432.0,431
2020-07-30,448.8,439.2,451.2,434.4,357
2020-07-31,434.4,432.0,448.8,432.0,432
2020-08-03,432.0,436.8,448.8,432.0,668
2020-08-04,439.2,492.0,501.6,439.2,3975
2020-08-05,468.0,468.0,496.8,456.048,1202
2020-08-06,480.0,499.2,516.0,480.0,1639
2020-08-07,499.2,465.6,499.2,446.4,1442
2020-08-10,470.4,499.2,508.8,458.4,2018
2020-08-11,496.8,460.8,508.8,458.424,1681
2020-08-12,480.0,427.2,525.6,408.0,8358
2020-08-13,400.8,420.0,424.8,400.8,1174
2020-08-14,420.0,424.8,432.0,405.6,723
2020-08-17,424.8,403.2,427.2,398.4,1035
2020-08-18,408.0,403.2,415.2,398.4,498
2020-08-19,400.8,408.0,412.8,386.4,439
2020-08-20,408.0,412.8,427.176,400.8,370
2020-08-21,408.0,396.0,410.4,391.2,386
2020-08-24,393.6,372.0,403.2,364.8,606
2020-08-25,372.0,374.4,381.6,340.8,648
2020-08-26,374.4,357.6,379.2,357.6,273
2020-08-27,362.4,367.2,369.96,348.0,196
2020-08-28,367.2,357.6,374.4,350.4,367
2020-08-31,360.0,343.2,370.752,328.8,736
2020-09-01,328.8,348.0,348.0,328.8,413
2020-09-02,384.0,350.4,384.0,336.0,979
2020-09-03,350.4,364.8,374.4,350.4,359
2020-09-04,364.8,357.6,381.6,331.2,751
2020-09-08,357.6,360.0,364.8,333.6,162
2020-09-09,357.6,360.0,369.6,349.224,386
2020-09-10,372.0,396.0,400.8,360.0,985
2020-09-11,388.8,386.4,398.4,374.4,220
2020-09-14,379.2,381.6,386.4,360.0,62
2020-09-15,374.4,386.4,393.552,374.4,184
2020-09-16,386.4,369.6,386.4,364.8,132
2020-09-17,364.8,381.6,384.0,364.8,259
2020-09-18,379.2,376.8,384.0,372.0,78
2020-09-21,372.0,360.0,372.0,348.0,195
2020-09-22,362.4,360.0,369.6,352.8,92
2020-09-23,364.8,381.6,384.0,357.648,366
2020-09-24,384.0,362.4,384.0,362.4,121
2020-09-25,360.0,381.6,381.6,352.8,253
2020-09-28,444.0,412.8,444.0,381.6,2597
2020-09-29,427.2,436.8,441.6,391.248,1045
2020-09-30,444.0,451.2,463.176,432.0,877
2020-10-01,451.2,422.4,456.0,420.0,341
2020-10-02,408.0,427.2,436.8,391.2,387
2020-10-05,427.2,422.4,448.344,417.6,149
2020-10-06,422.4,508.8,511.2,422.4,1630
2020-10-07,530.4,477.6,530.4,468.0,731
2020-10-08,489.6,481.32,494.4,432.0,548
2020-10-09,484.8,460.8,484.8,458.4,223
2020-10-12,484.8,456.0,495.6,456.0,143
2020-10-13,456.0,451.2,477.6,436.8,91
2020-10-14,463.2,451.2,468.0,446.4,33
2020-10-15,456.0,436.8,456.0,432.0,77
2020-10-16,432.0,439.2,456.0,432.0,106
2020-10-19,439.2,415.2,439.2,408.0,119
2020-10-20,415.2,398.4,424.608,396.0,228
2020-10-21,408.0,417.624,424.8,404.4,107
2020-10-22,427.2,384.0,427.2,360.0,524
2020-10-23,408.0,420.0,768.0,403.2,48091
2020-10-26,408.0,352.8,410.4,333.6,3062
2020-10-27,360.0,348.0,374.112,340.8,834
2020-10-28,336.0,326.4,343.2,319.2,1102
2020-10-29,340.8,350.4,350.4,331.2,399
2020-10-30,348.0,338.4,352.752,331.2,360
2020-11-02,338.4,336.0,343.2,324.0,196
2020-11-03,331.2,336.0,345.6,327.6,325
2020-11-04,333.6,336.0,348.0,326.4,255
2020-11-05,331.2,338.4,343.512,326.4,338
2020-11-06,345.6,336.0,348.0,326.424,512
2020-11-09,340.8,343.2,345.6,328.8,389
2020-11-10,343.2,348.0,352.8,340.8,369
2020-11-11,348.0,338.4,348.0,331.2,494
2020-11-12,336.0,338.4,343.2,331.2,239
2020-11-13,336.0,333.6,342.0,326.4,544
2020-11-16,345.6,336.0,345.624,329.232,353
2020-11-17,336.0,328.8,336.0,326.4,160
2020-11-18,331.2,338.4,340.8,330.048,330
2020-11-19,340.8,345.6,345.6,333.6,159
2020-11-20,343.92,348.0,359.976,340.8,747
2020-11-23,345.6,345.6,345.6,336.0,389
2020-11-24,345.6,356.976,360.0,338.448,653
2020-11-25,360.0,376.032,377.832,355.2,822
2020-11-27,381.6,400.8,412.8,378.0,610
2020-11-30,403.2,386.4,403.2,372.0,363
2020-12-01,391.2,381.6,393.6,379.2,313
2020-12-02,374.4,374.4,381.6,340.8,551
2020-12-03,360.0,374.4,381.6,360.0,250
2020-12-04,369.6,381.6,381.6,364.8,168
2020-12-07,376.8,434.4,470.4,376.8,15116
2020-12-08,388.368,374.4,413.76,362.4,5991
2020-12-09,364.8,352.8,372.0,336.0,2905
2020-12-10,338.4,345.6,352.8,336.336,738
2020-12-11,348.0,343.2,348.0,338.4,660
2020-12-14,348.0,348.0,355.2,340.8,507
2020-12-15,348.0,350.4,352.8,343.2,360
2020-12-16,350.4,352.8,352.8,338.4,341
2020-12-17,348.0,352.8,352.8,344.256,427
2020-12-18,343.2,340.8,352.8,340.8,944
2020-12-21,350.4,384.0,511.2,343.2,28654
2020-12-22,384.0,374.4,385.92,348.0,1833
2020-12-23,369.6,412.8,432.0,369.6,4013
2020-12-24,405.6,396.0,410.4,372.0,1475
2020-12-28,393.6,420.0,480.0,384.768,5073
2020-12-29,420.0,436.8,453.6,400.8,1354
2020-12-30,436.8,417.6,446.712,400.8,1601
2020-12-31,424.8,414.0,424.8,400.8,486
2021-01-04,403.2,408.0,410.4,384.0,861
2021-01-05,400.8,408.0,429.576,396.024,835
2021-01-06,420.0,410.4,446.4,398.4,1419
2021-01-07,410.4,424.8,432.0,410.4,506
2021-01-08,427.2,427.2,453.576,420.0,807
2021-01-11,436.8,456.0,477.6,432.0,1456
2021-01-12,458.4,453.6,471.984,444.0,588
2021-01-13,468.0,451.2,468.0,436.8,602
2021-01-14,458.4,458.4,463.2,441.6,530
2021-01-15,465.6,494.4,494.4,446.4,2797
2021-01-19,487.272,511.2,537.6,480.0,3211
2021-01-20,571.2,520.8,573.6,511.2,4528
2021-01-21,523.2,523.2,556.8,504.0,1828
2021-01-22,528.0,525.6,535.2,504.0,1387
2021-01-25,537.6,544.8,573.6,508.8,2306
2021-01-26,556.8,544.8,571.2,532.464,1798
2021-01-27,540.0,465.6,540.0,444.0,6600
2021-01-28,456.0,456.0,470.4,424.8,3126
2021-01-29,456.0,427.2,458.4,422.376,2129
2021-02-01,429.6,492.0,504.0,427.2,3941
2021-02-02,475.2,463.2,478.56,444.0,1839
2021-02-03,480.0,484.8,516.0,470.4,5452
2021-02-04,499.2,475.2,499.2,463.2,1671
2021-02-05,477.6,501.6,516.0,463.368,2643
2021-02-08,518.4,504.0,528.0,494.4,4017
2021-02-09,528.0,537.6,547.2,508.8,4188
2021-02-10,564.0,516.0,624.0,508.8,9006
2021-02-11,537.6,530.4,564.0,523.2,5948
2021-02-12,571.2,547.2,583.2,530.4,8465
2021-02-16,580.8,513.6,588.0,513.6,7967
2021-02-17,525.6,518.4,549.6,494.4,5491
2021-02-18,535.2,487.2,542.376,468.0,7448
2021-02-19,484.8,489.6,501.6,470.4,4846
2021-02-22,484.8,489.6,513.6,456.0,9063
2021-02-23,453.6,484.8,535.2,434.4,16752
2021-02-24,477.6,484.8,516.0,472.8,6551
2021-02-25,489.6,460.8,489.6,444.0,4548
2021-02-26,446.4,429.6,457.2,391.2,6051
2021-03-01,432.0,439.2,465.6,412.8,4535
2021-03-02,436.8,410.4,446.4,400.8,3298
2021-03-03,412.8,410.4,412.8,386.4,2127
2021-03-04,381.6,357.6,405.6,345.6,4202
2021-03-05,362.4,372.624,379.2,312.0,3455
2021-03-08,393.6,372.0,393.6,360.0,1401
2021-03-09,384.0,400.8,403.2,372.0,4103
2021-03-10,400.8,386.4,405.576,372.0,2313
2021-03-11,396.0,410.4,410.4,379.2,1956
2021-03-12,403.2,412.8,412.8,394.56,1189
2021-03-15,412.8,417.6,424.776,393.6,2015
2021-03-16,412.8,408.0,424.8,396.0,3204
2021-03-17,396.0,410.4,422.4,386.4,1219
2021-03-18,417.6,403.2,424.8,402.528,15549
2021-03-19,729.6,544.8,753.6,535.2,317358
2021-03-22,516.0,477.6,517.488,460.8,22578
2021-03-23,453.168,422.4,463.2,412.8,12131
2021-03-24,456.0,475.2,480.0,432.0,12455
2021-03-25,453.6,472.8,492.0,420.0,8356
2021-03-26,436.8,427.2,451.2,417.6,5828
2021-03-29,429.6,412.8,453.6,410.4,3810
2021-03-30,399.6,376.8,405.6,372.0,4795
2021-03-31,376.8,398.4,404.4,374.4,2806
2021-04-01,391.2,441.6,446.4,388.8,2469
2021-04-05,441.6,417.6,441.6,408.0,2633
2021-04-06,408.0,420.0,427.2,408.0,1318
2021-04-07,415.2,405.6,423.72,400.8,1356
2021-04-08,405.6,420.0,424.8,403.2,1674
2021-04-09,422.4,405.6,422.4,391.2,1904
2021-04-12,403.2,376.8,403.2,374.4,1666
2021-04-13,372.0,379.2,381.24,360.0,1523
2021-04-14,374.4,376.8,388.536,370.728,1001
2021-04-15,381.6,360.0,381.6,360.0,1147
2021-04-16,360.0,352.8,365.28,344.4,1941
2021-04-19,350.4,372.0,374.4,340.8,1127
2021-04-20,376.8,345.6,376.8,338.4,2057
2021-04-21,340.8,369.6,381.6,339.864,1209
2021-04-22,375.576,384.0,391.416,364.8,922
2021-04-23,386.4,386.4,393.6,379.2,590
2021-04-26,391.2,393.6,400.8,386.4,710
2021-04-27,396.0,393.6,398.4,384.0,458
2021-04-28,388.8,400.8,410.4,384.768,1090
2021-04-29,396.0,386.4,400.704,381.6,723
2021-04-30,388.8,374.4,392.544,372.0,726
2021-05-03,381.6,381.6,386.4,374.4,424
2021-05-04,384.0,364.8,384.0,355.2,891
2021-05-05,362.4,374.4,398.4,360.0,2830
2021-05-06,369.6,360.0,384.0,355.2,1038
2021-05-07,360.0,367.2,375.6,360.0,399
2021-05-10,367.2,364.8,377.928,357.6,819
2021-05-11,364.8,369.6,376.776,355.2,1053
2021-05-12,367.2,360.0,374.4,357.6,1077
2021-05-13,357.6,367.2,372.0,343.152,1279
2021-05-14,352.8,340.8,364.824,340.8,1463
2021-05-17,348.0,357.6,360.0,340.8,1253
2021-05-18,360.0,388.8,393.6,355.2,1402
2021-05-19,372.0,382.872,393.6,364.8,587
2021-05-20,381.6,388.8,393.6,369.96,1331
2021-05-21,388.8,388.8,396.0,381.6,733
2021-05-24,396.0,381.6,396.0,379.2,419
2021-05-25,376.8,369.6,388.8,369.6,1136
2021-05-26,367.2,376.8,384.0,367.2,515
2021-05-27,374.4,391.2,398.4,374.4,800
2021-05-28,391.2,388.8,398.4,381.6,611
2021-06-01,393.6,403.2,410.4,388.8,1232
2021-06-02,405.6,400.8,408.0,388.8,1205
2021-06-03,398.4,408.0,410.4,393.6,1232
2021-06-04,410.4,410.4,417.6,403.2,1099
2021-06-07,415.2,412.8,417.6,405.6,643
2021-06-08,412.8,410.4,418.944,405.6,785
2021-06-09,417.6,427.2,429.6,410.4,1205
2021-06-10,427.2,444.0,446.4,422.4,1356
2021-06-11,456.0,434.4,456.0,424.8,1040
2021-06-14,439.2,420.0,443.304,415.2,813
2021-06-15,420.0,408.0,422.4,404.208,787
2021-06-16,408.0,400.8,410.4,398.4,772
2021-06-17,398.4,391.2,412.8,391.2,331
2021-06-18,393.6,381.6,400.8,381.6,602
2021-06-21,391.2,374.4,396.0,360.0,905
2021-06-22,367.2,376.8,386.4,362.4,513
2021-06-23,374.4,369.6,384.0,364.8,879
2021-06-24,376.8,381.6,384.0,374.4,277
2021-06-25,376.8,398.4,400.8,376.8,1084
2021-06-28,410.4,393.6,415.2,384.0,1214
2021-06-29,388.8,386.4,400.8,384.0,664
2021-06-30,393.6,386.4,393.6,384.0,660
2021-07-01,384.0,396.0,410.376,379.224,3300
2021-07-02,386.4,367.2,391.2,367.2,1137
2021-07-06,410.4,422.4,460.8,395.088,12010
2021-07-07,429.6,388.8,429.6,384.0,3835
2021-07-08,384.0,396.0,410.4,379.2,2121
2021-07-09,405.6,408.0,410.4,396.0,1022
2021-07-12,412.8,405.6,415.176,400.8,950
2021-07-13,396.0,393.6,400.8,388.8,681
2021-07-14,391.2,379.2,397.2,372.0,932
2021-07-15,386.4,379.2,387.888,372.0,621
2021-07-16,384.0,376.8,386.4,376.8,184
2021-07-19,372.0,379.2,381.6,362.4,796
2021-07-20,374.4,384.0,392.4,374.4,527
2021-07-21,381.6,384.0,398.4,381.6,574
2021-07-22,379.2,379.2,384.552,374.4,407
2021-07-23,364.8,369.6,384.0,364.8,529
2021-07-26,372.0,375.648,384.0,367.2,264
2021-07-27,372.0,362.4,376.8,362.4,452
2021-07-28,362.4,364.8,372.0,362.4,379
2021-07-29,367.2,364.8,372.048,362.4,241
2021-07-30,362.4,364.8,372.0,362.4,386
2021-08-02,362.4,369.6,379.2,362.4,238
2021-08-03,367.2,362.4,367.2,362.4,372
2021-08-04,362.4,357.6,364.8,352.8,578
2021-08-05,357.6,369.6,376.8,350.4,845
2021-08-06,367.2,384.0,391.2,364.8,616
2021-08-09,379.2,381.6,384.0,372.0,355
2021-08-10,386.4,376.8,391.2,369.6,370
2021-08-11,372.0,369.6,384.0,367.2,359
2021-08-12,372.0,369.624,373.2,362.4,535
2021-08-13,379.2,369.6,379.2,360.0,651
2021-08-16,362.4,362.4,369.6,360.0,519
2021-08-17,362.4,364.8,366.96,352.8,756
2021-08-18,362.4,360.0,372.024,352.8,855
2021-08-19,369.6,400.8,417.6,368.4,5187
2021-08-20,396.0,396.0,400.8,381.6,1374
2021-08-23,391.2,417.6,434.4,388.8,2115
2021-08-24,412.8,424.8,434.4,403.2,909
2021-08-25,427.2,432.0,441.6,422.4,1382
2021-08-26,432.0,393.6,439.2,391.2,1355
2021-08-27,398.4,388.8,424.8,388.8,808
2021-08-30,386.4,398.4,400.8,386.4,259
2021-08-31,396.0,415.2,415.2,396.0,577
2021-09-01,408.0,403.2,417.6,400.8,207
2021-09-02,403.2,405.6,415.2,398.4,537
2021-09-03,405.6,405.6,410.4,401.184,205
2021-09-07,405.6,405.6,415.2,396.0,260
2021-09-08,405.6,396.0,405.6,391.2,257
2021-09-09,400.8,412.8,427.2,400.8,554
2021-09-10,403.2,408.0,417.36,400.8,542
2021-09-13,405.96,410.4,417.6,398.736,206
2021-09-14,408.0,393.6,410.064,393.6,286
2021-09-15,393.6,381.6,395.712,372.0,392
2021-09-16,379.2,379.2,389.184,374.4,292
2021-09-17,384.0,396.0,396.0,376.8,290
2021-09-20,381.6,374.4,396.0,369.6,397
2021-09-21,376.8,374.4,381.6,369.6,214
2021-09-22,374.4,372.0,384.0,364.8,1220
2021-09-23,372.0,372.0,374.376,368.304,164
2021-09-24,369.6,374.4,379.2,369.6,221
2021-09-27,376.8,376.8,388.8,372.0,584
2021-09-28,372.0,372.0,380.4,372.0,196
2021-09-29,372.0,362.4,376.44,362.4,448
2021-09-30,364.8,362.4,369.6,360.0,270
2021-10-01,367.2,362.4,378.768,360.0,145
2021-10-04,374.4,357.6,374.4,355.2,216
2021-10-05,362.4,360.0,365.016,355.2,187
2021-10-06,359.976,364.8,364.8,352.8,250
2021-10-07,367.2,357.6,367.2,355.2,355
2021-10-08,361.56,355.2,362.4,350.4,281
2021-10-11,350.4,356.4,360.0,350.4,370
2021-10-12,357.6,357.6,357.6,352.8,157
2021-10-13,352.992,355.2,357.6,350.4,138
2021-10-14,355.2,357.6,357.6,350.4,275
2021-10-15,357.6,355.2,357.6,352.8,88
2021-10-18,355.2,361.752,364.8,350.4,324
2021-10-19,364.8,372.0,372.0,355.824,187
2021-10-20,367.2,364.8,372.0,358.464,87
2021-10-21,362.4,362.4,374.376,357.6,160
2021-10-22,358.104,355.488,367.2,355.2,132
2021-10-25,355.2,350.4,357.6,343.2,430
2021-10-26,343.2,355.2,362.4,341.088,20190
2021-10-27,355.2,367.2,381.576,345.6,5194
2021-10-28,360.0,355.2,379.2,350.4,1252
2021-10-29,357.6,352.8,364.8,352.8,454
2021-11-01,352.8,364.8,368.4,350.4,610
2021-11-02,360.0,364.8,364.8,360.0,285
2021-11-03,364.8,362.4,374.4,360.12,503
2021-11-04,362.4,369.6,374.4,362.4,299
2021-11-05,364.8,379.2,386.4,360.0,626
2021-11-08,372.0,391.2,404.4,372.0,1171
2021-11-09,396.0,396.0,399.096,377.04,307
2021-11-10,384.0,372.0,396.0,372.0,852
2021-11-11,364.8,379.2,388.8,364.8,497
2021-11-12,376.8,379.2,379.2,366.288,188
2021-11-15,374.4,376.8,379.2,372.0,168
2021-11-16,376.8,372.0,376.8,360.0,334
2021-11-17,367.2,360.0,373.92,359.976,752
2021-11-18,364.8,338.4,364.8,338.4,1485
2021-11-19,343.2,331.2,345.6,326.4,612
2021-11-22,338.4,324.0,338.4,316.8,984
2021-11-23,324.0,312.0,324.0,312.0,598
2021-11-24,312.0,319.2,324.0,307.2,701
2021-11-26,319.2,312.0,321.264,307.2,437
2021-11-29,312.0,300.0,314.4,300.0,460
2021-11-30,302.4,297.6,304.8,295.2,479
2021-12-01,297.6,285.6,304.8,285.6,517
2021-12-02,283.2,268.8,288.0,266.4,894
2021-12-03,268.8,252.0,268.8,237.6,1975
2021-12-06,249.6,247.176,256.8,242.4,485
2021-12-07,249.6,242.4,256.8,239.4,987
2021-12-08,242.4,247.2,254.4,242.4,747
2021-12-09,249.6,261.6,278.4,247.224,1841
2021-12-10,261.6,254.4,266.4,254.4,450
2021-12-13,259.2,254.4,261.6,247.2,220
2021-12-14,252.0,261.6,261.6,244.8,347
2021-12-15,252.0,249.6,256.8,244.8,847
2021-12-16,252.0,252.0,256.776,247.224,398
2021-12-17,247.2,252.0,252.0,244.8,187
2021-12-20,247.2,249.6,249.6,240.0,208
2021-12-21,244.8,247.2,249.6,237.6,773
2021-12-22,249.6,252.0,261.6,249.6,926
2021-12-23,249.6,252.0,256.8,239.952,601
2021-12-27,244.8,247.2,254.4,244.8,585
2021-12-28,242.4,246.96,254.4,242.4,958
2021-12-29,242.4,225.168,249.6,225.12,754
2021-12-30,234.264,240.0,244.8,225.432,594
2021-12-31,242.4,234.912,242.4,233.04,576
2022-01-03,235.08,247.2,259.176,234.504,725
2022-01-04,244.8,244.8,249.576,242.4,235
2022-01-05,244.8,242.4,248.4,240.768,442
2022-01-06,237.6,247.2,247.248,233.208,466
2022-01-07,244.8,244.8,244.8,238.824,164
2022-01-10,240.072,232.824,240.072,228.02424,423
2022-01-11,228.0,235.44,237.576,222.312,110
2022-01-12,237.576,240.0,242.4,232.80024,238
2022-01-13,242.4,242.4,244.776,235.224,310
2022-01-14,233.76,237.552,240.0,233.76,127
2022-01-18,235.2,229.68,238.296,229.32,122
2022-01-19,228.0,237.264,237.576,223.68,269
2022-01-20,235.176,231.24,239.976,228.528,302
2022-01-21,231.24,216.0,231.24,216.0,830
2022-01-24,213.6,206.4,213.6,188.088,621
2022-01-25,220.8,210.072,220.8,210.072,616
2022-01-26,218.4,223.176,237.6,216.048,613
2022-01-27,223.2,211.2,224.16,206.4,355
2022-01-28,207.264,213.6,213.744,201.624,258
2022-01-31,213.576,228.0,228.72,213.576,110
2022-02-01,228.0,224.784,230.4,223.2,266
2022-02-02,225.6,221.808,227.976,213.6,219
2022-02-03,218.856,216.72,225.57576,216.0,107
2022-02-04,223.2,220.8,223.2,213.6,206
2022-02-07,220.8,225.57576,225.6,216.072,82
2022-02-08,223.2,224.952,231.6,216.0,289
2022-02-09,228.0,229.224,235.56,227.52,101
2022-02-10,232.8,231.984,234.40008,228.024,98
2022-02-11,232.8,219.384,232.896,216.0,532
2022-02-14,219.6,196.512,219.6,194.448,1238
2022-02-15,196.8,207.24,211.44,196.8,416
2022-02-16,211.2,197.808,211.2,192.0,365
2022-02-17,198.744,196.536,199.68,192.024,95
2022-02-18,196.8,196.32,200.112,186.648,307
2022-02-22,196.8,192.0,196.8,175.632,367
2022-02-23,192.552,184.8,192.552,177.60024,142
2022-02-24,180.024,179.76,182.4,170.448,513
2022-02-25,184.8,183.048,187.2,174.0,315
2022-02-28,180.81864,183.6,189.6,180.81864,105
2022-03-01,184.776,181.2,184.8,171.576,223
2022-03-02,184.8,180.864,188.928,171.576,467
2022-03-03,184.8,184.8,184.8,180.0,42
2022-03-04,184.8,176.64,186.36,176.496,184
2022-03-07,172.8,172.8,175.2,171.636,132
2022-03-08,172.776,172.8,172.8,162.168,475
2022-03-09,170.4,192.0,192.0,170.4,556
2022-03-10,186.24,225.552,276.0,180.26424,12685
2022-03-11,213.6,177.168,215.952,162.768,2887
2022-03-14,176.832,166.104,177.6,165.72,451
2022-03-15,160.8,159.36,170.64,151.32,710
2022-03-16,163.2,163.92,166.224,154.26744,564
2022-03-17,163.2,172.824,172.824,158.42424,301
2022-03-18,172.8,177.864,180.0,171.912,387
2022-03-21,177.864,172.8,184.8,170.4,575
2022-03-22,190.08,199.656,254.4,180.0,23271
2022-03-23,199.68,183.048,201.312,179.04,1715
2022-03-24,186.0,181.92,186.72,177.792,590
2022-03-25,182.664,175.2,186.72,170.472,446
2022-03-28,175.2,184.728,191.952,175.2,980
2022-03-29,181.032,184.8,191.952,181.032,939
2022-03-30,183.528,177.6,183.528,175.2,882
2022-03-31,184.8,175.2,187.968,175.2,412
2022-04-01,177.72,170.4,180.0,168.72672,270
2022-04-04,180.0,178.608,189.6,170.4,1364
2022-04-05,176.808,171.312,179.976,170.4,274
2022-04-06,177.408,168.048,177.408,163.44,174
2022-04-07,168.0,164.208,170.4,160.8,173
2022-04-08,163.824,162.936,172.44,162.744,282
2022-04-11,162.936,154.68,163.2,153.6,597
2022-04-12,156.0,152.904,159.84,152.85576,453
2022-04-13,158.256,165.096,168.0,156.0,675
2022-04-14,165.12,162.336,165.12,158.424,83
2022-04-18,165.12,165.12,165.12,156.48,151
2022-04-19,165.6,165.6,168.0,159.82776,385
2022-04-20,167.28,162.12,167.28,161.088,87
2022-04-21,168.0,153.816,168.0,153.6,95
2022-04-22,154.08,153.72,155.4,151.296,158
2022-04-25,152.4,163.152,167.68776,151.2,133
2022-04-26,163.2,152.4,163.2,151.2,172
2022-04-27,151.92,148.77576,157.8,146.664,155
2022-04-28,163.2,158.4,163.2,148.752,256
2022-04-29,165.6,163.944,165.6,155.424,261
2022-05-02,157.224,163.2,163.2,153.624,99
2022-05-03,156.0,147.12,156.0,144.24,430
2022-05-04,146.4,152.04,154.224,145.416,116
2022-05-05,151.2,144.528,151.2,144.024,87
2022-05-06,144.024,136.8,144.024,134.4,283
2022-05-09,130.896,122.4,137.04,121.70424,336
2022-05-10,122.4,124.8,127.776,121.2,168
2022-05-11,122.66424,124.00752,127.776,122.66424,69
2022-05-12,121.224,123.36,129.576,100.824,296
2022-05-13,104.856,120.0,128.832,93.048,311
2022-05-16,127.2,122.424,128.38776,120.984,131
2022-05-17,123.576,121.656,123.576,111.816,274
2022-05-18,121.824,114.12,121.92,112.872,91
2022-05-19,117.72,120.264,121.752,117.72,51
2022-05-20,115.176,115.224,120.0,110.4,60
2022-05-23,117.62424,117.84,119.304,115.9608,79
2022-05-24,113.112,118.488,120.0,112.8,112
2022-05-25,113.04,120.66024,127.2,113.04,279
2022-05-26,114.0,115.2,122.304,114.0,286
2022-05-27,119.976,118.272,120.0,110.64,174
2022-05-31,116.688,119.016,119.52,113.976,114
2022-06-01,122.4,122.4,124.8,119.016,181
2022-06-02,119.016,121.608,124.056,119.016,59
2022-06-03,124.8,123.84,126.1176,121.60824,133
2022-06-06,127.2,129.96,130.584,125.448,34
2022-06-07,129.6,129.6,134.808,124.8,92
2022-06-08,132.0,130.35624,134.4,129.6,93
2022-06-09,132.648,125.28,132.648,125.28,49
2022-06-10,125.28,122.4,126.48,117.6,73
2022-06-13,127.2,119.61264,127.2,117.6,41
2022-06-14,117.624,120.888,138.696,112.944,153
2022-06-15,132.0,132.0,136.8,120.648,281
2022-06-16,134.4,134.256,135.744,126.384,95
2022-06-17,134.4,124.728,134.4,113.568,121
2022-06-21,124.8,118.08,128.616,115.2,115
2022-06-22,116.448,115.2,128.8776,115.2,38
2022-06-23,120.0,121.776,128.4,116.4,57
2022-06-24,122.4,128.208,128.208,116.472,98
2022-06-27,128.208,141.6,141.6,128.208,190
2022-06-28,134.952,139.152,141.6,134.4,118
2022-06-29,141.12,129.456,143.952,117.6,309
2022-06-30,122.616,126.576,128.328,120.888,68
2022-07-01,130.8,132.576,133.536,126.984,31
2022-07-05,129.6,121.56,133.63176,117.696,145
2022-07-06,131.16,131.328,136.8,129.88824,83
2022-07-07,131.328,123.504,136.8,117.6,386
2022-07-08,123.504,127.704,130.68,123.504,20
2022-07-11,127.704,125.208,132.0,122.4,59
2022-07-12,122.568,122.4,129.552,117.36,41
2022-07-13,120.288,124.8,124.848,120.288,48
2022-07-14,123.23208,124.8,124.8,122.42424,13
2022-07-15,122.4,124.824,124.824,122.4,20
2022-07-18,127.2,123.336,131.99976,122.4,76
2022-07-19,122.44824,127.104,132.0,122.44824,41
2022-07-20,127.2,120.0,127.248,120.0,79
2022-07-21,120.0,116.736,125.4,116.376,134
2022-07-22,122.4,122.808,132.0,122.4,204
2022-07-25,122.688,127.056,129.6,122.688,45
2022-07-26,124.824,120.12,127.056,120.12,42
2022-07-27,120.80424,120.0,129.6,120.0,109
2022-07-28,121.15416,125.304,129.6,120.0,67
2022-07-29,124.536,129.192,129.192,121.32,62
2022-08-01,128.184,146.4,148.776,128.184,646
2022-08-02,151.2,151.2,154.8,136.8,284
2022-08-03,154.56,156.504,160.8,148.944,319
2022-08-04,163.2,162.168,172.8,156.0,396
2022-08-05,168.0,161.712,168.0,158.4,98
2022-08-08,158.4,163.2,165.216,156.36024,199
2022-08-09,163.44,158.424,172.8,156.048,139
2022-08-10,153.6,159.36024,168.0,153.6,144
2022-08-11,168.0,165.168,175.2,161.232,382
2022-08-12,160.8,144.0,160.824,141.38424,557
2022-08-15,146.376,136.872,148.776,134.64,436
2022-08-16,133.2,132.0,138.96,132.0,39
2022-08-17,133.788,129.36,135.456,120.0,265
2022-08-18,131.328,129.576,132.0,122.4,319
2022-08-19,138.96,126.552,138.96,124.8,91
2022-08-22,126.624,129.6,134.376,124.824,75
2022-08-23,134.37576,136.56,136.776,133.188,57
2022-08-24,134.376,137.808,138.96,129.648,157
2022-08-25,136.8,134.4,141.72,132.0,100
2022-08-26,133.32,134.39976,134.4,132.576,18
2022-08-29,134.4,135.12,135.12,120.6,105
2022-08-30,128.304,132.288,139.176,128.304,80
2022-08-31,125.424,134.4,139.2,125.424,81
2022-09-01,139.176,120.0,139.176,115.992,205
2022-09-02,122.4,115.2,122.4,114.77976,119
2022-09-06,111.94416,111.6,117.6732,111.6,65
2022-09-07,114.0,108.0,120.47976,108.0,205
2022-09-08,109.2,108.648,113.76024,108.648,43
2022-09-09,108.048,108.0,113.472,93.144,857
2022-09-12,111.552,103.32,111.552,102.6,93
2022-09-13,102.264,105.312,107.4,102.24,52
2022-09-14,105.312,100.752,107.976,98.64,151
2022-09-15,105.768,106.26648,110.16,100.824,266
2022-09-16,105.6,103.2,105.6,98.64,118
2022-09-19,100.8,100.8,100.824,93.6,407
2022-09-20,100.8,99.52776,100.8,93.624,35
2022-09-21,96.192,103.2,103.2,96.02424,35
2022-09-22,98.4,93.6,98.424,84.0,215
2022-09-23,96.0,93.0,96.0,85.776,71
2022-09-26,84.0,88.392,97.704,84.0,73
2022-09-27,84.86376,102.96,102.96,80.928,94
2022-09-28,94.848,97.44,97.44,91.2,77
2022-09-29,91.20024,94.008,97.08,91.2,41
2022-09-30,92.32824,84.12,96.312,84.0,129
2022-10-03,79.92,88.08,102.9576,79.92,545
2022-10-04,91.2,91.512,93.672,88.8,83
2022-10-05,93.672,86.424,93.672,84.81624,48
2022-10-06,82.104,85.752,87.84,82.104,84
2022-10-07,88.83576,76.08,93.6,75.984,86
2022-10-10,76.8,76.08,77.616,76.08,247
2022-10-11,73.728,67.2,73.728,64.7136,272
2022-10-12,69.576,61.2,69.576,61.2,458
2022-10-13,60.12,60.144,66.01224,60.12,240
2022-10-14,59.976,61.2,71.376,59.976,172
2022-10-17,55.32,57.6,68.112,55.32,231
2022-10-18,68.112,55.68,68.112,52.524,3409
2022-10-19,84.0,81.6,134.4,74.4,165169
2022-10-20,73.704,67.2,81.768,62.64,6203
2022-10-21,66.0,54.072,66.0,19.104,9305
2022-10-24,54.048,51.144,54.048,40.8,2097
2022-10-25,43.2,45.024,47.376,36.48,3976
2022-10-26,43.44,44.712,51.576,42.0,2649
2022-10-27,45.384,42.96,47.16,42.024,856
2022-10-28,41.736,40.344,44.664,38.4,1445
2022-10-31,48.0,41.76,48.912,40.8,958
2022-11-01,40.8,42.264,44.16,40.8,1178
2022-11-02,43.08,42.74376,43.8,40.824,693
2022-11-03,43.08,38.724,43.08,37.224,693
2022-11-04,37.2,38.76,40.2,37.2,337
2022-11-07,41.28,42.528,45.6,41.28,578
2022-11-08,42.528,37.2,43.08,33.6,1167
2022-11-09,36.0,37.776,38.4,32.4,380
2022-11-10,35.568,35.736,38.50176,34.104,302
2022-11-11,40.776,37.656,40.776,35.736,659
2022-11-14,37.656,34.44,41.04,33.6,1007
2022-11-15,36.0,46.776,92.616,34.08,218842
2022-11-16,46.8,39.0,47.88,28.5612,47559
2022-11-17,32.88,35.4,36.9612,32.04,8092
2022-11-18,34.08,36.36,36.6,31.452,5622
2022-11-21,34.2,34.14,35.2764,32.64,3100
2022-11-22,34.68,39.12,41.16,32.0568,10024
2022-11-23,40.68,38.28,40.9068,36.72,5283
2022-11-25,38.28,38.4,39.12,37.44,706
2022-11-28,38.28,34.8,40.0788,34.56,4028
2022-11-29,37.56,37.8,39.12,34.8,3649
2022-11-30,37.56,34.8,37.74,34.44,1361
2022-12-01,35.4,35.16,36.5568,34.92,929
2022-12-02,35.1612,36.48,42.12,35.1612,5508
2022-12-05,37.92,37.32,37.92,36.0084,1631
2022-12-06,36.96,33.0,40.5588,32.16,4307
2022-12-07,32.1,31.08,32.94,29.28,4048
2022-12-08,30.24,28.92,30.84,28.7676,1285
2022-12-09,29.16,30.4332,30.8712,29.1396,734
2022-12-12,29.52,29.82,30.84,29.52,1004
2022-12-13,30.6,34.2,40.8,30.0,25606
2022-12-14,32.04,32.46,32.7,29.5212,1501
2022-12-15,31.32,35.04,37.92,31.278,4396
2022-12-16,35.04,31.68,36.12,31.2,3270
2022-12-19,33.48,34.2,35.8548,32.1,3089
2022-12-20,33.36,33.72,33.84,30.84,1029
2022-12-21,33.6,33.48,34.728,31.8012,266
2022-12-22,33.84,32.88,34.908,32.6448,264
2022-12-23,33.0984,34.2,37.3104,33.0,2666
2022-12-27,35.16,33.6,35.4,33.6,1033
2022-12-28,36.0,31.7988,36.0,30.8148,1462
2022-12-29,30.9768,33.924,34.92,30.9768,835
2022-12-30,33.84,37.08,37.44,32.682,3047
2023-01-03,36.96,40.2,49.2,36.48,10104
2023-01-04,42.12,35.76,42.48,32.52,4932
2023-01-05,34.08,36.84,39.6,34.08,1874
2023-01-06,39.48,39.5988,40.1364,37.1412,913
2023-01-09,39.72,47.04,49.8,39.42,9274
2023-01-10,48.72,52.8,55.68,44.7072,7753
2023-01-11,55.8,51.48,55.8,48.24,2570
2023-01-12,49.92,50.4,51.24,48.72,706
2023-01-13,50.16,55.08,55.1988,50.16,1301
2023-01-17,55.2,54.96,59.5104,53.52,3601
2023-01-18,54.12,41.88,57.0,41.16,3782
2023-01-19,44.16,46.92,47.7972,43.9044,1482
2023-01-20,47.4744,46.92,47.64,45.0,1035
2023-01-23,44.16,46.2,46.44,44.16,1680
2023-01-24,46.26,46.32,51.0,46.2,1301
2023-01-25,45.48,47.64,48.36,45.48,610
2023-01-26,47.82,47.0328,48.33,45.84,323
2023-01-27,46.92,48.48,49.68,46.92,369
2023-01-30,48.96,48.0,49.6788,47.0064,409
2023-01-31,45.96,45.96,50.448,45.72,1025
2023-02-01,45.6,46.8,47.76,44.16,898
2023-02-02,46.68,48.72,51.354,46.56,1294
2023-02-03,50.46,50.52,53.04,49.92,3519
2023-02-06,53.16,53.4,80.952,45.72,171069
2023-02-07,54.0,44.4,54.6,39.84,99075
2023-02-08,42.96,37.2,46.8,37.2,202863
2023-02-09,36.96,31.68,36.96,30.24,45253
2023-02-10,30.72,27.48,34.2312,27.12,27749
2023-02-13,27.84,27.0,30.96,26.4876,50303
2023-02-14,27.0,24.24,29.76,22.92,26391
2023-02-15,25.08,25.8,26.4,22.92,8794
2023-02-16,25.8,26.04,27.36,25.08,10572
2023-02-17,25.8,25.44,26.4,24.0,6512
2023-02-21,26.16,23.52,26.16,22.68,9675
2023-02-22,23.28,23.3016,24.24,22.08,7801
2023-02-23,24.36,23.64,24.36,22.8,4829
2023-02-24,23.4,23.22,23.7588,22.2012,6145
2023-02-27,23.28,25.56,27.0,22.44,19936
2023-02-28,26.76,25.32,26.9988,24.84,11038
2023-03-01,25.44,25.08,25.8,24.36,3307
2023-03-02,24.36,24.84,25.0788,23.4,5678
2023-03-03,24.72,24.9612,25.56,24.12,2589
2023-03-06,24.6,22.8,25.4844,22.44,6024
2023-03-07,22.08,23.04,23.28,21.6,4723
2023-03-08,23.04,20.94,23.04,20.64,8152
2023-03-09,20.64,19.5252,21.0,19.2,7662
2023-03-10,19.32,19.2,19.5648,18.24,4333
2023-03-13,18.72,18.24,19.3188,17.76,4724
2023-03-14,18.72,21.72,25.0044,18.36,20019
2023-03-15,19.92,23.04,23.3928,19.8912,3004
2023-03-16,23.4,22.5936,23.4,21.12,2382
2023-03-17,22.8,20.16,22.8,19.32,7105
2023-03-20,21.6,19.08,21.6,18.6,3977
2023-03-21,18.72,20.52,20.64,18.6096,3782
2023-03-22,21.36,22.56,25.35,20.28,36652
2023-03-23,21.72,17.64,21.96,17.16,21492
2023-03-24,17.04,17.52,17.88,16.56,5108
2023-03-27,17.7,16.2,17.7,15.72,4680
2023-03-28,16.32,15.96,16.56,15.96,1293
2023-03-29,16.68,18.24,20.28,16.1484,17707
2023-03-30,18.0,17.88,18.36,17.4,4749
2023-03-31,17.8788,17.88,18.24,17.4,4139
2023-04-03,17.88,18.36,19.4388,17.58,3926
2023-04-04,18.0,18.48,19.08,18.0,3196
2023-04-05,22.2,21.72,29.04,19.32,474995
2023-04-06,21.48,20.4012,22.44,19.32,27716
2023-04-10,20.4,15.6,24.0,14.88,91010
2023-04-11,14.76,13.92,14.76,12.24,28075
2023-04-12,15.12,16.56,16.8,13.9212,17773
2023-04-13,15.84,15.6,16.2,14.76,7846
2023-04-14,15.6,15.12,16.4388,14.64,7891
2023-04-17,14.76,15.24,16.08,14.76,8048
2023-04-18,15.24,18.48,19.44,14.76,53520
2023-04-19,19.32,18.12,20.28,17.9988,32679
2023-04-20,18.2568,16.68,18.8796,16.302,15423
2023-04-21,16.6884,17.16,18.5988,16.5612,8305
2023-04-24,17.04,15.24,17.64,15.24,9449
2023-04-25,15.48,15.48,16.44,15.3792,3886
2023-04-26,15.72,15.0,15.84,14.472,2980
2023-04-27,14.76,14.16,15.5052,13.68,6475
2023-04-28,13.8,14.16,15.12,13.32,5610
2023-05-01,14.4,14.52,14.76,14.16,3576
2023-05-02,14.16,15.84,18.24,13.8,29579
2023-05-03,16.08,15.84,18.6,15.3612,18130
2023-05-04,16.2,15.24,16.4244,15.012,3540
2023-05-05,15.0,15.6,16.4508,15.0,4437
2023-05-08,17.16,16.08,19.2,15.84,23365
2023-05-09,16.08,15.96,16.8108,15.12,3777
2023-05-10,15.48,16.56,16.8984,15.24,5915
2023-05-11,16.56,17.16,17.52,15.96,3367
2023-05-12,14.64,15.54,16.32,14.4,2557
2023-05-15,15.12,16.44,16.68,15.12,1460
2023-05-16,16.7328,15.96,16.7928,15.6252,1969
2023-05-17,15.36,15.84,16.44,15.36,745
2023-05-18,16.44,15.84,16.44,15.4812,2541
2023-05-19,16.4388,15.72,17.3988,15.36,9794
2023-05-22,15.96,16.08,16.212,15.24,1540
2023-05-23,15.96,15.0,15.96,14.88,2921
2023-05-24,15.0,16.56,16.68,14.28,2698
2023-05-25,15.96,15.6,16.44,15.6,1096
2023-05-26,16.08,15.24,16.08,15.0012,936
