2021-03-12,94.7,100.0,104.9,78.4,110895
2021-03-15,109.0,111.8,117.9,104.0,218053
2021-03-16,111.8,108.5,113.2,96.5,63179
2021-03-17,106.0,109.9,109.9,103.7,15079
2021-03-18,109.8,103.6,109.8,103.0,13631
2021-03-19,102.1,108.5,108.5,102.1,8217
2021-03-22,108.5,108.0,112.399,107.001,11047
2021-03-23,105.0,102.3,108.9,101.87,10761
2021-03-24,102.3,94.9,106.171,93.6,14526
2021-03-25,95.0,91.2,95.99,90.0,9296
2021-03-26,91.8,90.1,93.1,88.8,9609
2021-03-29,92.9,97.5,99.2,92.9,9805
2021-03-30,99.9,96.2,99.9,95.1,11183
2021-03-31,96.7,93.3,96.7,93.0,6089
2021-04-01,95.2,93.4,96.2,90.4,5640
2021-04-05,99.0,96.5,99.2,95.2,5041
2021-04-06,97.0,97.2,97.9,95.0,3164
2021-04-07,97.0,93.7,97.15,93.6,3495
2021-04-08,96.3,95.1,96.335,94.0,1727
2021-04-09,97.0,95.9,97.599,95.1,2642
2021-04-12,95.9,92.3,95.9,90.9,4160
2021-04-13,93.3,89.0,93.3,88.8,3474
2021-04-14,91.0,85.6,91.0,84.0,7853
2021-04-15,87.7,83.9,88.306,83.9,4104
2021-04-16,85.0,88.7,89.2,83.7,3837
2021-04-19,89.8,83.4,89.8,83.0,4609
2021-04-20,84.0,82.0,86.223,80.5,6427
2021-04-21,80.8,78.8,81.0,75.5,8059
2021-04-22,77.0,77.0,81.3,76.3,6499
2021-04-23,78.0,77.7,78.0,76.1,3035
2021-04-26,81.1,83.057,84.3,79.216,4820
2021-04-27,85.0,86.9,88.0,84.3,2973
2021-04-28,87.0,84.253,87.2,82.9,4502
2021-04-29,86.0,92.9,92.9,82.801,1896
2021-04-30,90.3,86.2,90.3,84.98,2344
2021-05-03,87.0,81.7,87.0,80.967,4981
2021-05-04,78.6,78.0,78.9,76.5,5077
2021-05-05,79.0,77.7,80.8,77.15,3484
2021-05-06,79.7,79.5,81.7,77.801,2509
2021-05-07,81.5,82.4,83.7,81.292,2736
2021-05-10,81.1,78.1,83.5,76.6,4939
2021-05-11,76.0,74.0,77.5,72.3,9867
2021-05-12,75.7,73.3,76.0,72.6,2211
2021-05-13,72.9,74.8,74.8,71.2,3328
2021-05-14,76.4,74.742,76.4,72.9,964
2021-05-17,74.7,75.6,75.6,72.11,926
2021-05-18,77.2,76.0,77.205,76.0,1836
2021-05-19,75.7,76.5,76.5,72.1,1913
2021-05-20,76.1,74.458,76.1,74.282,1974
2021-05-21,76.5,76.3,76.8,75.5,1167
2021-05-24,74.8,72.8,74.8,71.9,3306
2021-05-25,70.8,70.2,70.8,68.3,3434
2021-05-26,67.5,67.7,68.85,66.0,6007
2021-05-27,67.6,69.3,71.035,66.0,3733
2021-05-28,70.9,70.0,71.3,69.999,1740
2021-06-01,69.4,67.0,69.4,66.0,5306
2021-06-02,68.3,66.7,68.9,66.0,3051
2021-06-03,66.0,65.2,66.165,62.7,7239
2021-06-04,65.4,64.6,66.4,63.7,2670
2021-06-07,66.8,70.5,71.3,64.95,7483
2021-06-08,71.9,70.4,73.4,70.3,5324
2021-06-09,72.8,76.7,77.9,72.186,7955
2021-06-10,76.3,79.0,79.0,76.0,4560
2021-06-11,80.4,79.7,80.4,78.1,3246
2021-06-14,80.0,80.9,82.0,79.1,4855
2021-06-15,77.5,76.8,79.7,76.743,3174
2021-06-16,75.5,73.748,75.5,73.1,3223
2021-06-17,73.7,72.3,73.7,71.7,2728
2021-06-18,75.0,72.3,75.0,72.3,2474
2021-06-21,72.3,71.3,73.0,70.0,2003
2021-06-22,70.5,76.8,76.8,70.5,2041
2021-06-23,72.4,71.6,72.7,70.335,4780
2021-06-24,71.1,71.0,71.8,70.2,3379
2021-06-25,71.9,70.5,72.294,70.1,4089
2021-06-28,70.5,72.0,72.85,70.1,6752
2021-06-29,71.7,69.0,71.75,69.0,7422
2021-06-30,68.9,67.0,68.9,67.0,3382
2021-07-01,67.3,68.4,68.7,65.735,3847
2021-07-02,68.9,68.4,69.5,68.4,1257
2021-07-06,70.2,71.3,71.7,69.21,6037
2021-07-07,72.8,72.8,72.8,70.671,3272
2021-07-08,70.3,71.5,72.454,69.5,3461
2021-07-09,74.9,73.0,74.9,71.087,4519
2021-07-12,71.9,71.6,72.4,71.0,3753
2021-07-13,74.0,74.0,76.0,73.0,5439
2021-07-14,75.0,72.9,75.0,72.5,4667
2021-07-15,70.5,71.0,71.2,68.9,5943
2021-07-16,72.0,69.0,72.0,67.9,2949
2021-07-19,65.9,64.0,65.9,63.0,7133
2021-07-20,64.2,65.372,66.0,64.1,1447
2021-07-21,67.4,68.0,68.575,66.5,3900
2021-07-22,67.9,62.6,67.9,62.6,1662
2021-07-23,65.2,66.0,68.083,65.2,2470
2021-07-26,66.8,65.9,66.8,64.7,2717
2021-07-27,65.8,64.0,65.8,63.101,2302
2021-07-28,63.0,65.0,65.0,62.5,1462
2021-07-29,65.3,69.0,69.0,65.0,1415
2021-07-30,68.9,70.5,70.5,66.301,1018
2021-08-02,69.9,68.4,69.9,67.171,2794
2021-08-03,66.9,69.2,70.2,66.8,1499
2021-08-04,70.4,69.0,70.4,67.403,2030
2021-08-05,69.9,69.0,69.9,66.114,1741
2021-08-06,69.0,67.8,69.077,67.5,958
2021-08-09,68.4,70.0,70.0,68.0,3316
2021-08-10,70.4,70.0,70.4,67.8,3371
2021-08-11,70.5,67.4,70.5,66.5,4713
2021-08-12,69.0,66.7,69.6,66.5,1285
2021-08-13,68.4,66.1,68.7,64.692,3164
2021-08-16,67.0,61.6,67.0,61.5,5965
2021-08-17,61.5,50.3,61.7,48.1,28850
2021-08-18,50.3,52.501,54.4,50.3,5165
2021-08-19,52.5,50.0,53.4,50.0,3671
2021-08-20,50.0,50.5,51.4,49.2,3440
2021-08-23,51.3,52.4,52.8,50.5,3701
2021-08-24,53.0,54.0,56.0,53.0,3962
2021-08-25,55.1,52.5,56.0,52.5,2986
2021-08-26,52.9,53.5,54.242,52.65,2585
2021-08-27,54.5,56.2,57.0,53.726,3014
2021-08-30,57.9,57.4,59.3,56.615,3459
2021-08-31,58.0,57.0,58.5,56.0,3315
2021-09-01,56.9,55.5,56.9,55.403,1746
2021-09-02,55.3,55.5,56.0,55.0,3031
2021-09-03,56.1,58.0,58.05,55.601,1357
2021-09-07,58.6,57.9,58.9,56.19,2683
2021-09-08,58.0,57.4,58.0,55.1,1638
2021-09-09,57.4,55.5,57.4,53.0,3429
2021-09-10,55.7,53.5,55.758,52.0,3917
2021-09-13,53.6,51.8,53.9,51.8,2843
2021-09-14,51.8,53.1,53.4,51.5,38760
2021-09-15,57.8,59.0,62.5,55.5,139824
2021-09-16,58.8,58.8,59.9,57.1,7685
2021-09-17,58.8,58.4,59.3,56.1,6254
2021-09-20,58.1,59.4,59.9,56.5,7393
2021-09-21,60.5,60.2,61.5,58.1,7402
2021-09-22,61.1,62.5,62.699,59.6,6121
2021-09-23,63.1,64.3,65.0,61.4,6903
2021-09-24,63.5,64.5,64.81,62.4,3039
2021-09-27,65.5,68.1,68.1,65.001,6677
2021-09-28,67.8,65.9,68.0,63.7,5454
2021-09-29,65.8,63.8,67.477,63.5,3344
2021-09-30,63.9,60.9,64.8,60.5,4541
2021-10-01,61.4,61.4,62.3,58.581,3700
2021-10-04,61.5,63.9,64.6,60.1,5239
2021-10-05,65.0,66.5,66.5,62.601,2569
2021-10-06,66.2,65.3,66.2,63.2,2657
2021-10-07,65.5,69.6,77.433,65.5,28901
2021-10-08,71.0,84.9,86.0,70.0,35194
2021-10-11,81.0,80.4,86.5,75.139,24069
2021-10-12,80.4,79.0,84.5,79.0,8296
2021-10-13,78.5,75.1,79.364,71.101,18300
2021-10-14,75.5,73.4,77.1,72.5,4904
2021-10-15,74.1,74.6,76.0,73.0,4176
2021-10-18,75.0,69.4,75.0,68.7,8924
2021-10-19,69.4,73.2,76.9,69.0,12705
2021-10-20,72.3,72.7,74.0,72.049,2589
2021-10-21,71.9,73.1,73.699,71.457,3682
2021-10-22,73.6,73.7,76.5,72.3,4139
2021-10-25,75.0,74.4,76.6,72.156,5631
2021-10-26,74.3,74.2,76.336,72.654,2922
2021-10-27,74.4,75.0,75.1,73.0,3083
2021-10-28,74.9,74.8,75.0,73.1,2956
2021-10-29,74.8,74.2,74.8,72.266,2288
2021-11-01,74.8,74.0,74.8,73.501,1672
2021-11-02,74.0,82.4,82.4,73.317,15399
2021-11-03,82.3,81.8,84.7,80.0,8110
2021-11-04,83.0,82.3,84.6,80.084,5016
2021-11-05,84.3,84.7,84.7,81.8,4748
2021-11-08,84.7,88.0,90.0,84.7,15760
2021-11-09,88.0,86.3,89.3,84.0,4646
2021-11-10,87.1,82.0,87.479,80.9,5690
2021-11-11,83.4,80.4,83.8,77.0,5488
2021-11-12,81.0,80.0,81.001,79.187,2794
2021-11-15,80.0,75.7,82.9,69.1,8310
2021-11-16,75.7,76.5,77.0,75.4,2318
2021-11-17,77.2,77.6,78.7,76.1,3934
2021-11-18,77.0,73.1,78.5,71.0,3599
2021-11-19,72.1,73.8,76.1,72.1,1906
2021-11-22,73.0,68.7,73.7,65.5,8984
2021-11-23,67.9,72.1,72.9,67.9,3702
2021-11-24,72.8,70.9,72.8,70.0,2034
2021-11-26,69.1,67.9,69.6,67.7,2541
2021-11-29,69.9,70.9,71.8,69.1,2014
2021-11-30,70.8,69.1,71.1,67.8,3187
2021-12-01,70.2,68.0,71.9,66.6,5178
2021-12-02,67.1,70.4,71.0,67.0,4203
2021-12-03,70.5,69.6,73.3,67.3,5834
2021-12-06,70.0,73.2,74.2,68.2,11006
2021-12-07,80.0,75.8,80.0,74.7,9087
2021-12-08,77.8,76.2,78.952,73.2,5083
2021-12-09,78.9,89.7,92.0,77.235,54137
2021-12-10,94.2,86.2,98.739,82.5,27312
2021-12-13,87.8,82.4,89.3,80.0,10792
2021-12-14,83.0,81.4,83.0,78.0,6864
2021-12-15,79.9,77.1,80.3,75.6,13554
2021-12-16,78.0,75.9,78.913,74.3,5495
2021-12-17,76.4,74.4,76.5,71.3,5413
2021-12-20,73.0,71.0,74.4,69.6,9048
2021-12-21,71.0,68.3,71.0,66.2,13161
2021-12-22,68.3,63.9,68.7,61.3,12703
2021-12-23,64.4,63.9,66.522,61.8,12067
2021-12-27,64.0,60.5,65.39,59.0,12919
2021-12-28,60.0,58.3,60.809,54.4,18192
2021-12-29,57.5,54.6,58.3,54.0,22494
2021-12-30,54.6,54.5,59.299,54.3,18420
2021-12-31,54.9,53.4,57.3,53.0,9158
2022-01-03,54.0,54.7,57.8,52.0,16996
2022-01-04,56.0,56.9,57.1,54.6,6231
2022-01-05,58.0,60.9,62.8,57.5,14971
2022-01-06,61.0,61.2,64.9,59.375,5653
2022-01-07,61.5,60.7,64.123,59.5,4658
2022-01-10,59.9,62.4,62.4,58.05,5381
2022-01-11,63.7,63.4,63.9,62.6,3033
2022-01-12,63.8,61.3,63.8,60.6,3185
2022-01-13,61.3,60.4,61.3,59.7,2165
2022-01-14,60.3,60.9,62.0,60.3,1217
2022-01-18,63.0,61.6,63.4,61.2,4140
2022-01-19,61.7,61.7,62.999,61.0,2582
2022-01-20,63.0,61.5,63.0,58.0,7930
2022-01-21,61.7,59.4,61.7,58.1,2176
2022-01-24,58.0,53.5,58.11,51.0,13144
2022-01-25,59.4,53.0,59.4,52.0,9372
2022-01-26,53.7,51.3,54.1,51.1,3363
2022-01-27,51.9,50.9,52.5,49.2,9074
2022-01-28,50.8,50.0,51.5,48.1,6441
2022-01-31,51.3,51.9,54.7,50.0,7940
2022-02-01,50.8,50.2,53.4,49.6,4740
2022-02-02,50.5,50.9,52.4,50.3,2980
2022-02-03,49.6,50.2,50.8,49.5,2839
2022-02-04,50.8,51.8,52.0,50.5,2707
2022-02-07,52.0,57.5,57.5,52.0,3642
2022-02-08,61.0,55.6,61.0,55.5,3089
2022-02-09,55.6,59.8,60.1,52.209,7400
2022-02-10,58.3,57.002,60.2,56.0,2478
2022-02-11,55.9,56.6,59.6,55.9,2931
2022-02-14,56.6,56.7,58.854,53.3,5771
2022-02-15,56.7,51.3,56.7,51.1,10463
2022-02-16,52.1,53.8,54.55,52.1,1907
2022-02-17,53.2,52.7,54.617,51.8,1510
2022-02-18,51.3,52.7,53.852,51.3,869
2022-02-22,51.5,51.5,53.1,51.5,2674
2022-02-23,50.9,51.5,52.9,50.1,1811
2022-02-24,50.1,47.7,50.1,46.0,8546
2022-02-25,50.0,49.1,51.7,47.6,3150
2022-02-28,46.8,49.8,49.9,46.8,3173
2022-03-01,52.0,50.2,53.1,48.1,3195
2022-03-02,52.0,50.7,52.0,48.8,1204
2022-03-03,51.5,50.6,51.5,47.5,2097
2022-03-04,51.4,49.0,51.4,47.3,2694
2022-03-07,48.1,45.1,48.1,44.0,5454
2022-03-08,45.9,43.7,48.899,43.5,5295
2022-03-09,44.6,48.0,48.0,44.6,4744
2022-03-10,47.7,46.6,47.7,45.77,2300
2022-03-11,47.5,47.5,47.5,46.4,1605
2022-03-14,47.4,45.928,47.411,44.4,2652
2022-03-15,46.2,45.3,46.7,44.6,1672
2022-03-16,45.2,47.0,48.6,45.2,1864
2022-03-17,47.0,48.85,49.1,47.0,2854
2022-03-18,47.7,51.1,51.8,47.7,3180
2022-03-21,52.2,51.3,53.4,51.1,3858
2022-03-22,54.1,49.6,54.1,49.362,3634
2022-03-23,49.1,50.2,53.497,49.1,2453
2022-03-24,52.0,50.6,52.5,48.3,5136
2022-03-25,52.5,50.9,52.5,49.495,2170
2022-03-28,51.0,50.8,51.0,49.2,1297
2022-03-29,51.0,50.8,51.0,49.2,3456
2022-03-30,51.0,50.0,51.0,49.101,1537
2022-03-31,52.0,50.8,52.0,49.4,1911
2022-04-01,51.0,51.4,51.7,49.1,1169
2022-04-04,51.9,51.9,51.9,50.4,1563
2022-04-05,51.9,49.6,51.9,49.1,1766
2022-04-06,49.7,49.6,51.4,49.0,1249
2022-04-07,50.0,51.2,52.3,50.0,1233
2022-04-08,52.7,50.0,52.7,50.0,1499
2022-04-11,50.0,49.8,50.0,49.13,1512
2022-04-12,50.0,47.5,50.0,47.0,4761
2022-04-13,49.3,48.1,49.3,47.5,1181
2022-04-14,47.6,48.3,49.699,47.6,604
2022-04-18,50.0,49.1,50.0,47.5,2144
2022-04-19,49.1,47.5,50.0,47.5,1416
2022-04-20,49.8,48.9,49.8,47.6,1395
2022-04-21,47.7,46.9,49.616,46.8,2554
2022-04-22,49.0,46.0,49.0,46.0,1171
2022-04-25,47.0,46.7,47.501,45.2,1494
2022-04-26,45.2,45.1,45.9,45.0,1629
2022-04-27,45.1,43.2,45.1,43.008,2887
2022-04-28,43.3,42.9,43.3,41.5,2655
2022-04-29,41.7,42.0,45.1,41.1,2216
2022-05-02,43.5,40.0,43.5,38.901,3154
2022-05-03,40.0,37.8,41.9,35.8,15233
2022-05-04,38.0,42.4,43.0,37.8,4982
2022-05-05,42.0,41.9,43.0,41.329,1704
2022-05-06,42.8,42.1,42.8,40.3,3504
2022-05-09,40.4,38.1,40.4,37.832,3156
2022-05-10,38.0,38.6,39.9,37.6,1803
2022-05-11,38.6,36.2,39.72,36.101,2320
2022-05-12,36.2,33.0,38.7,32.6,4139
2022-05-13,34.2,35.0,37.9,33.2,1173
2022-05-16,37.0,36.7,39.1,35.0,2402
2022-05-17,36.1,39.2,39.5,33.5,1804
2022-05-18,39.6,34.9,39.6,33.0,3295
2022-05-19,37.1,35.8,37.7,34.9,2052
2022-05-20,38.1,34.9,38.2,34.0,1812
2022-05-23,34.1,37.4,37.9,34.0,3184
2022-05-24,37.3,36.0,37.8,35.001,2285
2022-05-25,35.2,37.0,38.0,35.0,1932
2022-05-26,36.8,38.9,39.0,35.0,20895
2022-05-27,39.6,40.0,40.5,39.15,4944
2022-05-31,41.4,42.0,42.5,40.8,4623
2022-06-01,42.5,48.2,48.77,42.238,5913
2022-06-02,49.5,49.8,50.3,45.0,4712
2022-06-03,47.7,47.5,49.5,45.4,7623
2022-06-06,48.5,45.5,48.5,45.0,1073
2022-06-07,42.4,42.9,43.9,42.2,2797
2022-06-08,43.877,44.3,45.0,41.1,1432
2022-06-09,45.3,44.7,45.3,42.001,714
2022-06-10,44.6,43.1,44.6,42.0,945
2022-06-13,43.1,38.2,43.1,38.0,1684
2022-06-14,38.201,37.1,39.0,37.1,1256
2022-06-15,37.9,38.0,38.0,36.5,1376
2022-06-16,36.1,35.5,36.514,34.0,1225
2022-06-17,34.8,35.5,37.3,34.1,2461
2022-06-21,39.8,34.5,39.8,34.0,2738
2022-06-22,34.0,33.2,34.5,32.8,3882
2022-06-23,33.2,34.4,35.5,33.0,4170
2022-06-24,35.0,35.5,36.2,34.5,2546
2022-06-27,35.5,35.0,37.8,35.0,2420
2022-06-28,36.4,36.0,37.496,35.5,784
2022-06-29,36.8,36.2,37.0,35.5,1449
2022-06-30,32.0,33.11,33.5,32.0,2800
2022-07-01,35.0,32.6,35.0,32.0,1330
2022-07-05,33.7,33.1,34.666,32.901,5733
2022-07-06,33.0,32.4,33.1,32.4,1455
2022-07-07,32.4,32.8,32.9,32.0,1095
2022-07-08,33.5,33.2,33.799,32.5,1057
2022-07-11,33.2,33.6,33.6,32.643,7478
2022-07-12,33.899,34.3,34.5,33.45,1062
2022-07-13,34.2,34.0,34.5,33.1,1716
2022-07-14,32.8,32.988,33.1,32.0,1626
2022-07-15,35.9,35.5,36.0,32.8,5839
2022-07-18,36.0,33.799,36.0,33.3,1773
2022-07-19,34.6,34.0,34.7,33.2,1950
2022-07-20,35.4,34.5,35.4,33.992,980
2022-07-21,34.9,35.5,35.5,34.5,1948
2022-07-22,35.4,34.4,35.4,33.8,2492
2022-07-25,34.9,34.1,35.5,34.1,5248
2022-07-26,35.4,34.8,35.4,34.101,740
2022-07-27,34.9,35.0,36.0,34.65,1041
2022-07-28,33.1,33.5,35.0,33.1,2429
2022-07-29,33.5,32.5,35.0,32.5,3300
2022-08-01,33.9,33.1,35.0,33.0,5354
2022-08-03,38.5,27.5,43.776,27.5,10397
2022-08-04,29.7,31.9,33.1,28.1,13225
2022-08-05,33.2,33.0,33.7,31.0,4191
2022-08-08,33.5,33.85,34.625,32.7,3529
2022-08-09,34.7,34.9,35.0,33.6,1865
2022-08-10,36.6,35.4,36.6,33.9,2681
2022-08-11,34.3,34.4,37.0,34.0,2880
2022-08-12,34.4,35.3,36.3,34.0,2468
2022-08-15,36.2,35.4,36.2,35.0,2876
2022-08-16,35.4,34.6,35.4,33.1,2681
2022-08-17,34.6,33.1,35.7,32.8,2666
2022-08-18,32.9,32.6,33.899,31.5,1526
2022-08-19,31.8,32.0,32.798,30.5,2921
2022-08-22,31.6,32.2,34.5,31.6,3473
2022-08-23,32.0,32.0,32.0,30.5,3367
2022-08-24,31.1,32.0,32.6,31.0,4604
2022-08-25,32.4,31.8,32.7,29.8,6296
2022-08-26,31.5,31.4,32.5,30.0,2623
2022-08-29,32.0,30.0,32.0,28.9,5498
2022-08-30,31.0,30.4,31.0,28.35,2150
2022-08-31,30.0,30.3,30.4,28.412,2698
2022-09-01,28.5,29.8,30.5,28.2,4605
2022-09-02,28.8,28.6,30.2,28.4,3390
2022-09-06,28.6,27.6,29.3,26.0,4441
2022-09-07,27.6,31.706,32.5,27.6,9971
2022-09-08,32.0,32.9,34.8,31.0,11191
2022-09-09,33.6,33.0,34.8,31.5,5301
2022-09-12,33.1,36.3,36.4,33.1,7389
2022-09-13,36.3,36.0,36.4,33.6,4746
2022-09-14,35.8,34.4,35.8,32.5,8776
2022-09-15,34.5,32.5,34.597,31.3,4150
2022-09-16,33.0,32.2,33.0,30.908,2415
2022-09-19,31.3,29.5,31.911,29.0,4057
2022-09-20,31.9,31.3,31.9,29.3,11371
2022-09-21,30.9,24.8,32.5,24.5,94341
2022-09-22,24.5,24.5,26.0,19.601,16935
2022-09-23,24.5,23.4,24.5,22.5,8100
2022-09-26,22.5,22.7,23.5,20.6,3927
2022-09-27,22.222,23.0,23.299,22.222,1453
2022-09-28,22.7,22.6,23.1,21.9,3351
2022-09-29,21.7,20.1,22.6,20.0,6834
2022-09-30,20.9,19.5,21.0,19.0,2957
2022-10-03,20.1,19.0,20.2,18.1,5455
2022-10-04,19.8,18.75,19.899,17.7,3877
2022-10-05,19.6,18.25,19.6,17.5,1953
2022-10-06,18.0,19.0,20.2,18.0,11293
2022-10-07,18.7,19.4,20.9,18.6,2622
2022-10-10,18.7,19.3,19.8,17.75,7031
2022-10-11,20.0,19.1,20.0,18.9,1294
2022-10-12,18.3,19.1,19.2,18.0,3354
2022-10-13,18.1,18.2,18.8,17.1,4181
2022-10-14,18.0,17.117,18.0,16.0,2496
2022-10-17,17.9,17.0,17.9,16.3,1204
2022-10-18,17.0,16.8,17.5,15.1,1711
2022-10-19,16.8,16.2,17.4,16.101,1828
2022-10-20,15.8,16.0,17.2,15.2,3365
2022-10-21,16.0,15.3,16.8,15.0,4399
2022-10-24,15.5,15.4,18.0,14.5,5771
2022-10-25,15.4,16.7,17.4,15.25,4497
2022-10-26,17.7,17.0,17.7,16.001,1704
2022-10-27,17.7,18.3,18.999,17.084,6624
2022-10-28,19.0,19.8,20.9,18.1,16837
2022-10-31,19.8,23.2,24.5,19.1,13297
2022-11-01,24.2,20.7,24.52,20.6,6409
2022-11-02,21.0,21.5,22.75,20.3,1711
2022-11-03,22.6,21.5,23.5,20.364,7155
2022-11-04,23.4,20.5,23.4,20.0,11023
2022-11-07,20.7,19.9,20.9,19.1,5857
2022-11-08,20.4,19.9,20.8,19.1,1521
2022-11-09,19.0,15.5,20.5,15.1,13606
2022-11-10,16.0,18.2,18.5,15.3,6152
2022-11-11,17.6,18.3,18.9,17.0,4199
2022-11-14,19.4,18.4,19.4,17.8,3170
2022-11-15,18.0,18.474,18.8,18.0,1352
2022-11-16,19.3,19.1,19.7,17.6,5623
2022-11-17,20.0,21.1,22.5,19.425,13689
2022-11-18,23.9,23.5,24.5,21.3,22837
2022-11-21,24.0,22.0,24.0,21.193,6168
2022-11-22,22.0,21.3,22.762,20.301,4966
2022-11-23,21.3,21.1,23.3,20.9,2735
2022-11-25,20.1,19.2,20.7,18.1,3297
2022-11-28,19.3,19.2,19.4,18.8,3143
2022-11-29,19.0,17.8,19.0,17.6,4736
2022-11-30,20.7,18.5,22.36,16.68,23295
2022-12-01,18.7,19.9,19.9,16.2,6443
2022-12-02,19.8,19.6,19.8,18.6,1970
2022-12-05,20.7,18.7,20.7,18.0,4689
2022-12-06,18.0,18.2,18.5,17.2,4498
2022-12-07,18.5,13.1,18.5,12.8,50251
2022-12-08,13.6,10.8,14.0,10.201,53448
2022-12-09,11.2,9.56,11.3,8.6,37015
2022-12-12,9.692,9.291,9.692,8.851,10279
2022-12-13,9.29,6.5,9.306,6.5,44075
2022-12-14,7.48,7.7,8.8,6.8,55566
2022-12-15,9.0,7.815,10.9,7.698,91691
2022-12-16,8.1,8.4,10.0,7.5,32737
2022-12-19,8.4,7.901,8.90001,7.5,15055
2022-12-20,7.65,8.063,8.4,7.186,11146
2022-12-21,7.91,8.0,8.3,7.8,11894
2022-12-22,8.2,7.6,8.2,7.31949,33548
2022-12-23,7.6,7.6,7.98,7.265,7581
2022-12-27,7.248,7.166,7.6,6.801,16023
2022-12-28,6.8,6.2,7.3989,6.1,29393
2022-12-29,6.4,7.4,7.554,6.338,14819
2022-12-30,8.2,10.2,10.5,7.77,22821
2023-01-03,10.2,13.0,13.4,10.1,29236
2023-01-04,13.0,14.3,16.2,12.788,39953
2023-01-05,16.1,11.0,16.25,10.6,21687
2023-01-06,10.6,10.6,12.4,9.766,34610
2023-01-09,11.1,10.5,14.2,10.275,17904
2023-01-10,10.5,10.9,11.9,10.0,15962
2023-01-11,10.8,10.9,11.2,10.0,8629
2023-01-12,11.0,10.9,11.0,10.0,5198
2023-01-13,10.7,11.2,11.99,10.4,13462
2023-01-17,11.5,11.7,11.866,11.0,14502
2023-01-18,11.7,10.6,11.9,10.3,15663
2023-01-19,10.9,11.0,11.1,10.3,4595
2023-01-20,11.0,10.4,11.3,9.9,40739
2023-01-23,10.1,10.6,10.8,10.0,7392
2023-01-24,10.9,10.3,10.9,10.0,6545
2023-01-25,10.3,10.0,10.432,9.984,5542
2023-01-26,10.6,9.201,10.7,9.0,11992
2023-01-27,9.6,9.5,10.3,9.418,9821
2023-01-30,10.0,9.8,10.2,9.6,7632
2023-01-31,9.8,10.2,10.3,9.8,9039
2023-02-01,10.2,9.9,10.5,9.8,7257
2023-02-02,10.4,10.2,10.5,9.604,9863
2023-02-03,10.5,10.9,11.6,9.9,20579
2023-02-06,11.1,10.3,11.3,10.0,16869
2023-02-07,11.0,10.0,11.0,9.93,19925
2023-02-08,10.1,9.8,10.4,9.5,13417
2023-02-09,9.883,9.602,10.3,9.4,7724
2023-02-10,9.55,9.1,9.975,9.0,10366
2023-02-13,9.8,9.7,10.0,9.1,8653
2023-02-14,9.5,9.12,9.699,9.005,9882
2023-02-15,9.2,9.3,9.5,8.9,9439
2023-02-16,9.38,8.7,9.499,8.4,13576
2023-02-17,8.8,8.679,9.298,8.037,17769
2023-02-21,9.0,8.1,9.199,8.0,14081
2023-02-22,8.2,7.954,8.71,7.4,10576
2023-02-23,8.204,7.947,8.204,7.5,11164
2023-02-24,8.204,8.533,8.55,7.76749,11417
2023-02-27,8.9,8.25,8.9,8.0,6095
2023-02-28,8.7,8.7,8.7,8.311,6004
2023-03-01,9.0,8.601,9.0,8.005,9844
2023-03-02,8.82,8.49,8.82,8.35,3566
2023-03-03,8.9,8.5,9.0,8.3756,5675
2023-03-06,8.7,8.139,8.8,8.0,6609
2023-03-07,8.104,8.197,8.6,8.0,9287
2023-03-08,8.2,8.15,8.3,7.61,4642
2023-03-09,8.4,7.692,8.458,7.51,7492
2023-03-10,8.0,7.85,8.0,7.3,7294
2023-03-13,7.8,6.25,7.8,6.1,30686
2023-03-14,6.8,6.88499,6.989,6.402,15097
2023-03-15,6.921,7.0,7.2,6.403,8425
2023-03-16,7.35,7.1,7.35,7.0,6318
2023-03-17,7.2,6.8,7.2,6.6,4592
2023-03-20,6.8,6.499,7.2,6.2,9283
2023-03-21,6.6,6.749,7.0,6.5,5185
2023-03-22,6.9,6.943,6.943,6.551,6879
2023-03-23,6.9,6.949,7.198,6.7,5755
2023-03-24,6.99,6.9,7.297,6.8,3475
2023-03-27,7.1,6.438,7.1,6.15,6162
2023-03-28,6.8,6.15,6.9,5.99,9702
2023-03-29,6.446,6.45,6.769,6.15,9738
2023-03-30,6.9,6.799,6.9,6.25,10073
2023-03-31,6.9,7.1,7.2,6.6,8529
2023-04-03,7.12,6.866,7.4,6.4,8462
2023-04-04,7.0,6.266,7.09,6.264,5163
2023-04-05,6.5,6.204,6.87,6.199,6522
2023-04-06,6.7,6.1,6.75,6.1,4894
2023-04-10,7.067,6.321,7.067,6.2,4756
2023-04-11,6.859,6.511,6.859,6.5,7755
2023-04-12,6.6,6.201,6.767,6.2,6840
2023-04-13,6.3,6.121,6.47226,6.121,4427
2023-04-14,6.2,6.31708,6.395,6.0,4755
2023-04-17,6.247,6.156,6.6,5.568,23243
2023-04-18,6.4,5.99552,6.4,5.701,2460
2023-04-19,6.0,6.383,6.4,6.0,10451
2023-04-20,6.7,7.30101,7.721,6.3,23211
2023-04-21,8.3,7.998,8.4,7.7,49854
2023-04-24,8.785,9.0,9.8,7.998,211704
2023-04-25,9.4,8.4,9.7,7.632,62707
2023-04-26,9.692,8.312,9.692,8.0,30238
2023-04-27,8.7,7.472,8.9,7.16,42011
2023-04-28,7.6,7.474,7.909,7.2,17571
2023-05-01,7.952,7.349,7.952,7.101,14119
2023-05-02,7.3,7.2,7.4,6.83,30982
2023-05-03,7.3,7.0,7.38,6.83,22609
2023-05-04,7.1,6.7,7.1,6.289,23090
2023-05-05,6.85,7.349,7.349,6.801,12808
2023-05-08,7.804,7.5,8.0,7.125,21849
2023-05-09,7.9,7.759,7.9,7.2,10389
2023-05-10,7.9,8.2,8.2,7.6,9173
2023-05-11,8.2,8.4,9.0,8.2,29218
2023-05-12,7.8,7.6,8.363,7.2,21898
2023-05-15,7.8,7.66,8.3,7.5,6462
2023-05-16,8.1,8.029,8.1,7.59,4216
2023-05-17,8.0,7.999,8.0,7.65,5715
2023-05-18,8.662,8.212,8.662,7.8,23766
2023-05-19,8.2,8.732,8.9,8.001,10929
2023-05-22,9.0,8.799,9.0,8.5,7286
2023-05-23,8.9,8.651,9.0,8.65,5240
2023-05-24,9.0,8.4,9.0,8.0,6310
2023-05-25,8.5,8.187,8.5495,7.702,7310
2023-05-26,8.1,8.372,8.599,8.001,6867
