2023-12-13,25.1493,25.1493,25.1493,25.1493,0
2023-12-14,25.3625,25.3625,25.3625,25.3625,0
2023-12-15,25.4091,25.4091,25.4091,25.4091,0
2023-12-18,25.395,25.395,25.395,25.395,0
2023-12-19,25.425,25.425,25.425,25.425,0
2023-12-20,25.475,25.475,25.475,25.475,0
2023-12-21,25.48,25.4657,25.48,25.44,6374
2023-12-22,25.48,25.48,25.48,25.48,0
2023-12-26,25.5197,25.495,25.5197,25.495,1000
2023-12-27,25.55,25.5091,25.555,25.55,200
2023-12-28,25.47,25.47,25.47,25.47,0
2023-12-29,25.4837,25.4837,25.4837,25.4837,0
2024-01-02,25.433,25.433,25.433,25.433,0
2024-01-03,25.46,25.4372,25.46,25.4372,200
2024-01-04,25.38,25.415,25.415,25.38,100
2024-01-05,25.3735,25.3818,25.3818,25.3735,802
2024-01-08,25.4338,25.4338,25.4338,25.4338,1
2024-01-09,25.425,25.425,25.425,25.425,78
2024-01-10,25.42,25.417,25.42,25.417,800
2024-01-11,25.4636,25.4636,25.4636,25.4636,2
2024-01-12,25.465,25.465,25.465,25.465,0
2024-01-16,25.4436,25.4436,25.4436,25.4436,0
2024-01-17,25.3785,25.36,25.3785,25.36,1000
2024-01-18,25.31,25.31,25.31,25.31,0
2024-01-19,25.235,25.235,25.235,25.235,0
2024-01-22,25.3,25.31,25.31,25.3,1000
2024-01-23,25.245,25.245,25.245,25.245,0
2024-01-24,25.2052,25.2052,25.2052,25.2052,0
2024-01-25,25.29,25.29,25.29,25.29,0
2024-01-26,25.265,25.265,25.265,25.265,0
2024-01-29,25.395,25.395,25.395,25.395,63
2024-01-30,25.4276,25.4276,25.4276,25.4276,0
2024-01-31,25.5388,25.4527,25.5388,25.49,5786
2024-02-01,25.5553,25.5553,25.5553,25.5553,0
2024-02-02,25.4339,25.4339,25.4339,25.4339,2
2024-02-05,25.312,25.312,25.312,25.312,0
2024-02-06,25.345,25.345,25.345,25.345,0
2024-02-07,25.35,25.35,25.35,25.35,0
2024-02-08,25.35,25.35,25.35,25.35,7
2024-02-09,25.345,25.345,25.345,25.345,1
2024-02-12,25.3948,25.3948,25.3948,25.3948,0
2024-02-13,25.2656,25.2656,25.2656,25.2656,4
2024-02-14,25.3263,25.3263,25.3263,25.25,1421
2024-02-15,25.3649,25.3649,25.3649,25.3649,0
2024-02-16,25.3348,25.3348,25.3348,25.3348,4
2024-02-20,25.35,25.3449,25.35,25.3449,4964
2024-02-21,25.3463,25.3463,25.3463,25.3463,25
2024-02-22,25.355,25.355,25.355,25.355,0
2024-02-23,25.4248,25.4248,25.4248,25.4248,0
2024-02-26,25.3948,25.3948,25.3948,25.3948,0
2024-02-27,25.3849,25.3849,25.3849,25.3849,1
2024-02-28,25.4248,25.4248,25.4248,25.4248,3
2024-02-29,25.4267,25.355,25.4267,25.4267,2
2024-03-01,25.3892,25.3892,25.3892,25.3892,29
2024-03-04,25.3549,25.3549,25.3549,25.3549,2
2024-03-05,25.4249,25.4249,25.4249,25.4249,2
2024-03-06,25.4249,25.4249,25.4249,25.4249,1
2024-03-07,25.47,25.47,25.47,25.47,0
2024-03-08,25.48,25.48,25.48,25.48,9
2024-03-11,25.465,25.465,25.465,25.465,0
2024-03-12,25.4397,25.4397,25.4397,25.4397,96
2024-03-13,25.465,25.465,25.465,25.465,2
2024-03-14,25.4052,25.4052,25.4052,25.4052,0
2024-03-15,25.39,25.39,25.39,25.39,2
2024-03-18,25.419,25.4,25.419,25.3781,1250
2024-03-19,25.43,25.4421,25.45,25.43,1900
2024-03-20,25.43,25.42,25.43,25.38,5700
2024-03-21,25.405,25.405,25.405,25.405,0
2024-03-22,25.46,25.4437,25.46,25.4437,329
2024-03-25,25.435,25.435,25.435,25.435,99
2024-03-26,25.3979,25.3979,25.3979,25.3979,0
2024-03-27,25.415,25.415,25.415,25.415,0
2024-03-28,25.415,25.3384,25.415,25.415,0
2024-04-01,25.2401,25.2653,25.2653,25.2401,507
2024-04-02,25.195,25.195,25.195,25.195,0
2024-04-03,25.145,25.145,25.145,25.145,0
2024-04-04,25.18,25.195,25.195,25.18,689
2024-04-05,25.145,25.125,25.15,25.125,1421
2024-04-08,25.13,25.13,25.13,25.13,7
2024-04-09,25.18,25.185,25.185,25.1701,11921
2024-04-10,25.08,25.005,25.08,25.005,1446
2024-04-11,24.9821,25.005,25.01,24.9821,91558
2024-04-12,25.095,25.0945,25.095,25.0945,523
2024-04-15,25.0701,25.0701,25.0701,25.0701,49
2024-04-16,24.98,24.9991,24.9991,24.98,1873
2024-04-17,25.06,25.055,25.07,25.055,1800
2024-04-18,25.0567,25.0567,25.0567,25.0567,0
2024-04-19,25.1,25.075,25.1,25.075,11257
2024-04-22,25.085,25.085,25.085,25.085,53
2024-04-23,25.095,25.095,25.095,25.095,160
2024-04-24,25.085,25.085,25.085,25.085,14
2024-04-25,25.02,25.025,25.025,25.02,6714
2024-04-26,25.025,25.025,25.025,25.025,0
2024-04-29,25.055,25.055,25.055,25.055,0
2024-04-30,25.07,24.9751,25.08,25.0412,1679
2024-05-01,25.0044,25.0044,25.0044,25.0044,0
2024-05-02,25.02,25.02,25.02,25.0199,1039
2024-05-03,25.1338,25.1338,25.1338,25.1338,0
2024-05-06,25.17,25.17,25.17,25.17,0
2024-05-07,25.245,25.245,25.245,25.245,8
2024-05-08,25.265,25.265,25.265,25.265,2
2024-05-09,25.28,25.28,25.28,25.28,1955
2024-05-10,25.26,25.255,25.26,25.255,916
2024-05-13,25.245,25.245,25.245,25.245,84
2024-05-14,25.29,25.29,25.29,25.29,2
2024-05-15,25.32,25.3503,25.3503,25.32,204
2024-05-16,25.345,25.345,25.345,25.345,0
2024-05-17,25.29,25.29,25.29,25.29,86
2024-05-20,25.265,25.265,25.265,25.265,0
2024-05-21,25.22,25.245,25.245,25.22,134
2024-05-22,25.21,25.2,25.21,25.2,524
2024-05-23,25.1375,25.1375,25.1375,25.1375,82
2024-05-24,25.1227,25.1227,25.1227,25.1227,22
2024-05-28,25.0917,25.1,25.1,25.0917,1594
2024-05-29,25.025,25.025,25.025,25.025,71
2024-05-30,25.035,25.035,25.035,25.035,0
2024-05-31,25.05,25.0213,25.0952,25.05,20344
2024-06-03,25.08,25.08,25.08,25.08,1
2024-06-04,25.14,25.14,25.14,25.14,0
2024-06-05,25.2379,25.2379,25.2379,25.2379,84
2024-06-06,25.305,25.305,25.305,25.305,12
2024-06-07,25.195,25.195,25.195,25.195,2
2024-06-10,25.19,25.17,25.19,25.17,101
2024-06-11,25.225,25.225,25.225,25.225,1
2024-06-12,25.325,25.325,25.325,25.325,0
2024-06-13,25.37,25.4094,25.4094,25.37,1101
2024-06-14,25.43,25.43,25.43,25.43,84
2024-06-17,25.36,25.37,25.37,25.36,895
2024-06-18,25.415,25.415,25.415,25.415,0
2024-06-20,25.3721,25.39,25.39,25.3721,158
2024-06-21,25.39,25.39,25.39,25.39,0
2024-06-24,25.375,25.375,25.375,25.375,0
2024-06-25,25.39,25.39,25.39,25.39,0
2024-06-26,25.31,25.32,25.32,25.3,3098
2024-06-27,25.32,25.325,25.325,25.32,814
2024-06-28,25.29,25.1871,25.29,25.2618,4044
2024-07-01,25.25,25.14,25.25,25.13,3290
2024-07-02,25.21,25.2,25.21,25.2,13533
2024-07-03,25.28,25.285,25.285,25.28,357
2024-07-05,25.335,25.335,25.335,25.335,36
2024-07-08,25.335,25.335,25.335,25.335,3
2024-07-09,25.35,25.43,25.43,25.33,34044
2024-07-10,25.32,25.35,25.35,25.31,20456
2024-07-11,25.425,25.425,25.425,25.425,35
2024-07-12,25.44,25.4505,25.46,25.44,6336
2024-07-15,25.41,25.4082,25.41,25.4082,21480
2024-07-16,25.41,25.4662,25.47,25.41,43808
2024-07-17,25.44,25.51,25.51,25.44,52184
2024-07-18,25.45,25.48,25.48,25.45,38549
2024-07-19,25.43,25.44,25.44,25.43,231
2024-07-22,25.42,25.425,25.48,25.39,39173
2024-07-23,25.46,25.46,25.48,25.45,24266
2024-07-24,25.465,25.43,25.465,25.4,102809
2024-07-25,25.41,25.425,25.45,25.39,47883
2024-07-26,25.44,25.54,25.54,25.44,66562
2024-07-29,25.5,25.51,25.53,25.5,14379
2024-07-30,25.51,25.495,25.51,25.475,10972
2024-07-31,25.47,25.4769,25.5506,25.47,31070
2024-08-01,25.5,25.525,25.525,25.47,44425
2024-08-02,25.61,25.705,25.73,25.61,21910
2024-08-05,25.76,25.7171,25.76,25.7171,42516
2024-08-06,25.71,25.6757,25.71,25.6757,14510
2024-08-07,25.6,25.58,25.6,25.58,12641
2024-08-08,25.5,25.57,25.57,25.5,31434
2024-08-09,25.56,25.59,25.59,25.56,10311
2024-08-12,25.53,25.62,25.63,25.53,53715
