2018-12-03,438750.0,316875.0,438750.0,287625.0,0
2018-12-04,303303.0,304200.0,304200.0,303303.0,0
2018-12-06,297375.0,292500.0,299325.0,286650.0,0
2018-12-07,292500.0,292500.0,311025.0,292500.0,0
2018-12-10,292500.0,292500.0,309075.0,292500.0,0
2018-12-11,293475.0,291525.0,293475.0,276900.0,0
2018-12-12,275925.0,266175.0,275925.0,253500.0,0
2018-12-13,258375.0,219375.0,259350.0,200850.0,0
2018-12-14,204750.0,150150.0,224250.0,149175.0,0
2018-12-17,147225.0,123825.0,149643.0,99450.0,3
2018-12-18,112125.0,151115.25,154050.0,100425.0,5
2018-12-19,172575.0,111150.0,189150.0,107259.75,8
2018-12-20,109200.0,110175.0,112125.0,92625.0,1
2018-12-21,114075.0,93600.0,114075.0,92625.0,1
2018-12-24,92625.0,83850.0,94818.75,83850.0,0
2018-12-26,87750.0,92820.0,101400.0,79950.0,0
2018-12-27,80870.498,88725.0,96525.0,80870.498,0
2018-12-28,85800.0,109648.5,125775.0,83070.0,2
2018-12-31,130650.0,114075.0,131040.0,97500.0,1
2019-01-02,111150.0,105300.0,111150.0,98475.0,0
2019-01-03,105300.0,98289.75,107240.25,93600.0,1
2019-01-04,98475.0,101400.0,128700.0,96525.0,1
2019-01-07,102375.0,111150.0,111150.0,98475.0,0
2019-01-08,111150.0,112125.0,124800.0,107250.0,2
2019-01-09,112125.0,108225.0,112125.0,99450.0,0
2019-01-10,108225.0,115059.75,127656.75,108225.0,1
2019-01-11,159900.0,169650.0,202800.0,151125.0,53
2019-01-14,151125.0,143325.0,155931.75,142350.0,2
2019-01-15,152100.0,122148.0,156000.0,121875.0,1
2019-01-16,354822.0,312975.0,541125.0,297375.0,307
2019-01-17,297375.0,292500.0,314925.0,262275.0,20
2019-01-18,259350.0,287137.5,296400.0,250575.0,9
2019-01-22,289575.0,309075.0,339300.0,289253.25,9
2019-01-23,308100.0,293475.0,316875.0,284700.0,3
2019-01-24,290550.0,353925.0,402675.0,287625.0,39
2019-01-25,358800.0,296400.0,362700.0,268125.0,27
2019-01-28,296400.0,292500.0,296400.0,275925.0,4
2019-01-29,290550.0,269100.0,290550.0,265200.0,3
2019-01-30,269100.0,253500.0,272025.0,231075.0,5
2019-01-31,250575.0,236925.0,255206.25,236925.0,2
2019-02-01,320775.0,265200.0,321750.0,255450.0,53
2019-02-04,262275.0,257400.0,267150.0,249600.0,3
2019-02-05,255450.0,257400.0,274755.0,252408.0,3
2019-02-06,256425.0,255450.0,263250.0,245700.0,1
2019-02-07,249600.0,265200.0,272025.0,247416.0,2
2019-02-08,268125.0,262275.0,268125.0,255791.25,0
2019-02-11,261300.0,239850.0,261300.0,238875.0,1
2019-02-12,258375.0,204750.0,261300.0,204750.0,22
2019-02-13,202800.0,199875.0,212550.0,173550.0,12
2019-02-14,198900.0,191100.0,207675.0,181350.0,11
2019-02-15,191100.0,196950.0,218400.0,191100.0,15
2019-02-19,195975.0,192075.0,203775.0,192075.0,3
2019-02-20,188175.0,180375.0,193050.0,177450.0,4
2019-02-21,182325.0,180375.0,185250.0,176475.0,2
2019-02-22,179400.0,175500.0,185250.0,164775.0,5
2019-02-25,175500.0,160875.0,179302.5,156975.0,3
2019-02-26,163800.0,149175.0,165750.0,146250.0,8
2019-02-27,158925.0,156975.0,165750.0,148200.0,21
2019-02-28,162825.0,163800.0,168675.0,155025.0,15
2019-03-01,164775.0,156975.0,164775.0,149175.0,8
2019-03-04,159900.0,150150.0,161850.0,147225.0,4
2019-03-05,154050.0,151125.0,154050.0,148200.0,3
2019-03-06,160875.0,153075.0,164775.0,150150.0,5
2019-03-07,150150.0,141375.0,152100.0,129675.0,6
2019-03-08,138450.0,151125.0,159900.0,134550.0,14
2019-03-11,182325.0,163800.0,188175.0,152100.0,43
2019-03-12,159900.0,154050.0,175500.0,150900.75,24
2019-03-13,157950.0,149175.0,157950.0,139425.0,6
2019-03-14,150150.0,151125.0,165750.0,147030.0,9
2019-03-15,153075.0,148200.0,156000.0,148200.0,3
2019-03-18,150150.0,149175.0,161538.0,149175.0,6
2019-03-19,152100.0,150150.0,154050.0,150150.0,4
2019-03-20,154050.0,154050.0,158925.0,151125.0,3
2019-03-21,155025.0,167700.0,169650.0,152100.0,12
2019-03-22,166725.0,165750.0,179400.0,157950.0,13
2019-03-25,166725.0,168675.0,177450.0,160875.0,5
2019-03-26,170625.0,173550.0,177450.0,163800.0,9
2019-03-27,180375.0,171600.0,184275.0,167700.0,12
2019-03-28,171600.0,166725.0,172526.25,161850.0,4
2019-03-29,167700.0,168675.0,177450.0,156975.0,11
2019-04-01,163800.0,157950.0,165360.0,153075.0,6
2019-04-02,159900.0,157950.0,160719.0,152100.0,2
2019-04-03,159900.0,150150.0,159900.0,148200.0,3
2019-04-04,151125.0,153075.0,154050.0,139425.0,10
2019-04-05,153075.0,147225.0,153075.0,146250.0,2
2019-04-08,146250.0,143325.0,146250.0,138664.5,4
2019-04-09,141375.0,140546.25,143325.0,139425.0,2
2019-04-10,138450.0,132600.0,140400.0,131625.0,4
2019-04-11,148200.0,135525.0,153075.0,133575.0,32
2019-04-12,134550.0,131625.0,135525.0,130650.0,5
2019-04-15,131625.0,127647.0,134403.75,122850.0,4
2019-04-16,126750.0,114075.0,127725.0,113100.0,8
2019-04-17,120900.0,114075.0,120900.0,106275.0,6
2019-04-18,113100.0,116025.0,117000.0,98475.0,9
2019-04-22,118950.0,117000.0,131625.0,112125.0,24
2019-04-23,117000.0,113100.0,121875.0,108225.0,6
2019-04-24,112125.0,108225.0,113090.25,107250.0,4
2019-04-25,108225.0,104325.0,109200.0,102375.0,3
2019-04-26,105300.0,113100.0,113100.0,102375.0,6
2019-04-29,107250.0,105300.0,110165.25,105300.0,3
2019-04-30,107250.0,109200.0,120900.0,106275.0,8
2019-05-01,108225.0,104325.0,110535.75,104325.0,4
2019-05-02,105300.0,99450.0,106275.0,97500.0,8
2019-05-03,100425.0,102882.0,111150.0,96525.0,24
2019-05-06,97500.0,99937.5,101400.0,90675.0,5
2019-05-07,98475.0,96525.0,99450.0,96525.0,3
2019-05-08,97500.0,91221.0,99450.0,90675.0,6
2019-05-09,123825.0,117000.0,144300.0,105300.0,301
2019-05-10,112125.0,106275.0,114075.0,104325.0,18
2019-05-13,111150.0,105300.0,115050.0,102375.0,20
2019-05-14,102375.0,97402.5,104812.5,97402.5,10
2019-05-15,97500.0,92615.25,100415.25,90704.25,15
2019-05-16,92625.0,91152.75,95550.0,90870.0,14
2019-05-17,90675.0,83850.0,92615.25,83850.0,15
2019-05-20,83850.0,83411.25,86677.5,80047.5,11
2019-05-21,84825.0,83879.25,87750.0,82875.0,9
2019-05-22,88725.0,78975.0,89700.0,75084.75,36
2019-05-23,78146.25,73125.0,78146.25,70477.973,11
2019-05-24,73125.0,73125.0,75075.0,71662.5,6
2019-05-28,74100.0,72150.0,74100.0,70697.25,7
2019-05-29,72150.0,67275.0,72150.0,61132.5,24
2019-05-30,67275.0,65266.5,70677.75,57525.0,25
2019-05-31,62156.25,59484.75,62477.61,57720.0,7
2019-06-03,59085.0,62380.5,66300.0,58509.75,10
2019-06-04,60450.0,62049.0,62468.25,59475.0,5
2019-06-05,62400.0,52863.818,62400.0,47775.0,20
2019-06-06,56550.0,46419.75,58207.5,43855.5,25
2019-06-07,47775.0,49530.0,49647.0,45630.0,8
2019-06-10,48750.0,49960.073,55575.0,46614.75,43
2019-06-11,48262.5,45708.0,48367.605,40657.5,16
2019-06-12,45825.0,43670.25,46800.0,42900.0,18
2019-06-13,44713.5,44840.25,45825.0,43397.25,6
2019-06-14,44362.5,42705.0,44421.0,41925.0,6
2019-06-17,40872.0,38142.0,41925.0,36075.0,11
2019-06-18,39975.0,38025.0,42900.0,37830.0,8
2019-06-19,39000.0,39390.0,39965.25,36172.5,6
2019-06-20,39975.0,38025.0,40774.5,37128.0,5
2019-06-21,38025.0,37440.0,39000.0,37293.75,4
2019-06-24,39000.0,35100.0,39119.828,34134.75,8
2019-06-25,35880.0,31200.0,36075.0,30078.75,12
2019-06-26,31609.5,28489.5,32175.0,28275.0,9
2019-06-27,29250.0,31802.355,32175.0,26568.75,9
2019-06-28,29347.5,33978.75,36075.0,29347.5,12
2019-07-01,35100.0,31687.5,35100.0,31200.0,7
2019-07-02,33111.0,31200.0,33150.0,30225.0,5
2019-07-03,32175.0,39975.0,41925.0,32165.25,31
2019-07-05,43582.5,44996.25,57515.25,40462.5,94
2019-07-08,45893.25,42549.0,46800.0,39097.5,18
2019-07-09,41730.0,39975.0,43875.0,39000.0,19
2019-07-10,40950.0,40462.5,42412.5,39507.0,13
2019-07-11,41925.0,38853.75,41925.0,37050.0,9
2019-07-12,39000.0,37908.0,39975.0,37908.0,7
2019-07-15,38980.5,33569.25,39824.85,32321.25,18
2019-07-16,34125.0,33735.0,36562.5,32545.5,8
2019-07-17,33442.5,30225.0,35080.5,30127.5,11
2019-07-18,30127.5,34612.5,38093.25,27787.5,51
2019-07-19,35967.75,38015.25,41730.0,30498.0,27
2019-07-22,37888.5,41184.0,44840.25,35002.5,37
2019-07-23,40950.0,50017.5,51675.0,40218.75,61
2019-07-24,49705.5,42909.75,55575.0,42900.0,39
2019-07-25,40950.0,38025.0,43387.5,37050.0,20
2019-07-26,38512.5,39984.75,40950.0,34612.5,35
2019-07-29,41973.75,40950.0,42412.5,38902.5,12
2019-07-30,40950.0,41944.5,42900.0,39097.5,9
2019-07-31,44274.75,47580.0,48750.0,42900.0,22
2019-08-01,49149.75,44859.75,55575.0,42295.5,38
2019-08-02,44898.75,45708.0,46800.0,42022.5,12
2019-08-05,45825.0,46312.5,47775.0,43387.5,7
2019-08-06,46546.5,48538.815,52650.0,45483.75,15
2019-08-07,48750.0,47580.0,49647.0,45971.25,5
2019-08-08,48106.5,49725.0,53615.25,47589.75,17
2019-08-09,52162.5,50680.5,53527.5,49237.5,18
2019-08-12,51675.0,62946.0,63862.5,51187.5,64
2019-08-13,66300.0,59631.0,70687.5,56550.0,66
2019-08-14,63072.75,63550.5,66300.0,56940.0,31
2019-08-15,56550.0,56355.0,61415.25,50700.0,21
2019-08-16,55087.5,52640.25,56355.0,51675.0,10
2019-08-19,51675.0,54102.75,54600.0,27397.5,32
2019-08-20,42909.75,39000.0,43875.0,33150.0,39
2019-08-21,37050.0,36562.5,39975.0,36075.0,13
2019-08-22,41905.5,37956.75,41925.0,37050.0,31
2019-08-23,38025.0,35694.75,38512.5,34905.0,12
2019-08-26,36075.0,35363.25,37050.0,32370.0,13
2019-08-27,44167.5,40755.0,53625.0,39399.75,113
2019-08-28,39000.0,38824.5,40443.0,37537.5,16
2019-08-29,38025.0,38512.5,39867.75,37245.0,12
2019-08-30,39000.0,39477.75,40462.5,38268.75,13
2019-09-03,41925.0,38805.0,42090.75,38025.0,16
2019-09-04,38805.0,37926.038,39975.0,36075.0,14
2019-09-05,37576.5,38288.25,39848.25,36562.5,8
2019-09-06,38220.0,36855.0,39000.0,36562.5,8
2019-09-09,36270.0,36455.25,37050.0,34125.0,12
2019-09-10,36718.5,37596.0,38902.5,34729.5,7
2019-09-11,37410.75,37293.75,38512.5,36582.0,4
2019-09-12,37050.0,36582.0,37537.5,35100.0,5
2019-09-13,36211.5,36070.418,36767.25,35100.0,5
2019-09-16,36162.75,35548.5,36357.75,35343.75,4
2019-09-17,37050.0,35392.5,37050.0,35197.5,3
2019-09-18,34271.25,34466.25,35772.75,34242.0,4
2019-09-19,34466.25,33042.75,34953.75,31687.5,8
2019-09-20,33637.5,34749.0,35100.0,32682.0,3
2019-09-23,32672.25,35100.0,35548.5,32672.25,2
2019-09-24,35870.25,35129.25,37050.0,34622.25,3
2019-09-25,36075.0,33384.0,36075.0,32857.5,4
2019-09-26,34125.0,32126.25,34125.0,31687.5,4
2019-09-27,32175.0,32175.0,33150.0,32126.25,2
2019-09-30,32740.5,30234.75,33041.19,29552.25,4
2019-10-01,31190.25,31190.25,34612.5,30322.5,8
2019-10-02,32077.5,30800.25,32565.0,29737.5,4
2019-10-03,30273.75,30722.25,31190.25,29669.25,4
2019-10-04,31560.75,31092.75,31687.5,30225.0,1
2019-10-07,31102.5,33159.75,34125.0,30819.75,8
2019-10-08,33150.0,34514.708,35772.75,32204.25,10
2019-10-09,34612.5,33345.0,35100.0,33150.0,4
2019-10-10,33354.75,33150.0,34944.0,32272.5,1
2019-10-11,33150.0,33150.0,34125.0,32565.0,2
2019-10-14,32925.75,33003.75,34017.75,31307.25,1
2019-10-15,32594.25,32555.25,32857.5,31307.25,3
2019-10-16,32838.0,32067.75,33150.0,29347.5,14
2019-10-17,31219.5,31083.0,31970.25,30225.0,4
2019-10-18,31629.0,30829.5,31629.0,30410.25,1
2019-10-21,30420.0,30225.0,30849.0,29737.5,3
2019-10-22,29250.0,28265.25,30166.5,26832.0,7
2019-10-23,29201.25,27290.25,29201.25,26812.5,4
2019-10-24,27641.25,29258.775,30712.5,26841.75,4
2019-10-25,29250.0,30995.25,31005.0,28518.75,5
2019-10-28,30225.0,29298.75,31200.0,28372.5,3
2019-10-29,30400.5,28275.0,30400.5,27592.5,2
2019-10-30,28275.0,28275.0,29737.5,28031.25,2
2019-10-31,28275.0,27387.75,28275.0,27387.75,2
2019-11-01,28275.0,27982.5,28567.5,27300.0,2
2019-11-04,29727.75,28031.25,29727.75,27787.5,2
2019-11-05,29250.0,28275.0,29250.0,27787.5,3
2019-11-06,28119.0,27270.75,28275.0,27144.0,3
2019-11-07,27397.5,28080.0,29250.0,26812.5,4
2019-11-08,27300.0,27777.75,28275.0,27300.0,3
2019-11-11,28275.0,27836.25,28655.25,27202.5,4
2019-11-12,27300.0,27300.0,28109.25,27202.5,2
2019-11-13,26520.0,27300.0,27885.0,26520.0,4
2019-11-14,28275.0,24228.75,30225.0,23107.5,26
2019-11-15,20475.0,20572.5,22132.5,17550.0,17
2019-11-18,21742.5,20182.5,21742.5,16575.0,10
2019-11-19,22132.5,22234.875,23887.5,19753.5,20
2019-11-20,21918.0,19500.0,22912.5,19500.0,5
2019-11-21,21450.0,19509.75,21450.0,19500.0,4
2019-11-22,21498.75,15600.0,21645.0,8833.5,36
2019-11-25,17384.25,15600.0,17464.6875,13767.0,10
2019-11-26,26325.0,22425.0,31102.5,18622.5,155
2019-11-27,21235.5,19607.25,21284.25,18222.75,17
2019-11-29,19792.5,19158.75,19977.75,18817.5,5
2019-12-02,19977.75,18515.25,19977.75,18144.75,7
2019-12-03,18076.5,17286.75,18086.25,15795.0,8
2019-12-04,17540.25,18534.75,21352.5,16136.25,25
2019-12-05,19383.0,16867.5,19500.0,16584.75,10
2019-12-06,16672.5,16292.25,17452.5,16243.5,5
2019-12-09,16087.5,15843.75,17126.947,15600.0,5
2019-12-10,17501.25,17140.5,20338.5,16575.0,36
2019-12-11,17140.5,16838.25,17452.5,15609.75,9
2019-12-12,16867.5,16575.0,17452.5,16097.25,10
2019-12-13,16575.0,17550.0,18135.0,16146.0,15
2019-12-16,18427.5,17842.5,18427.5,17160.0,9
2019-12-17,18525.0,17784.0,19987.5,17530.5,20
2019-12-18,16126.5,17199.0,17550.0,16126.5,13
2019-12-19,16185.0,17160.0,17550.0,16175.25,9
2019-12-20,17462.25,16994.25,17842.5,16575.0,3
2019-12-23,17550.0,17355.0,17550.0,16136.25,5
2019-12-24,16867.5,17062.5,17355.0,16584.75,1
2019-12-26,17355.0,17247.75,18525.0,16779.75,9
2019-12-27,17550.0,18378.75,20962.5,17403.75,27
2019-12-30,19695.0,19469.58,20231.25,18525.0,18
2019-12-31,19938.75,19500.0,20952.75,19256.25,11
2020-01-02,21674.25,26802.75,29250.0,21498.75,82
2020-01-03,25350.0,24375.0,26325.0,21450.0,36
2020-01-06,29250.0,28275.0,31200.0,26549.25,51
2020-01-07,27982.5,26656.5,29250.0,26325.0,14
2020-01-08,25837.5,39000.0,39975.0,25837.5,93
2020-01-09,39975.0,36123.75,46800.0,34349.25,170
2020-01-10,34905.0,37986.0,39975.0,31307.25,38
2020-01-13,40462.5,36075.0,40852.5,34125.0,37
2020-01-14,34125.0,34612.5,36075.0,32175.0,22
2020-01-15,33150.0,33891.0,35587.5,32175.0,19
2020-01-16,35100.0,34934.25,35977.5,33345.0,16
2020-01-17,34125.0,32428.5,34125.0,32428.5,16
2020-01-21,28275.0,28275.0,29737.5,24375.0,29
2020-01-22,28275.0,27124.5,28567.5,26325.0,15
2020-01-23,26325.0,27124.5,27300.0,14586.0,10
2020-01-24,14137.5,15405.0,16087.5,14040.0,465
2020-01-27,15600.0,14820.0,15600.0,14137.5,98
2020-01-28,15112.5,15141.75,15405.0,14244.75,92
2020-01-29,15405.0,16848.0,18495.75,14839.5,388
2020-01-30,17442.75,16029.0,17442.75,15210.0,151
2020-01-31,15600.0,15190.5,15697.5,14644.5,104
2020-02-03,14625.0,13552.5,14625.0,12285.0,165
2020-02-04,13162.5,13815.75,14118.0,12675.0,98
2020-02-05,15151.5,15405.0,17062.5,14868.75,475
2020-02-06,15892.5,15697.5,16087.5,15307.5,145
2020-02-07,15609.75,14625.0,15619.5,14625.0,100
2020-02-10,15600.0,15210.0,15697.5,14878.5,63
2020-02-11,15600.0,15190.5,15756.0,14980.875,71
2020-02-12,15210.0,14722.5,15278.25,14625.0,72
2020-02-13,14722.5,14771.25,15015.0,14020.5,65
2020-02-14,14625.0,14186.25,14653.275,13679.25,74
2020-02-18,14722.5,14332.5,14820.0,13903.5,68
2020-02-19,15015.0,15483.0,15990.0,14625.0,201
2020-02-20,15795.0,19890.0,20465.25,15502.5,800
2020-02-21,26812.5,23595.0,28762.5,20475.0,1115
2020-02-24,22863.75,20621.25,22912.5,19207.5,271
2020-02-25,24862.5,22444.5,25330.5,21518.25,318
2020-02-26,21157.5,18281.25,21352.5,17745.0,230
2020-02-27,15795.0,18037.5,20241.0,14742.0,298
2020-02-28,16575.0,17550.0,17550.0,15307.5,149
2020-03-02,16575.0,16575.0,18037.5,15307.5,126
2020-03-03,16575.0,19987.5,21206.25,16087.5,366
2020-03-04,18915.0,18807.75,19490.25,17930.25,156
2020-03-05,18525.0,18330.0,18525.0,17842.5,54
2020-03-06,17550.0,17257.5,18037.5,16575.0,76
2020-03-09,16282.5,15600.0,16575.0,14820.0,94
2020-03-10,16487.25,15795.0,16565.25,15258.75,72
2020-03-11,21060.0,16448.25,21352.5,16116.75,368
2020-03-12,16087.5,16345.485,19500.0,14820.0,250
2020-03-13,18252.0,16555.5,18798.0,16087.5,173
2020-03-16,16575.0,15356.25,16575.0,15015.0,84
2020-03-17,15795.0,15395.25,16087.5,14820.0,103
2020-03-18,15190.5,14371.5,15453.75,13796.25,83
2020-03-19,13767.0,13562.25,14625.0,12675.0,95
2020-03-20,13650.0,13494.0,13971.75,13182.0,58
2020-03-23,13308.75,13011.375,13640.25,12187.5,63
2020-03-24,13162.5,12831.0,13630.5,12636.0,61
2020-03-25,13113.75,13786.5,14137.5,12558.0,111
2020-03-26,14137.5,13845.0,14137.5,13211.25,61
2020-03-27,13552.5,14625.0,16477.5,13026.0,202
2020-03-30,17550.0,17550.0,22815.0,16701.75,1087
2020-03-31,17189.25,14205.75,17355.0,14137.5,255
2020-04-01,14517.75,13562.25,14527.5,13172.25,120
2020-04-02,13650.0,13464.75,13942.5,13162.5,110
2020-04-03,14137.5,15522.0,15892.5,13503.75,319
2020-04-06,15600.0,14907.75,16731.0,14742.0,206
2020-04-07,15405.0,14820.0,15600.0,14244.75,134
2020-04-08,14625.0,13757.25,14625.0,12675.0,272
2020-04-09,19792.5,16370.25,20475.0,15882.75,1075
2020-04-13,16565.25,15756.0,17062.5,15112.5,199
2020-04-14,15697.5,14595.75,15795.0,13484.25,326
2020-04-15,13747.5,13942.5,15600.0,10822.5,1819
2020-04-16,13650.0,13357.5,13845.0,12187.5,331
2020-04-17,13065.0,13357.5,13650.0,12772.5,202
2020-04-20,13260.0,13260.0,14040.0,12675.0,189
2020-04-21,12772.5,12967.5,13455.0,12675.0,162
2020-04-22,12967.5,13065.0,13357.5,12675.0,206
2020-04-23,12967.5,13455.0,13552.5,12870.0,179
2020-04-24,13260.0,13357.5,13455.0,12967.5,128
2020-04-27,13552.5,13942.5,14040.0,13357.5,239
2020-04-28,13942.5,13455.0,14040.0,12967.5,167
2020-04-29,13162.5,13260.0,14527.5,12967.5,355
2020-04-30,13065.0,12967.5,13161.525,12675.0,187
2020-05-01,12870.0,12285.0,12967.5,11797.5,170
2020-05-04,12187.5,12131.925,12382.5,10920.0,147
2020-05-05,11797.5,11700.0,12090.0,11700.0,78
2020-05-06,12382.5,13162.5,13552.5,11992.5,373
2020-05-07,12772.5,12967.5,12967.5,12382.5,175
2020-05-08,12772.5,13747.5,15892.5,12772.5,1368
2020-05-11,14137.5,14625.0,14820.0,13455.0,382
2020-05-12,14137.5,13650.0,16087.5,13455.0,938
2020-05-13,14137.5,12870.0,14137.5,12187.5,356
2020-05-14,12187.5,12285.0,12285.0,9847.5,228
2020-05-15,11992.5,11700.975,12090.0,11505.0,99
2020-05-18,11992.5,12187.5,13357.5,11602.5,416
2020-05-19,11895.0,12090.0,12285.0,11505.0,269
2020-05-20,11992.5,12382.5,12382.5,11602.5,180
2020-05-21,11992.5,12187.5,12382.5,11895.0,111
2020-05-22,12187.5,12187.5,12675.0,11700.0,193
2020-05-26,12285.0,11992.5,12285.0,11797.5,130
2020-05-27,11895.0,11602.5,11992.5,11310.0,191
2020-05-28,11700.0,10725.0,11700.0,10725.0,241
2020-05-29,8580.0,8493.225,8726.25,8385.0,1957
2020-06-01,8589.75,8288.475,8589.75,8053.5,515
2020-06-02,8453.25,8648.25,8823.75,8360.625,848
2020-06-03,8775.0,8442.525,8775.0,8360.625,364
2020-06-04,8424.0,8235.825,8472.75,8092.5,449
2020-06-05,8580.0,8750.625,9028.5,8299.2,655
2020-06-08,8989.5,8970.0,9145.5,8580.0,566
2020-06-09,8970.0,10140.0,11212.5,8580.0,3026
2020-06-10,10335.0,9257.625,10335.0,9069.45,909
2020-06-11,8775.0,8414.25,8949.525,8248.5,427
2020-06-12,8970.0,8385.975,8970.0,8297.25,320
2020-06-15,8385.0,8385.0,8579.025,8093.475,264
2020-06-16,8628.75,8775.0,9349.275,8589.75,1123
2020-06-17,8726.25,8622.9,8744.775,8394.75,309
2020-06-18,8482.5,8443.5,8697.0,8394.75,232
2020-06-19,8580.0,8154.9,8666.775,8154.9,284
2020-06-22,8355.75,8199.75,8481.525,8151.0,236
2020-06-23,8287.5,8190.975,8345.025,8190.0,197
2020-06-24,8190.975,7926.75,8223.15,7805.85,235
2020-06-25,7995.0,8069.1,8131.5,7819.5,119
2020-06-26,8137.35,7605.0,8137.35,7312.5,306
2020-06-29,7702.5,7631.325,7799.025,7448.025,96
2020-06-30,7653.75,7552.35,7702.5,7410.0,119
2020-07-01,7595.25,7899.45,8170.5,7483.125,344
2020-07-02,8043.75,7612.8,8043.75,7508.475,121
2020-07-06,7605.0,7702.5,7800.0,7458.75,113
2020-07-07,7558.2,7546.5,8665.8,7522.125,531
2020-07-08,7604.025,7468.5,7605.0,7419.75,103
2020-07-09,7419.75,7536.75,8180.25,7229.625,818
2020-07-10,7546.5,7369.05,7653.75,7234.5,198
2020-07-13,7235.475,6630.0,7311.525,6537.375,268
2020-07-14,6630.0,6620.25,7016.1,6337.5,296
2020-07-15,6610.5,7020.0,7106.775,6610.5,180
2020-07-16,6825.0,7117.5,7214.025,6731.4,115
2020-07-17,7161.375,7215.0,7311.525,6971.25,93
2020-07-20,7117.5,7240.35,7320.924,7068.75,89
2020-07-21,7215.0,7310.55,7410.0,7117.5,114
2020-07-22,7312.5,7312.5,7410.0,7224.75,61
2020-07-23,7312.5,7059.0,7312.5,6922.5,107
2020-07-24,7005.375,6971.25,7020.0,6922.5,53
2020-07-27,6969.3,6761.1375,7117.5,6727.5,61
2020-07-28,6825.0,6909.825,7020.0,6762.6,70
2020-07-29,6909.825,7141.875,7663.5,6778.2,413
2020-07-30,6962.475,7062.9,7117.5,6737.25,119
2020-07-31,6922.5,6834.75,6995.625,6776.25,55
2020-08-03,6776.25,6727.5,6970.275,6727.5,108
2020-08-04,6756.75,6771.375,6911.775,6630.0,113
2020-08-05,6705.075,6820.125,7312.5,6630.0,101
2020-08-06,6961.5,6825.0,6997.575,6767.475,60
2020-08-07,6825.0,6825.0,6971.25,6679.725,146
2020-08-10,6825.0,6840.6,6971.2403,6727.5,127
2020-08-11,6825.0,6727.5,6834.75,6649.5,71
2020-08-12,6742.125,6765.525,6832.7903,6641.7,86
2020-08-13,6825.0,6727.5,6836.7,6669.0,1023
2020-08-14,7998.9,7430.475,9134.775,7220.85,3143
2020-08-17,7026.825,7370.025,7494.825,7020.0,383
2020-08-18,7474.35,7409.025,8081.775,7166.25,935
2020-08-19,7400.25,7156.5,7400.25,7030.725,247
2020-08-20,7029.75,6961.5,7073.625,6825.0,230
2020-08-21,6834.75,6949.8,7117.5,6795.75,133
2020-08-24,6922.5,6630.0,6922.5,6337.5,179
2020-08-25,6971.25,6897.15,6981.0,6631.0725,138
2020-08-26,6825.0,6651.45,6873.75,6532.5,85
2020-08-27,6727.5,6636.825,6825.0,6633.9,67
2020-08-28,6747.0,6727.5,6747.0,6532.5,79
2020-08-31,6727.5,6615.375,6755.775,6557.85,56
2020-09-01,6540.3,6493.5,6620.25,6240.975,105
2020-09-02,6502.275,6531.525,6630.0,6251.7,110
2020-09-03,6242.925,6712.875,6813.2903,6242.925,136
2020-09-04,6798.675,6969.3,7213.05,6435.0,411
2020-09-08,6644.625,6717.75,6825.0,6581.25,83
2020-09-09,6630.0,6457.425,6630.0,6250.725,88
2020-09-10,6454.5,6386.25,6530.55,6288.75,64
2020-09-11,6296.55,6096.675,6361.8653,6055.725,115
2020-09-14,6240.0,6220.5,6370.65,6054.75,73
2020-09-15,6220.5,6288.75,6355.05,6146.4,57
2020-09-16,6296.55,6287.775,6315.075,6157.125,35
2020-09-17,6199.05,6191.25,6291.675,6054.75,65
2020-09-18,6191.25,6359.925,6483.2723,6144.45,60
2020-09-21,6337.5,6435.0,6546.15,6179.55,78
2020-09-22,6601.725,6688.5,6775.275,6338.475,142
2020-09-23,6825.0,6630.0,7117.5,6532.5,231
2020-09-24,6483.75,6327.75,6532.5,6153.225,97
2020-09-25,6327.75,6469.125,6486.675,6220.5,60
2020-09-28,6655.35,6571.5,6722.625,6343.35,71
2020-09-29,6559.8,6825.0,6995.1375,6553.95,149
2020-09-30,6829.875,6795.75,6922.5,6581.25,80
2020-10-01,6825.0,7468.5,7593.3,6680.7,399
2020-10-02,7679.1,8128.575,8375.25,7416.825,761
2020-10-05,8190.0,7821.45,8256.3,7617.675,233
2020-10-06,7775.625,7344.675,7799.025,7269.6,194
2020-10-07,7517.25,7895.55,7995.0,7478.25,173
2020-10-08,8187.075,8305.05,8775.0,7995.0,815
2020-10-09,8287.5,8238.75,8529.3,8006.7,208
2020-10-12,8141.25,8458.125,8970.0,8092.5,544
2020-10-13,8482.5,8587.8,8872.5,8388.9,256
2020-10-14,8574.15,8287.5,8587.8,8112.0,169
2020-10-15,8190.0,8282.625,8282.625,7831.2,116
2020-10-16,8289.45,8092.5,8302.125,7878.0,130
2020-10-19,8099.325,7873.125,8365.5,7800.0,102
2020-10-20,7883.85,7848.75,7995.0,7342.725,180
2020-10-21,7605.0,7695.675,7800.0,7602.075,77
2020-10-22,7605.0,7558.2,7702.5,7410.975,69
2020-10-23,7558.2,7485.075,7607.925,7314.45,82
2020-10-26,7485.075,7152.6,7701.525,6355.05,207
2020-10-27,7215.0,6980.025,7215.0,6825.0,43
2020-10-28,6825.0,6581.25,6908.85,6484.725,141
2020-10-29,6610.5,6561.75,6726.525,6532.5,65
2020-10-30,6532.5,6639.75,6825.0,6532.5,82
2020-11-02,6774.3,6703.125,6822.075,6629.025,32
2020-11-03,6825.0,6874.725,7019.025,6727.5,68
2020-11-04,7215.0,6795.75,7215.0,6630.0,229
2020-11-05,6922.5,6920.55,6981.975,6630.975,81
2020-11-06,6922.5,6821.1,6923.475,6727.5,675
2020-11-09,8440.575,7731.75,8974.875,7507.5,1406
2020-11-10,7750.275,7702.5,7991.1,7215.975,229
2020-11-11,7410.0,7510.425,7701.525,7409.025,107
2020-11-12,7782.45,7702.5,7848.75,7481.175,111
2020-11-13,7702.5,7605.0,7702.5,7459.725,88
2020-11-16,7691.775,7409.025,7691.775,7224.75,167
2020-11-17,7506.525,7780.5,7800.0,7167.225,191
2020-11-18,7702.5,7665.45,7800.0,7507.5,127
2020-11-19,7699.575,7897.5,7995.0,7531.875,139
2020-11-20,7950.15,8072.025,8104.2,7683.0,155
2020-11-23,8125.65,8092.5,8248.5,7947.225,138
2020-11-24,8190.0,7926.75,8287.5,7907.25,175
2020-11-25,7995.0,7896.525,7995.0,7702.5,150
2020-11-27,8063.25,8092.5,8190.0,7800.975,129
2020-11-30,7897.5,8011.575,8093.475,7708.35,160
2020-12-01,7995.0,7839.0,8033.025,7800.0,88
2020-12-02,7897.5,7800.0,7943.325,7494.825,130
2020-12-03,7736.625,7819.5,7945.275,7702.5,99
2020-12-04,7887.75,7823.4,7995.0,7605.0,128
2020-12-07,7997.925,8043.75,8913.45,7835.1,1260
2020-12-08,7312.5,7429.5,7651.8,7215.0,294
2020-12-09,7507.5,7250.1,7885.8,7117.5,292
2020-12-10,7399.275,7574.775,8092.5,7312.5,492
2020-12-11,7327.125,7341.75,7507.5,7215.0,137
2020-12-14,7406.1,7335.9,7408.05,7171.125,147
2020-12-15,7410.0,7595.25,7595.25,7245.225,142
2020-12-16,7595.25,7558.2,7605.0,7307.625,102
2020-12-17,7605.0,7907.25,8068.1153,7559.175,223
2020-12-18,7897.5,7800.0,8042.7653,7734.675,114
2020-12-21,7976.475,8234.85,8463.0,7726.875,265
2020-12-22,8287.5,7931.625,8385.0,7800.0,281
2020-12-23,7979.4,8092.5,8276.775,7917.0,156
2020-12-24,8287.5,7994.025,8324.55,7897.5,140
2020-12-28,8179.275,7995.0,8238.75,7995.0,208
2020-12-29,8066.175,7673.25,8066.175,7605.975,229
2020-12-30,7800.0,7605.0,7929.675,7507.5,243
2020-12-31,7897.5,7731.75,7897.5,7595.25,249
2021-01-04,7800.0,8286.525,8286.525,7799.025,363
2021-01-05,8287.5,8555.625,9067.5,8190.0,831
2021-01-06,8677.5,8759.4,9360.0,8580.0,855
2021-01-07,8970.0,8616.075,9165.0,8385.975,358
2021-01-08,8775.0,9028.5,9164.025,8691.15,545
2021-01-11,9652.5,9750.0,9847.5,9311.25,875
2021-01-12,10237.5,10920.0,11017.5,10042.5,857
2021-01-13,11115.0,10237.5,11115.0,9750.0,746
2021-01-14,10920.0,11115.0,11115.0,10530.0,599
2021-01-15,11115.0,12285.0,12870.0,10822.5,1115
2021-01-19,12475.125,12187.5,13552.5,11700.0,1193
2021-01-20,12382.5,11992.5,12382.5,11017.5,564
2021-01-21,11797.5,12577.5,12675.0,11700.0,657
2021-01-22,12675.0,12675.0,12675.0,12187.5,305
2021-01-25,13065.0,12675.0,14820.0,12382.5,1302
2021-01-26,12870.0,12772.5,13162.5,12187.5,712
2021-01-27,12791.025,13650.0,14332.5,12772.5,1089
2021-01-28,13260.0,13650.0,14625.0,13162.5,576
2021-01-29,14040.0,13845.0,15307.5,13455.0,891
2021-02-01,14137.5,13552.5,14332.5,12675.0,561
2021-02-02,12675.0,12187.5,13162.5,11895.0,706
2021-02-03,12577.5,13552.5,13552.5,12382.5,371
2021-02-04,13747.5,13065.0,13796.25,12675.0,377
2021-02-05,13650.0,13455.0,13747.5,13162.5,293
2021-02-08,13747.5,14527.5,14625.0,13455.0,718
2021-02-09,16087.5,15600.0,17355.0,15600.0,1162
2021-02-10,16185.0,15015.0,16380.0,14332.5,773
2021-02-11,15112.5,14625.0,15307.5,14137.5,550
2021-02-12,14430.0,14430.0,14625.0,13942.5,442
2021-02-16,14430.0,14430.0,14820.0,14040.0,609
2021-02-17,14722.5,13942.5,14722.5,13650.0,526
2021-02-18,13942.5,13552.5,14137.5,12967.5,620
2021-02-19,13942.5,13260.0,14040.0,13260.0,547
2021-02-22,13162.5,12480.0,13455.0,12382.5,481
2021-02-23,11797.5,11407.5,12187.5,9750.0,859
2021-02-24,11895.0,12090.0,12333.75,11310.0,855
2021-02-25,11895.0,10822.5,12090.0,10627.5,854
2021-02-26,10920.0,11017.5,11748.75,10335.0,497
2021-03-01,11212.5,11017.5,11505.0,10822.5,322
2021-03-02,11017.5,10725.0,11992.5,10432.5,446
2021-03-03,10725.0,10335.0,10725.0,10042.5,312
2021-03-04,9945.0,9623.25,10140.0,9067.5,635
2021-03-05,9750.0,9715.875,9945.0,8775.0,486
2021-03-08,9750.0,9945.0,10237.5,9559.875,244
2021-03-09,10237.5,10627.5,10725.0,9945.0,352
2021-03-10,11115.0,11115.0,11212.5,10335.0,300
2021-03-11,11212.5,11407.5,11407.5,10822.5,236
2021-03-12,11212.5,11407.5,11505.0,10822.5,202
2021-03-15,11602.5,12187.5,12285.0,11310.0,321
2021-03-16,12285.0,11407.5,12285.0,11017.5,321
2021-03-17,10920.0,12090.0,12285.0,10627.5,411
2021-03-18,11797.5,11602.5,11992.5,10920.0,428
2021-03-19,11505.0,12090.0,12772.5,11310.0,470
2021-03-22,12480.0,12285.0,12577.5,11505.0,331
2021-03-23,12115.35,11602.5,12138.75,11115.0,435
2021-03-24,11700.0,10725.0,11700.0,10530.0,260
2021-03-25,10237.5,11115.0,11115.0,10042.5,243
2021-03-26,11310.0,11212.5,11310.0,10530.0,427
2021-03-29,8872.5,8790.6,9262.5,8435.7,1331
2021-03-30,9018.75,8952.45,9165.0,8823.75,325
2021-03-31,9062.625,9165.0,9222.525,8872.5,243
2021-04-01,9189.375,9231.3,9457.5,9067.5,246
2021-04-05,9360.0,9032.4,9360.0,8786.7,216
2021-04-06,8843.25,9945.0,10711.35,8823.75,378
2021-04-07,9965.475,9543.3,10140.0,9067.5,329
2021-04-08,9486.75,9423.375,9720.75,9120.15,144
2021-04-09,9262.5,9104.55,9506.25,8904.675,121
2021-04-12,9067.5,8735.025,9104.55,8482.5,217
2021-04-13,8592.675,8311.875,8677.5,7995.0,304
2021-04-14,8190.0,8358.675,8627.775,8092.5,249
2021-04-15,7331.025,7175.025,7565.025,7034.625,615
2021-04-16,7175.025,7051.2,7312.5,6729.45,364
2021-04-19,7194.525,7219.875,7304.7,6927.375,175
2021-04-20,7117.5,6808.425,7214.025,6630.0,197
2021-04-21,6838.65,7028.775,7116.525,6825.0,124
2021-04-22,7215.0,7127.25,7283.25,6924.45,105
2021-04-23,7312.5,7096.05,7312.5,7041.45,112
2021-04-26,7222.8,7616.7,7671.3,7049.25,193
2021-04-27,7892.625,7573.8,7892.625,7341.75,99
2021-04-28,7507.5,7653.75,7741.5,7420.725,105
2021-04-29,7702.5,7597.2,7896.525,7375.875,109
2021-04-30,7410.0,7401.225,7543.575,7312.5,82
2021-05-03,7325.175,7151.625,7458.75,7025.85,178
2021-05-04,6922.5,7065.825,7575.75,6688.5,429
2021-05-05,7215.0,7507.5,7995.0,6923.475,567
2021-05-06,7731.75,7180.875,7787.325,7098.0,277
2021-05-07,7302.75,7068.75,7458.75,6883.5,204
2021-05-10,7020.0,6756.75,7215.0,6727.5,213
2021-05-11,6581.25,6630.0,6768.45,6348.225,183
2021-05-12,6630.0,6246.825,6727.5,6053.2778,433
2021-05-13,6240.0,5938.725,6245.85,5752.5,325
2021-05-14,6012.825,6240.0,6265.35,5850.0,140
2021-05-17,6281.925,6337.5,6337.5,6045.0,323
2021-05-18,7786.35,7117.5,7800.0,6825.0,1137
2021-05-19,6877.65,7385.625,7751.25,6825.0,329
2021-05-20,7398.3,7639.125,8198.775,7169.175,799
2021-05-21,7702.5,7215.0,7702.5,7020.975,300
2021-05-24,7215.0,6954.675,7215.0,6834.75,195
2021-05-25,6922.5,6825.0,6969.3,6727.5,158
2021-05-26,6821.1,6962.475,7020.0,6776.25,98
2021-05-27,7020.0,6998.55,7193.55,6852.3,114
2021-05-28,6960.525,6971.25,7018.05,6737.25,115
2021-06-01,6912.75,6821.1,6971.25,6751.875,173
2021-06-02,6862.05,7302.75,7457.775,6727.5,557
2021-06-03,7167.225,7340.775,7556.25,7020.0,267
2021-06-04,7215.0,7020.0,7397.325,6935.175,142
2021-06-07,7018.05,7090.2,7311.525,6923.475,173
2021-06-08,7090.2,7245.225,7307.625,6971.25,153
2021-06-09,7312.5,7666.425,7872.15,7215.0,269
2021-06-10,7605.0,7225.725,7605.0,7215.0,131
2021-06-11,7225.725,7446.075,7456.8,7221.825,135
2021-06-14,7647.9,7472.4,7800.0,7419.75,115
2021-06-15,7405.125,7800.0,8145.15,7405.125,500
2021-06-16,7642.05,8321.625,8719.425,7322.25,1445
2021-06-17,8664.825,8092.5,8970.0,8024.25,623
2021-06-18,7995.0,7703.475,8092.5,7703.475,283
2021-06-21,7800.0,7752.225,8287.5,7705.425,240
2021-06-22,7676.175,7605.0,7789.2945,7605.0,104
2021-06-23,7605.0,8029.125,8091.525,7605.0,172
2021-06-24,8092.5,8115.9,8482.5,7976.475,106
2021-06-25,8169.525,8385.0,8580.0,8092.5,153
2021-06-28,8385.0,8662.875,8872.5,8385.0,124
2021-06-29,8774.025,8049.6,8775.0,7975.5,223
2021-06-30,8092.5,8111.025,8213.4,7702.5,125
2021-07-01,7897.5,7751.25,8091.525,7704.45,78
2021-07-02,7800.0,7380.75,7994.025,7361.25,107
2021-07-06,7605.0,7497.75,7702.5,6825.0,344
2021-07-07,7358.325,7132.125,7507.5,6923.475,217
2021-07-08,6873.75,7023.9,7088.25,6825.0,1687
2021-07-09,9945.0,10237.5,12187.5,9847.5,21422
2021-07-12,7289.1,6873.75,7502.625,6814.275,9779
2021-07-13,6873.75,6549.075,6873.75,6531.525,2244
2021-07-14,6435.0,6513.975,6873.75,6142.5,2404
2021-07-15,6683.625,6215.625,6709.95,6147.375,1288
2021-07-16,6225.375,5997.225,6237.075,5977.725,850
2021-07-19,5843.175,5999.175,5999.175,5606.25,1018
2021-07-20,5976.75,6353.1,6435.0,5835.375,854
2021-07-21,6338.475,6247.8,6338.475,6093.75,638
2021-07-22,6299.475,6074.25,6299.475,5998.2,573
2021-07-23,6093.75,5913.375,6093.75,5789.55,488
2021-07-26,5947.5,5869.5,6114.225,5850.0,369
2021-07-27,5850.0,6095.7,6139.575,5703.75,526
2021-07-28,5998.2,6005.025,6238.05,5860.725,309
2021-07-29,6045.0,6093.75,6191.25,5971.875,309
2021-07-30,6045.0,5951.4,6084.975,5947.5,255
2021-08-02,5967.0,6088.875,6263.4,5959.2,414
2021-08-03,6137.625,5996.25,6138.6,5900.7,314
2021-08-04,5976.75,6102.525,6346.275,5973.825,513
2021-08-05,6117.15,6156.15,6365.775,5986.5,522
2021-08-06,6219.525,6218.55,6240.0,6025.5,317
2021-08-09,6235.125,6379.425,6682.65,6234.15,602
2021-08-10,6475.95,6402.825,6580.275,6203.925,379
2021-08-11,6529.575,6512.025,6542.25,6337.5,300
2021-08-12,6481.8,6524.7,6569.55,6387.225,326
2021-08-13,6515.925,6659.25,6824.025,6483.75,675
2021-08-16,6142.5,5392.725,6191.25,5220.15,2812
2021-08-17,5330.325,4910.1,5362.5,4791.15,1218
2021-08-18,4923.75,4875.975,5060.25,4695.6,605
2021-08-19,4860.375,4549.35,4977.375,4504.5,751
2021-08-20,4638.075,4787.25,4864.275,4489.875,460
2021-08-23,4829.175,5070.0,5165.55,4788.225,391
2021-08-24,5070.0,5387.85,5457.075,5070.0,334
2021-08-25,5363.475,5209.425,5505.825,5119.725,351
2021-08-26,5265.0,5071.95,5437.575,4875.975,309
2021-08-27,5080.725,5241.6,5247.45,5080.725,232
2021-08-30,5265.975,5360.55,5361.525,5196.75,263
2021-08-31,5356.65,5431.725,5523.375,5304.0,360
2021-09-01,5460.0,5627.7,5652.9525,5396.625,427
2021-09-02,5655.0,5678.4,5947.5,5562.375,573
2021-09-03,5734.95,5553.6,5754.45,5376.15,371
2021-09-07,5556.525,5550.675,5734.95,5460.0,390
2021-09-08,5460.0,5342.025,5562.375,5274.75,369
2021-09-09,5280.6,5419.05,5507.775,5280.6,188
2021-09-10,5523.375,5559.45,5839.275,5508.75,803
2021-09-13,5558.475,5340.075,5581.875,5223.075,255
2021-09-14,5342.025,5331.3,5507.775,5123.625,262
2021-09-15,5306.925,5312.775,5410.275,5200.65,157
2021-09-16,5265.975,5472.675,5493.15,5256.225,148
2021-09-17,5417.1,5099.25,5450.25,5099.25,356
2021-09-20,5079.75,4780.425,5093.4,4777.5,351
2021-09-21,4875.0,4777.5,4923.75,4777.5,210
2021-09-22,4875.0,4949.1,5031.0,4875.0,152
2021-09-23,5070.0,5060.25,5167.5,4984.2,177
2021-09-24,5070.0,5012.475,5117.775,4855.5,354
2021-09-27,4889.625,5049.525,5157.75,4875.0,204
2021-09-28,5011.5,4942.275,5046.6,4779.1868,214
2021-09-29,4972.5,4816.5,4972.5,4787.25,209
2021-09-30,4923.75,4998.825,5362.5,4778.475,1094
2021-10-01,5072.925,4953.0,5165.55,4923.75,161
2021-10-04,4972.5,4915.95,5055.375,4788.225,426
2021-10-05,4863.3,4855.5,4947.15,4816.5,179
2021-10-06,4792.125,4709.25,4822.35,4657.575,225
2021-10-07,4777.5,4765.8,4826.25,4710.225,109
2021-10-08,4745.325,4750.2,4855.5,4693.65,156
2021-10-11,4761.9,4915.95,4970.55,4730.7,179
2021-10-12,5045.625,4898.4,5245.5,4797.975,383
2021-10-13,4972.5,4840.875,4972.5,4767.75,194
2021-10-14,4898.4,4893.525,5010.525,4831.125,175
2021-10-15,4886.7,4923.75,4972.5,4875.0,133
2021-10-18,4914.975,4915.95,5068.05,4875.0,176
2021-10-19,5460.0,5421.0,5484.375,5080.725,1415
2021-10-20,5364.45,5567.25,6034.275,5362.5,841
2021-10-21,5655.0,5394.675,5749.575,5351.775,282
2021-10-22,5362.5,5065.125,5411.25,4927.65,495
2021-10-25,5067.075,5070.0,5145.075,5021.25,237
2021-10-26,5070.0,5057.325,5508.75,4992.0,563
2021-10-27,5070.0,5138.25,5313.75,5070.0,322
2021-10-28,5182.125,5127.525,5209.425,5099.25,178
2021-10-29,5342.025,5040.75,5362.5,5021.25,255
2021-11-01,5070.0,5191.875,5265.0,5061.2348,265
2021-11-02,5167.5,5158.725,5284.5,5071.95,198
2021-11-03,5079.75,5139.225,5263.05,5021.25,196
2021-11-04,5128.5,5165.55,5265.0,5070.0,162
2021-11-05,5265.0,5053.425,5265.0,4827.225,318
2021-11-08,5021.25,4992.975,5070.0,4850.625,397
2021-11-09,4978.35,5039.775,5070.0,4923.75,163
2021-11-10,4998.825,4910.1,5030.025,4875.975,160
2021-11-11,4972.5,4909.125,5009.55,4870.125,167
2021-11-12,4972.5,5033.925,5070.0,4885.725,160
2021-11-15,5059.275,5079.75,5079.75,4934.4848,478
2021-11-16,4797.975,4753.125,4826.25,4419.675,1216
2021-11-17,4704.375,4465.5,4728.75,4435.275,397
2021-11-18,4387.5,4192.5,4485.0,4100.85,517
2021-11-19,4112.55,4142.775,4290.0,4032.6,351
2021-11-22,4095.0,3987.75,4170.075,3745.95,563
2021-11-23,3875.625,3989.7,4095.0,3851.25,196
2021-11-24,3931.2,4085.25,4101.8153,3900.975,183
2021-11-26,3915.6,3931.2,3996.525,3901.95,87
2021-11-29,4013.1,3814.2,4075.5,3808.35,161
2021-11-30,3705.975,3798.6,3841.5,3611.4,295
2021-12-01,3812.25,3729.375,3995.55,3705.0,208
2021-12-02,3659.175,3705.0,3800.55,3609.45,116
2021-12-03,3705.0,3634.8,3802.5,3515.85,186
2021-12-06,3656.25,3604.575,3656.25,3461.25,231
2021-12-07,3549.0,3802.5,3851.25,3549.0,191
2021-12-08,3809.325,4017.975,4180.8,3742.05,178
2021-12-09,3997.5,3931.2,4075.5,3900.0,121
2021-12-10,3923.4,3892.2,4046.25,3725.475,107
2021-12-13,3930.225,3705.975,3930.225,3705.0,123
2021-12-14,3705.0,3605.55,3738.15,3549.0,155
2021-12-15,3631.875,3898.05,3898.05,3425.175,158
2021-12-16,3939.975,3755.7,3939.975,3659.175,217
2021-12-17,3900.0,4035.525,4046.25,3822.0,307
2021-12-20,4026.75,3945.825,4035.525,3851.25,167
2021-12-21,3933.15,4063.8,4137.9,3900.975,257
2021-12-22,3909.75,4024.8,4095.0,3906.825,168
2021-12-23,4030.65,4065.75,4142.775,3958.5,212
2021-12-27,4095.0,4066.725,4134.975,4065.75,201
2021-12-28,4190.55,3900.0,4192.5,3900.0,190
2021-12-29,3900.0,3687.45,3978.975,3597.75,429
2021-12-30,3684.525,3710.85,3801.525,3611.4,225
2021-12-31,3744.0,3558.75,3744.0,3540.225,328
2022-01-03,3546.075,3691.35,3729.375,3546.075,148
2022-01-04,3794.7,3852.225,3900.0,3685.5,161
2022-01-05,3802.5,3683.55,3802.5,3666.975,107
2022-01-06,3788.85,3664.05,3802.5,3559.725,119
2022-01-07,3705.0,3627.0,3705.0,3584.1,58
2022-01-10,3655.275,3510.0,3704.025,3417.375,192
2022-01-11,3494.4,3516.825,3607.5,3422.25,138
2022-01-12,3558.75,3438.825,3606.525,3418.35,117
2022-01-13,3496.35,3281.85,3496.35,3249.675,289
2022-01-14,3246.75,3086.85,3314.0738,2987.4,262
2022-01-18,3041.025,3021.525,3053.7,2833.35,334
2022-01-19,3021.525,2808.0,3021.525,2705.625,464
2022-01-20,2632.5,2828.475,3017.625,2632.5,184
2022-01-21,2829.45,2635.425,2865.525,2632.5,232
2022-01-24,2447.25,2374.125,2631.525,2208.375,389
2022-01-25,2437.5,2791.425,2827.5,2437.5,209
2022-01-26,2781.675,2602.275,2791.425,2583.75,120
2022-01-27,2819.7,2536.95,2819.7,2536.95,152
2022-01-28,2569.125,2568.15,2631.525,2535.0,70
2022-01-31,2825.55,2729.025,2825.55,2634.45,77
2022-02-01,2822.625,2858.7,2925.0,2684.175,216
2022-02-02,2857.725,2756.325,2857.9103,2683.2,63
2022-02-03,2827.5,2709.525,2827.5,2686.125,62
2022-02-04,2632.5,2797.275,2799.225,2632.5,64
2022-02-07,2924.025,2726.1,2924.025,2703.6555,67
2022-02-08,2730.0,2688.075,2754.375,2656.875,51
2022-02-09,2710.5,2700.75,2730.0,2652.0,69
2022-02-10,2730.0,2697.825,2753.4,2582.775,88
2022-02-11,2697.825,2621.775,2753.4,2593.5,109
2022-02-14,2625.675,2438.475,2632.5,2438.475,91
2022-02-15,2535.0,1950.0,2554.5,1716.0,3343
2022-02-16,1783.275,1560.0,1793.025,1482.0,2373
2022-02-17,1638.975,1548.3,1677.0,1496.625,1500
2022-02-18,1550.25,1633.125,1667.25,1491.75,1136
2022-02-22,1467.375,1496.625,1540.5,1418.625,595
2022-02-23,1462.5,1521.0,1579.5,1462.5,398
2022-02-24,1365.0,1500.525,1509.3,1344.525,618
2022-02-25,1498.575,1528.8,1638.0,1463.475,668
2022-02-28,1566.825,1742.325,1803.75,1545.375,1091
2022-03-01,1755.0,1679.925,1803.75,1627.275,425
2022-03-02,1765.725,1891.5,1979.25,1755.0,1851
2022-03-03,1921.725,1770.6,1939.2652,1769.625,581
2022-03-04,1726.725,1627.275,1755.0,1584.375,415
2022-03-07,1657.5,1663.35,1803.75,1618.5,360
2022-03-08,1668.225,1691.625,1755.0,1608.75,309
2022-03-09,1762.8,1733.55,1774.5,1708.2,234
2022-03-10,1803.75,1648.725,1803.75,1618.5,226
2022-03-11,1706.25,1618.5,1706.25,1608.75,206
2022-03-14,1657.5,1506.375,1657.5,1462.5,419
2022-03-15,1516.125,1591.2,1608.75,1506.375,298
2022-03-16,1647.75,1710.15,1741.35,1623.375,278
2022-03-17,1716.0,1789.125,1807.65,1716.0,274
2022-03-18,1794.0,1901.25,1939.275,1755.0,749
2022-03-21,1927.575,1920.75,1969.5,1806.675,348
2022-03-22,1952.925,1906.125,1993.875,1876.875,263
2022-03-23,1950.0,1950.0,1969.5,1852.5,177
2022-03-24,1891.5,1891.5,1968.525,1863.225,243
2022-03-25,1852.5,1786.2,1898.3152,1754.025,239
2022-03-28,1796.925,1731.6,1808.625,1688.7,258
2022-03-29,1720.875,1794.975,1950.0,1709.175,556
2022-03-30,1794.975,1771.575,1852.5,1764.75,136
2022-03-31,1847.625,1701.375,1850.55,1672.125,245
2022-04-01,1720.875,1691.625,1749.15,1674.075,164
2022-04-04,1755.0,1701.375,1755.0,1670.175,260
2022-04-05,1607.775,1560.975,1628.25,1560.0,382
2022-04-06,1579.5,1574.625,1623.375,1560.975,169
2022-04-07,1608.75,1540.5,1608.75,1486.875,283
2022-04-08,1570.725,1547.325,1571.7,1501.5,167
2022-04-11,1570.725,1473.225,1570.725,1472.25,179
2022-04-12,1628.25,1481.025,1628.25,1472.25,206
2022-04-13,1483.95,1527.825,1608.75,1482.975,95
2022-04-14,1545.375,1522.95,1546.35,1512.225,97
2022-04-18,1521.0,1430.325,1526.85,1379.625,2768
2022-04-19,2132.325,1959.75,2708.55,1952.925,20589
2022-04-20,2144.025,2047.5,2218.125,1852.5,5283
2022-04-21,1876.875,1758.9,2042.625,1684.8,2867
2022-04-22,1667.25,1717.95,1803.75,1608.75,1809
2022-04-25,1300.0,947.05,1300.0,884.0,13628
2022-04-26,994.5,943.15,1038.05,907.4,6291
2022-04-27,951.6,786.5,965.25,744.25,8132
2022-04-28,773.5,748.15,874.9,650.0,7379
2022-04-29,723.45,711.75,815.75,698.1,5735
2022-05-02,716.3,858.0,858.0,637.0065,6836
2022-05-03,849.55,799.5,893.0935,783.9,3456
2022-05-04,811.85,789.1,833.3,728.65,2028
2022-05-05,785.2,718.25,785.2,698.75,1540
2022-05-06,713.05,683.15,755.3,682.5,1752
2022-05-09,670.15,629.2,670.15,628.55,1012
2022-05-10,625.3,580.125,649.9935,559.325,1557
2022-05-11,558.35,572.65,592.124,554.125,1484
2022-05-12,556.4,585.0,630.279,546.0,1046
2022-05-13,609.7,619.45,660.5235,592.8,1264
2022-05-16,616.85,483.6,616.85,479.7,2781
2022-05-17,491.4,499.85,508.3,467.35,985
2022-05-18,479.7,508.95,520.0,472.563,1777
2022-05-19,494.0,487.5,520.0,474.5,1756
2022-05-20,494.0,443.3,494.0,422.5,1740
2022-05-23,451.1,393.25,466.05,390.0,2565
2022-05-24,376.35,343.2,376.35,334.1065,2334
2022-05-25,337.35,364.0,373.75,337.35,2200
2022-05-26,341.9,390.0,431.6,313.3,5055
2022-05-27,383.5,325.0,402.35,315.9,3847
2022-05-31,313.3,308.1,334.75,287.3065,3947
2022-06-01,299.65,308.75,318.5,296.4,1432
2022-06-02,309.4,338.0,338.0,308.75,1918
2022-06-03,332.15,313.3,332.15,308.75,1296
2022-06-06,315.25,282.75,322.4,276.25,1806
2022-06-07,286.65,312.65,330.2,270.543,4710
2022-06-08,315.25,370.5,370.5,304.2,5086
2022-06-09,362.05,295.75,384.8,293.15,5274
2022-06-10,283.4,258.7,292.5,253.5,4194
2022-06-13,252.2,249.6,266.149,228.8065,3306
2022-06-14,249.6,224.25,249.6,212.55,3509
2022-06-15,228.15,234.0,243.1,208.65,5905
2022-06-16,219.7,198.25,226.85,196.9565,12360
2022-06-17,100.75,96.2,107.25,91.0,108783
2022-06-21,97.825,93.6,99.45,91.65,24774
2022-06-22,90.35,89.7,93.6,87.1,17504
2022-06-23,91.65,113.1,117.65,91.65,101217
2022-06-24,199.55,175.5,256.75,172.9,2731940
2022-06-27,167.05,191.75,206.7,156.0,389603
2022-06-28,171.6,185.25,191.75,160.55,109206
2022-06-29,166.4,157.3,170.222,146.9,61202
2022-06-30,144.95,144.95,152.75,130.65,28262
2022-07-01,138.45,127.4,146.25,125.45,23394
2022-07-05,128.05,122.2,130.0,115.7065,20821
2022-07-06,120.9,132.6,137.15,120.9,17757
2022-07-07,130.0,129.35,136.5,127.4,10647
2022-07-08,133.25,131.3,136.5,128.7065,9295
2022-07-11,178.75,167.05,186.55,157.3,756607
2022-07-12,161.85,163.15,169.0,148.2,46617
2022-07-13,157.3,141.05,157.95,137.15,22592
2022-07-14,140.4,155.35,156.65,136.5,70702
2022-07-15,187.2,171.6,209.95,162.5,327671
2022-07-18,172.25,174.2,183.95,167.7,54182
2022-07-19,173.55,200.2,209.3,169.0,121891
2022-07-20,222.3,272.35,336.7,219.0565,921308
2022-07-21,323.7,371.8,375.05,301.6,1177774
2022-07-22,411.45,518.7,607.75,380.9,2142094
2022-07-25,389.35,382.2,404.95,351.0,415029
2022-07-26,354.9,351.65,383.5,341.25,121713
2022-07-27,338.0,297.7,339.95,265.2,152833
2022-07-28,386.75,380.9,431.6,360.75,1087815
2022-07-29,460.2,460.85,582.4,429.0,1226876
2022-08-01,538.85,561.6,623.311,523.9,660198
2022-08-02,527.15,521.95,552.5,474.5,137170
2022-08-03,490.1,499.2,549.25,487.5,89763
2022-08-04,474.5,427.05,495.95,427.05,59897
2022-08-05,480.35,430.3,481.0,413.4,60603
2022-08-08,469.3,468.0,488.8,440.05,105706
2022-08-09,459.55,423.8,461.5,422.5,26722
2022-08-10,422.5,423.15,438.1,394.55,31446
2022-08-11,433.55,404.95,475.8,403.0,49858
2022-08-12,409.5,353.6,409.5,347.75,38730
2022-08-15,325.0,312.65,333.45,305.5,85461
2022-08-16,306.15,309.4,334.75,296.075,115328
2022-08-17,302.25,343.2,365.95,297.7,150206
2022-08-18,332.15,328.9,347.75,312.65,64486
2022-08-19,341.25,315.25,344.5,305.5,54711
2022-08-22,282.1,269.1,292.5,263.9,40063
2022-08-23,258.05,243.75,259.3435,240.5,32605
2022-08-24,276.25,247.65,291.2,247.0,81155
2022-08-25,244.4,239.85,256.75,234.65,21281
2022-08-26,234.0,221.65,237.1395,217.1,19253
2022-08-29,213.2,206.7,223.535,206.375,15990
2022-08-30,215.15,200.2,223.6,189.8,39347
2022-08-31,201.5,191.1,201.5,188.5065,20133
2022-09-01,196.95,181.35,196.95,176.8,12045
2022-09-02,186.55,170.3,186.55,169.0,11480
2022-09-06,167.05,156.0,170.3,152.1,28090
2022-09-07,158.6,170.95,184.6,155.35,75401
2022-09-08,165.75,195.0,196.95,159.9,48767
2022-09-09,193.05,183.3,200.85,174.85,61211
2022-09-12,178.75,185.25,195.325,176.15,25402
2022-09-13,176.8,172.25,180.7,172.25,12972
2022-09-14,169.65,167.7,172.25,162.5,13421
2022-09-15,170.95,160.55,173.55,158.6,12259
2022-09-16,152.75,153.4,161.2,149.5,10896
2022-09-19,146.9,156.65,157.95,143.0065,11141
2022-09-20,154.7,146.9,157.222,146.25,8872
2022-09-21,152.75,144.3,152.75,143.0,12146
2022-09-22,141.7,148.2,152.1,139.815,14941
2022-09-23,141.05,131.95,143.0,130.0,12765
2022-09-26,133.9,143.65,157.95,133.2565,38892
2022-09-27,146.25,143.65,154.7,141.375,17000
2022-09-28,143.0,150.8,156.0,141.5895,13346
2022-09-29,146.9,135.85,150.423,135.2,8911
2022-09-30,136.5,132.6,142.35,130.975,8673
2022-10-03,130.0,136.5,137.8,123.5,10062
2022-10-04,138.45,144.3,145.6,138.45,9103
2022-10-05,144.3,150.8,154.6805,138.658,27738
2022-10-06,150.8,188.5,198.9,150.8,81044
2022-10-07,180.7,168.35,180.7,163.8,18041
2022-10-10,169.0,175.5,189.8,169.0,33109
2022-10-11,173.55,152.75,173.55,148.2,17479
2022-10-12,152.75,151.45,154.7,146.9,9817
2022-10-13,144.3,150.8,154.05,140.348,6175
2022-10-14,152.75,140.4,152.75,136.5,5406
2022-10-17,144.95,148.85,154.05,143.0,6303
2022-10-18,150.8,143.0,153.465,141.05,4976
2022-10-19,144.95,137.8,150.15,133.25,13938
2022-10-20,135.85,134.55,144.8265,133.25,4089
2022-10-21,133.25,135.2,141.05,131.3,6256
2022-10-24,135.2,133.25,138.45,130.65,3810
2022-10-25,133.25,151.45,159.25,133.25,16607
2022-10-26,148.85,147.55,156.65,143.0,9430
2022-10-27,147.55,139.75,154.7,139.75,5750
2022-10-28,140.4,139.75,144.3,133.25,4938
2022-10-31,136.5,134.55,141.7,134.55,4166
2022-11-01,137.15,136.5,142.48,135.85,4078
2022-11-02,135.85,135.85,142.35,131.95,5748
2022-11-03,131.95,131.95,138.918,130.65,4426
2022-11-04,132.6,131.95,133.8935,127.4,4767
2022-11-07,133.25,128.7,133.25,127.4,5587
2022-11-08,130.65,131.3,139.75,126.1,7540
2022-11-09,130.0,117.0,130.468,115.05,9280
2022-11-10,126.75,128.05,132.6,124.1825,7610
2022-11-11,133.25,143.0,144.3,131.3975,5714
2022-11-14,172.25,246.35,260.0,166.4,1183164
2022-11-15,200.85,209.3,217.75,190.45,209333
2022-11-16,162.5,157.95,170.95,150.8,90001
2022-11-17,156.0,168.35,174.85,154.05,43449
2022-11-18,165.75,172.25,177.45,161.2,23206
2022-11-21,164.45,165.1,174.2,161.85,12099
2022-11-22,169.0,173.55,188.5,165.75,78227
2022-11-23,173.55,163.15,173.55,157.95,24742
2022-11-25,162.5,163.15,163.8,159.1525,4993
2022-11-28,164.45,157.95,164.45,154.765,8689
2022-11-29,154.05,146.9,154.7,146.25,11408
2022-11-30,146.9,150.15,159.9,146.9,18022
2022-12-01,152.1,148.85,160.55,147.55,15571
2022-12-02,149.5845,153.4,157.95,148.2,6853
2022-12-05,152.75,151.45,153.4,146.25,15083
2022-12-06,152.1,139.75,152.1,139.1,15058
2022-12-07,139.75,137.15,140.4,130.65,17129
2022-12-08,137.15,140.4,144.3,135.2,7460
2022-12-09,137.8,139.1,146.25,135.3495,4924
2022-12-12,140.4,146.25,148.2,135.2,5809
2022-12-13,148.2,136.5,152.1,135.902,10374
2022-12-14,135.85,136.5,143.0,135.85,5046
2022-12-15,135.85,138.45,141.7,132.6,4823
2022-12-16,135.2,132.6,141.7,132.6,11209
2022-12-19,133.25,125.45,134.55,125.45,7720
2022-12-20,128.7,123.5,132.275,123.5,4851
2022-12-21,126.75,126.75,130.0,124.0395,6931
2022-12-22,128.05,123.5,128.05,117.975,5719
2022-12-23,123.5,126.1,129.025,119.925,5530
2022-12-27,123.5,121.55,126.1975,118.95,8235
2022-12-28,120.9,116.35,120.9,112.125,11190
2022-12-29,117.65,128.7,130.0,114.4,10444
2022-12-30,128.05,152.1,152.1,126.75,20255
2023-01-03,149.5,141.05,152.75,135.2,11178
2023-01-04,141.05,146.9,148.85,139.75,10675
2023-01-05,139.75,137.15,143.0,135.85,4180
2023-01-06,140.4,139.75,142.35,136.5,4929
2023-01-09,141.05,143.65,150.8,139.1065,19236
2023-01-10,146.9,145.6,148.85,142.35,5414
2023-01-11,148.2,144.95,151.45,144.95,10262
2023-01-12,146.9,145.6,148.525,139.75,8758
2023-01-13,144.95,144.95,151.45,143.65,7937
2023-01-17,144.95,139.75,144.95,136.5,10161
2023-01-18,142.35,137.15,146.25,135.525,10905
2023-01-19,135.85,132.6,135.85,130.6565,4496
2023-01-20,133.9,133.9,136.5,130.65,2987
2023-01-23,135.2,141.05,144.3,133.25,7228
2023-01-24,139.75,133.9,143.325,133.25,7581
2023-01-25,133.9,135.2,143.0,133.25,19109
2023-01-26,136.5,136.5,139.75,131.95,8551
2023-01-27,136.5,139.75,141.7,133.3345,7045
2023-01-30,139.75,141.05,141.7,136.591,6413
2023-01-31,141.05,140.4,143.65,139.1,8667
2023-02-01,140.4,142.35,144.183,138.45,5443
2023-02-02,143.65,146.9,149.5,143.0065,14530
2023-02-03,146.9,145.6,149.5,143.65,8137
2023-02-06,143.0,139.75,143.65,139.1,5724
2023-02-07,139.75,136.5,141.05,134.5435,6218
2023-02-08,137.8,133.9,137.8,133.9,5993
2023-02-09,137.15,130.65,137.15,130.0,5177
2023-02-10,130.65,130.0,133.25,127.4,3995
2023-02-13,129.35,132.6,132.6,125.099,4183
2023-02-14,129.35,131.3,135.2,127.4,4581
2023-02-15,135.2,137.8,139.75,130.728,7644
2023-02-16,134.55,132.6,139.555,132.275,3382
2023-02-17,134.55,137.8,137.8,131.378,3122
2023-02-21,136.5,137.15,137.15,134.55,3802
2023-02-22,135.85,135.85,137.475,133.9,2920
2023-02-23,136.5,132.6,137.8,131.3065,3771
2023-02-24,130.65,126.75,130.9685,126.75,4933
2023-02-27,130.0,121.55,130.0,121.55,9006
2023-02-28,122.2,122.2,123.5,119.6,6016
2023-03-01,122.2,120.9,123.5,119.6,4096
2023-03-02,121.55,120.9,122.2,117.0,4031
2023-03-03,122.2,127.4,128.05,121.5435,6200
2023-03-06,126.75,123.5,129.35,121.511,11144
2023-03-07,124.15,117.0,124.8,115.05,8249
2023-03-08,119.6,119.6,120.25,114.4715,4358
2023-03-09,117.65,115.7,118.3,114.4,4630
2023-03-10,117.0,113.75,117.0,110.5,6023
2023-03-13,113.75,113.75,114.4,108.55,6581
2023-03-14,117.65,107.25,118.95,105.17,10886
2023-03-15,105.95,120.9,123.5,104.0,25064
2023-03-16,104.0,87.1,104.0,83.2065,38728
2023-03-17,85.8,78.65,88.4,78.65,11709
2023-03-20,82.55,72.8,82.55,70.85,11509
2023-03-21,73.45,83.85,85.15,73.45,9032
2023-03-22,84.5,80.6,86.255,78.65,3804
2023-03-23,80.6,81.25,83.2,78.325,2193
2023-03-24,81.25,81.25,82.55,79.3,1930
2023-03-27,81.25,82.55,83.2,79.95,2995
2023-03-28,81.25,75.4,82.55,74.75,3711
2023-03-29,78.65,76.375,78.65,75.4,2942
2023-03-30,76.05,77.8245,79.95,76.05,3379
2023-03-31,78.0,77.35,79.3,76.7,1911
2023-04-03,78.0,73.125,78.0,72.15,4216
2023-04-04,74.1,68.9,74.1,66.95,9554
2023-04-05,70.85,70.2,70.85,67.6455,2848
2023-04-06,68.9,72.15,73.45,68.9,2150
2023-04-10,73.45,72.7155,73.45,70.343,1786
2023-04-11,73.45,72.8,74.75,70.2,3737
2023-04-12,72.15,72.8,75.4,70.85,1922
2023-04-13,74.75,70.2,75.4,67.6,13540
2023-04-14,71.5,68.9,71.5,68.25,3141
2023-04-17,69.55,70.2,70.85,68.25,4497
2023-04-18,70.85,68.25,70.85,66.3,2030
2023-04-19,68.9,66.95,68.9,66.3,2043
2023-04-20,67.6,66.95,67.6,65.975,2147
2023-04-21,66.95,66.95,66.95,66.3,1328
2023-04-24,66.95,65.975,66.95,65.65,1404
2023-04-25,65.65,61.3275,65.6695,60.4825,4844
2023-04-26,61.75,57.0895,61.75,56.5825,5975
2023-04-27,57.2,59.41,59.8,56.55,5020
2023-04-28,59.8,58.5,60.45,58.5,4382
2023-05-01,58.5,57.6355,59.774,56.55,4766
2023-05-02,57.85,61.568,61.997,54.366,8690
2023-05-03,59.15,59.553,61.1,58.5,1627
2023-05-04,60.06,58.045,61.1,53.3065,2796
2023-05-05,59.7935,58.5,60.45,58.5,1770
2023-05-08,59.15,63.505,63.6675,58.5065,4106
2023-05-09,63.5505,61.7305,63.5505,59.15,4021
2023-05-10,61.1,63.5505,64.35,60.4565,6161
2023-05-11,65.0,70.2,70.2,63.0565,13565
2023-05-12,68.25,66.95,68.9,62.8615,3328
2023-05-15,67.6,64.1875,68.25,63.7,4370
2023-05-16,64.61,62.6925,65.0,61.75,4722
2023-05-17,63.7,63.7,64.9935,61.23,6645
2023-05-18,63.05,61.1,63.7,59.8,3991
2023-05-19,59.8,60.2225,61.1,57.85,3074
2023-05-22,62.4,66.3,70.85,60.45,15928
2023-05-23,63.05,60.957,64.1745,58.5,9519
2023-05-24,61.425,61.737,63.414,59.8,1438
2023-05-25,60.45,57.85,61.1,57.2065,2291
2023-05-26,57.772,57.785,57.85,56.875,1924
