2022-02-11,3000.0,2120.0,3500.0,2020.0,3091
2022-02-14,2540.0,2030.0,2960.0,2030.0,17666
2022-02-15,2000.0,1730.0,2040.0,1660.0,1523
2022-02-16,1700.0,1680.0,1730.0,1600.0,523
2022-02-17,1662.7,1450.0,1670.0,1450.0,717
2022-02-18,1490.0,1430.0,1649.9,1420.0,828
2022-02-22,1350.0,1210.0,1399.9,1180.0,579
2022-02-23,1180.0,1150.0,1250.0,1110.0,347
2022-02-24,1030.0,1040.0,1080.0,880.0,560
2022-02-25,1070.0,1010.0,1070.0,980.0,150
2022-02-28,979.6,994.9,1020.0,960.3,168
2022-03-01,985.0,995.0,1020.0,950.0,158
2022-03-02,1050.0,1151.3,1250.0,1050.0,495
2022-03-03,1140.0,1059.8,1200.0,1050.0,208
2022-03-04,1020.0,1038.0,1073.8,1020.0,62
2022-03-07,1040.0,941.3,1059.2,900.0,311
2022-03-08,1020.0,965.1,1150.0,950.0,669
2022-03-09,1160.0,1380.0,1430.0,1060.0,16145
2022-03-10,1130.0,1080.0,1160.0,1040.0,885
2022-03-11,1030.0,980.0,1070.0,910.1,470
2022-03-14,900.0,900.1,940.0,890.0,237
2022-03-15,960.0,920.0,960.0,883.0,101
2022-03-16,1040.0,999.9,1040.0,920.1,292
2022-03-17,1190.0,1450.0,1630.0,1150.0,22453
2022-03-18,1300.0,1280.0,1430.0,1200.0,2119
2022-03-21,1220.0,1070.0,1280.0,1060.0,936
2022-03-22,1060.0,1199.9,1220.0,1060.0,483
2022-03-23,1150.0,1330.0,1400.0,1150.0,1169
2022-03-24,1330.0,1290.0,1350.0,1240.0,413
2022-03-25,1270.0,1200.0,1330.0,1179.7,548
2022-03-28,1340.0,1530.0,1800.0,1280.0,6457
2022-03-29,1600.0,1660.0,2130.0,1500.0,9604
2022-03-30,1660.0,1520.0,1720.0,1470.0,653
2022-03-31,1560.0,1430.0,1590.0,1400.0,246
2022-04-01,1400.0,1360.0,1485.0,1300.0,227
2022-04-04,1370.0,1420.0,1476.8,1340.0,259
2022-04-05,1480.0,1550.0,1610.0,1400.0,429
2022-04-06,1710.0,1670.0,1760.0,1450.0,1775
2022-04-07,1590.0,1490.0,1630.0,1422.0,520
2022-04-08,1450.0,1440.0,1590.0,1430.0,334
2022-04-11,1420.0,1320.0,1530.0,1221.6,367
2022-04-12,1320.0,1180.0,1380.0,1160.0,245
2022-04-13,1210.0,1220.0,1250.0,1190.0,93
2022-04-14,1220.0,1190.0,1230.0,1110.0,89
2022-04-18,1200.0,1220.0,1240.0,1150.1,94
2022-04-19,1200.0,1240.0,1270.0,1200.0,92
2022-04-20,1250.0,1340.0,1440.0,1214.4,165
2022-04-21,1340.0,1230.0,1400.0,1200.0,69
2022-04-22,1254.9,1130.0,1258.0,1110.0,65
2022-04-25,1150.0,1140.0,1180.0,1020.0,104
2022-04-26,1170.0,1120.0,1170.0,1080.0,59
2022-04-27,1130.0,1280.0,1400.0,1080.0,682
2022-04-28,1260.0,1390.0,1550.0,1230.0,672
2022-04-29,1460.0,1400.0,1530.0,1320.0,224
2022-05-02,1330.0,1280.0,1390.0,1280.0,56
2022-05-03,1410.0,1320.0,1500.0,1300.0,155
2022-05-04,1370.0,1510.0,1530.0,1290.0,468
2022-05-05,1450.0,1420.0,1560.0,1350.0,278
2022-05-06,1490.0,1460.0,1490.0,1360.0,187
2022-05-09,1360.0,1335.0,1460.0,1258.4,151
2022-05-10,1300.0,1150.0,1420.0,1120.0,156
2022-05-11,1100.0,1040.0,1230.0,1040.0,55
2022-05-12,1070.0,950.0,1130.0,920.0,216
2022-05-13,1030.0,1020.0,1120.0,1000.0,69
2022-05-16,956.3,953.0,1060.0,950.0,94
2022-05-17,990.0,969.899,1040.0,901.2,178
2022-05-18,1020.0,1100.0,1120.0,990.0,149
2022-05-19,1040.0,1150.0,1180.0,1010.0,122
2022-05-20,1370.0,1120.0,1400.0,1120.0,179
2022-05-23,1250.0,1180.0,1250.0,1140.3,52
2022-05-24,1010.0,777.0,1180.0,760.1,1638
2022-05-25,819.0,635.1,819.0,630.8,1129
2022-05-26,899.9,870.0,939.0,654.6,17821
2022-05-27,790.0,768.1,829.5,709.9,918
2022-05-31,717.9,703.5,754.5,690.0,381
2022-06-01,680.0,661.0,750.0,650.0,790
2022-06-02,698.0,602.2,740.0,600.0,1828
2022-06-03,390.0,385.0,410.0,380.0,5063
2022-06-06,410.0,406.5,489.0,400.0,4548
2022-06-07,405.0,399.9,414.0,381.0,784
2022-06-08,393.4,400.5,414.0,390.0,1044
2022-06-09,395.6,389.0,409.9,371.3,848
2022-06-10,379.1,389.9,397.0,372.0,444
2022-06-13,376.0,335.1,376.0,330.0,1152
2022-06-14,348.3,351.4,359.9,330.1,437
2022-06-15,355.1,361.8,369.799,335.0,612
2022-06-16,349.8,352.3,368.9,338.0,200
2022-06-17,365.0,369.9,378.9,350.101,301
2022-06-21,367.0,377.8,380.0,367.0,290
2022-06-22,362.8,372.5,386.4,362.8,382
2022-06-23,389.9,388.899,394.9,362.4,534
2022-06-24,382.0,389.4,393.9,372.0,218
2022-06-27,398.0,400.0,439.0,380.6,808
2022-06-28,402.2,362.3,409.0,362.3,374
2022-06-29,371.1,370.0,394.0,352.7,328
2022-06-30,362.2,367.9,380.0,357.6,206
2022-07-01,380.0,372.9,380.0,365.8,198
2022-07-05,380.5,375.0,384.099,350.0,383
2022-07-06,360.0,361.5,380.0,351.1,431
2022-07-07,379.0,378.0,379.0,359.9,422
2022-07-08,365.5,386.8,390.0,365.5,418
2022-07-11,388.0,380.1,388.0,370.1,189
2022-07-12,379.299,388.8,400.0,370.0,490
2022-07-13,375.3,385.0,399.9,371.1,545
2022-07-14,399.0,392.2,399.0,375.0,237
2022-07-15,381.0,396.5,396.5,377.499,240
2022-07-18,399.8,390.9,410.0,370.0,843
2022-07-19,397.8,402.7,410.0,390.0,516
2022-07-20,398.5,390.8,402.4,380.0,400
2022-07-21,382.2,375.2,395.0,364.0,519
2022-07-22,375.0,370.0,388.0,365.2,163
2022-07-25,369.0,360.15,379.999,351.6,268
2022-07-26,350.1,346.4,379.8,341.6,533
2022-07-27,342.1,349.7,366.2,340.5,272
2022-07-28,350.0,351.1,380.0,341.2,197
2022-07-29,350.0,360.6,374.2,350.0,592
2022-08-01,370.0,349.8,375.0,347.349,548
2022-08-02,355.0,345.0,359.9,331.0,349
2022-08-03,338.9,365.0,408.0,338.9,2497
2022-08-04,380.931,375.4,386.0,365.2,454
2022-08-05,370.0,378.0,378.9,360.0,282
2022-08-08,407.9,398.5,429.9,385.0,1537
2022-08-09,400.0,409.9,425.0,383.5,2070
2022-08-10,410.0,410.0,413.899,390.8,727
2022-08-11,410.0,411.4,440.0,390.1,1322
2022-08-12,421.3,408.2,421.3,401.5,289
2022-08-15,417.7,422.6,428.899,400.0,392
2022-08-16,406.0,390.0,413.9,380.3,598
2022-08-17,409.0,378.3,409.0,360.0,624
2022-08-18,371.2,375.1,389.0,351.5,328
2022-08-19,348.8,360.1,380.0,348.8,352
2022-08-22,353.1,355.0,364.6,340.7,378
2022-08-23,367.5,347.9,367.5,345.3,141
2022-08-24,365.0,349.0,368.7,349.0,219
2022-08-25,359.0,356.1,367.999,351.001,108
2022-08-26,360.0,357.5,368.0,349.0,117
2022-08-29,350.1,360.201,367.9,350.0,115
2022-08-30,360.1,349.0,360.9,341.4,218
2022-08-31,364.0,327.9,364.0,311.1,367
2022-09-01,340.0,316.0,340.0,311.1,303
2022-09-02,313.0,307.551,324.3,301.8,342
2022-09-06,314.4,309.9,324.4,305.1,51
2022-09-07,310.0,311.5,319.9,301.0,137
2022-09-08,305.8,320.0,320.0,301.1,70
2022-09-09,335.5,323.101,349.0,320.0,64
2022-09-12,320.5,333.0,340.0,320.5,72
2022-09-13,334.6,341.0,358.5,330.0,249
2022-09-14,341.2,344.9,360.0,336.001,118
2022-09-15,320.1,325.1,338.9,305.6,126
2022-09-16,320.0,316.5,325.9,310.0,91
2022-09-19,310.0,312.5,338.5,310.0,89
2022-09-20,319.8,320.1,335.0,300.0,88
2022-09-21,320.0,319.1,327.4,310.0,42
2022-09-22,303.3,300.5,316.9,285.6,200
2022-09-23,290.5,265.1,290.5,260.0,337
2022-09-26,286.8,282.4,299.899,271.1,42
2022-09-27,285.0,266.8,285.0,265.1,50
2022-09-28,267.0,295.9,299.9,239.7,382
2022-09-29,309.9,290.0,309.9,243.0,76
2022-09-30,289.0,280.5,290.0,270.0,54
2022-10-03,288.0,280.7,288.0,267.4,14
2022-10-04,270.2,280.0,289.899,270.1,24
2022-10-05,280.0,284.6,289.9,270.0,33
2022-10-06,287.249,290.0,290.0,270.1,125
2022-10-07,269.1,253.001,278.0,230.3,758
2022-10-10,244.3,249.9,255.0,231.0,44
2022-10-11,248.0,229.8,248.0,215.6,145
2022-10-12,230.0,239.9,250.0,211.0,94
2022-10-13,220.6,230.0,239.8,210.0,115
2022-10-14,230.0,220.5,230.0,210.0,86
2022-10-17,220.5,209.9,225.0,204.7,778
2022-10-18,200.5,213.3,219.0,200.5,183
2022-10-19,213.95,214.6,222.4,210.1,63
2022-10-20,220.0,229.3,240.0,212.201,173
2022-10-21,238.5,217.183,238.5,210.1,101
2022-10-24,212.0,215.0,215.0,205.3,35
2022-10-25,218.0,210.2,227.2,206.1,60
2022-10-26,218.0,207.1,218.0,205.2,43
2022-10-27,207.5,190.1,220.0,188.0,486
2022-10-28,190.2,180.573,199.9,169.8,207
2022-10-31,189.0,175.0,190.1,165.1,126
2022-11-01,172.1,175.5,195.0,172.0,40
2022-11-02,180.0,161.7,195.0,160.6,159
2022-11-03,184.0,170.2,205.0,165.201,943
2022-11-04,177.0,168.1,199.9,162.8,128
2022-11-07,169.5,165.9,199.3,161.3,79
2022-11-08,179.0,169.3,188.81,162.0,225
2022-11-09,168.7,159.9,169.7,142.0,175
2022-11-10,160.0,152.5,175.0,150.1,65
2022-11-11,155.2,145.0,174.0,144.0,122
2022-11-14,150.0,151.3,165.0,145.1,52
2022-11-15,160.0,170.0,199.2,151.5,373
2022-11-16,186.3,193.2,239.9,160.0,5135
2022-11-17,179.7,178.3,190.0,170.4,503
2022-11-18,175.1,161.0,184.9,147.7,1531
2022-11-21,157.8,131.0,157.8,124.2,7243
2022-11-22,138.8,136.2,159.0,124.2,13213
2022-11-23,131.0,130.2,133.6,112.6,4582
2022-11-25,132.2,135.4,139.0,119.2,925
2022-11-28,113.4,92.2,114.998,90.6,5502
2022-11-29,94.0,91.2,95.198,90.2,894
2022-11-30,90.7,94.2,94.2,82.202,921
2022-12-01,95.0,93.6,102.998,93.6,594
2022-12-02,88.0,96.8,98.1,88.0,617
2022-12-05,97.2,97.6,100.972,97.2,119
2022-12-06,97.002,94.4,98.042,94.4,310
2022-12-07,97.1,94.0,97.7,91.2,411
2022-12-08,94.0,94.4,94.566,92.0,153
2022-12-09,96.4,86.6,98.184,84.0,1863
2022-12-12,84.0,89.0,96.0,84.0,447
2022-12-13,91.2,86.0,96.0,83.0,583
2022-12-14,83.0,91.0,91.63,82.6,394
2022-12-15,88.2,84.6,94.6,83.6,806
2022-12-16,84.2,80.398,84.2,73.848,810
2022-12-19,78.6,74.2,87.0,74.2,867
2022-12-20,74.202,75.4,79.998,74.202,277
2022-12-21,75.8,73.6,80.56,71.5,1041
2022-12-22,72.002,71.8,72.2,70.2,349
2022-12-23,70.626,74.8,80.1,68.06,461
2022-12-27,77.6,62.4,78.776,62.4,796
2022-12-28,69.4,62.044,69.4,56.2,836
2022-12-29,57.4,65.2,71.8,57.4,950
2022-12-30,67.574,77.0,77.4,67.0,853
2023-01-03,77.8,82.568,85.978,76.0,1402
2023-01-04,87.6,97.8,190.2,80.264,102103
2023-01-05,93.2,69.8,93.2,67.2,12073
2023-01-06,66.6,77.0,82.0,63.6,10570
2023-01-09,83.6,79.0,92.4,74.0,11721
2023-01-10,80.0,74.68,83.586,72.0,3913
2023-01-11,76.842,80.0,88.0,69.4,16479
2023-01-12,88.0,89.2,99.8,79.998,30809
2023-01-13,95.8,89.6,192.2,87.6,387782
2023-01-17,105.0,98.6,105.178,78.8,180050
2023-01-18,132.8,126.0,167.4,116.802,1478486
2023-01-19,102.0,104.0,116.0,91.6,88229
2023-01-20,96.6,91.8,97.598,82.0,37918
2023-01-23,90.8,95.4,101.798,90.8,19265
2023-01-24,94.0,87.2,94.9,85.0,18215
2023-01-25,83.6,80.998,89.198,79.802,13339
2023-01-26,94.2,114.0,121.8,85.0,364784
2023-01-27,136.8,102.0,141.986,95.42,278720
2023-01-30,97.8,104.4,114.0,97.0,41857
2023-01-31,102.4,102.4,110.0,96.0,26556
2023-02-01,105.2,99.4,105.2,97.8,14302
2023-02-02,100.0,108.0,113.0,97.602,52233
2023-02-03,117.8,113.6,123.0,110.2,40502
2023-02-06,115.6,109.8,115.998,104.3,12168
2023-02-07,110.0,113.4,122.998,108.402,20260
2023-02-08,110.6,111.0,117.4,108.8,7177
2023-02-09,109.2,119.6,121.6,109.2,16631
2023-02-10,118.0,116.8,129.8,115.2,16149
2023-02-13,117.0,124.6,129.6,116.0,27688
2023-02-14,122.0,143.2,145.0,122.0,29605
2023-02-15,147.0,139.0,155.4,134.602,16578
2023-02-16,134.2,134.8,140.4,130.0,6124
2023-02-17,138.0,149.0,150.4,135.0,11004
2023-02-21,152.8,100.4,152.8,85.2,71714
2023-02-22,106.4,102.4,112.6,100.4,30485
2023-02-23,100.4,91.0,104.2,84.0,23677
2023-02-24,88.0,90.0,94.198,85.402,6331
2023-02-27,88.8,84.0,90.698,84.0,4433
2023-02-28,82.4,84.4,87.0,82.2,3132
2023-03-01,84.4,86.0,86.598,82.588,2162
2023-03-02,84.2,80.6,86.2,76.402,4859
2023-03-03,84.2,84.2,86.082,80.2,2349
2023-03-06,85.6,86.2,87.998,83.002,3434
2023-03-07,84.2,77.8,87.468,77.6,6886
2023-03-08,76.6,73.0,79.378,72.2,5314
2023-03-09,72.0,68.2,75.6,66.2,5576
2023-03-10,65.0,59.6,66.094,58.2,6841
2023-03-13,60.4,62.0,65.566,58.2,2351
2023-03-14,61.6,61.2,64.0,60.3,3701
2023-03-15,64.2,73.8,81.828,63.1,39675
2023-03-16,70.8,80.0,82.6,67.6,16192
2023-03-17,77.0,73.4,79.998,70.0,7317
2023-03-20,71.8,63.2,71.8,62.8,3590
2023-03-21,67.624,61.2,67.998,60.0,3061
2023-03-22,60.8,58.2,66.0,56.0,5537
2023-03-23,57.6,46.2,58.0,43.002,7480
2023-03-24,43.0,42.4,44.0,40.6,3605
2023-03-27,42.0,35.1,46.6,33.6,7444
2023-03-28,29.2,31.0,35.24,29.2,16789
2023-03-29,31.0,30.8,32.966,30.4,3350
2023-03-30,30.2,31.0,43.2,30.2,18832
2023-03-31,30.8,32.0,34.0,30.8,2829
2023-04-03,35.6,34.0,35.6,32.0,7642
2023-04-04,33.8,33.4,35.392,32.0,3584
2023-04-05,32.6,34.6,37.6,32.6,5523
2023-04-06,35.4,34.4,36.6,31.2,1425
2023-04-10,32.8,34.8,36.2,31.7,1516
2023-04-11,34.6,33.8,36.376,33.0,2907
2023-04-12,35.4,34.0,35.6,33.0,1632
2023-04-13,33.4,33.6,35.3,32.0,1809
2023-04-14,33.6,27.8,44.0,26.808,22159
2023-04-17,27.8,32.0,32.748,27.8,8534
2023-04-18,36.8,30.2,38.0,30.2,272321
2023-04-19,30.0,30.6,32.6,29.0,22196
2023-04-20,31.2,30.2,31.6,28.8,11469
2023-04-21,30.0,29.4,31.2,28.0,9160
2023-04-24,28.2,28.8,29.49,26.6,10593
2023-04-25,28.0,29.6,31.998,27.0,9388
2023-04-26,29.2,26.6,29.998,25.092,10708
2023-04-27,26.6,23.2,26.8,23.0,26908
2023-04-28,23.8,22.2,24.6,21.8,5612
2023-05-01,22.2,22.4,23.6,20.4,8828
2023-05-02,23.4,21.2,23.4,18.854,34019
2023-05-03,22.6,22.2,26.6,20.4,57259
2023-05-04,22.0,20.4,22.8,19.0,10410
2023-05-05,20.4,21.2,21.278,20.0,5739
2023-05-08,21.2,18.602,21.202,15.4,13537
2023-05-09,19.532,17.8,19.7,17.5,11043
2023-05-10,17.8,16.6,18.844,15.4,12272
2023-05-11,17.0,16.8,17.8,16.3,8733
2023-05-12,17.0,15.398,17.2,15.008,9706
2023-05-15,15.398,14.98,16.298,14.2,10312
2023-05-16,14.948,15.0,15.78,14.502,5700
2023-05-17,14.938,16.798,20.4,14.46,60962
2023-05-18,16.2,16.6,18.0,15.92,9510
2023-05-19,16.4,16.4,17.39998,16.2,6539
2023-05-22,16.596,16.222,17.398,15.75,7287
2023-05-23,17.2,17.6,18.84,15.84,10965
2023-05-24,18.2,17.4,20.0,17.002,14588
2023-05-25,17.1,17.198,17.5,15.6,11875
2023-05-26,16.4,17.4,17.8,16.302,9107
