2021-05-20,218.99,224.66,227.15,218.14,2408081
2021-05-21,225.0,223.65,226.9,221.49,1947407
2021-05-24,224.21,222.6,227.4999,221.7,2434731
2021-05-25,221.02,225.72,228.74,221.02,1915112
2021-05-26,225.97,230.49,231.93,225.93,1134125
2021-05-27,226.69,231.89,233.0,223.45,1112054
2021-05-28,233.67,233.28,239.2638,233.205,1010558
2021-06-01,233.49,231.98,234.65,225.125,963320
2021-06-02,231.06,231.45,234.5875,230.36,780733
2021-06-03,228.33,221.37,230.67,221.09,1196379
2021-06-04,225.29,225.88,227.76,224.07,764795
2021-06-07,224.56,228.13,228.44,221.46,776496
2021-06-08,230.0,228.93,234.74,226.49,967981
2021-06-09,230.79,232.31,234.92,230.74,950767
2021-06-10,229.2,238.56,239.04,229.1,1137955
2021-06-11,238.81,244.09,244.66,236.411,1452774
2021-06-14,245.0,250.89,250.99,243.1101,1714725
2021-06-15,250.0,245.8,251.5,244.29,604564
2021-06-16,245.7,248.46,251.99,243.23,1257307
2021-06-17,247.34,262.51,263.0,246.32,1783468
2021-06-18,262.15,266.56,267.56,261.5427,2097424
2021-06-21,264.51,267.16,268.52,258.39,1229723
2021-06-22,267.44,267.96,270.01,264.5,1234190
2021-06-23,267.03,267.49,269.99,265.08,1060705
2021-06-24,269.64,266.96,272.13,266.62,848494
2021-06-25,268.41,264.69,268.77,262.08,1034817
2021-06-28,265.22,263.23,267.58,262.54,1523693
2021-06-29,264.54,264.15,266.305,260.58,1672744
2021-06-30,262.89,256.86,262.89,255.3,1023178
2021-07-01,256.23,258.43,259.85,255.35,638421
2021-07-02,259.71,262.72,263.81,259.145,665333
2021-07-06,262.99,268.43,271.98,262.99,850622
2021-07-07,270.5,269.06,273.34,267.35,788937
2021-07-08,264.02,266.66,268.58,262.71,666919
2021-07-09,265.21,268.64,269.145,260.23,882449
2021-07-12,271.07,261.36,275.67,260.71,1662968
2021-07-13,260.81,261.14,265.655,258.67,1441631
2021-07-14,263.89,259.22,267.64,257.33,1178571
2021-07-15,260.39,259.36,265.41,256.51,787076
2021-07-16,260.35,260.64,263.84,259.66,458718
2021-07-19,259.0,262.87,263.58,257.63,610757
2021-07-20,264.5,267.62,269.98,260.0,955927
2021-07-21,266.99,268.85,269.12,263.85,758756
2021-07-22,262.0,269.13,269.34,261.68,884651
2021-07-23,269.58,271.29,273.0,266.85,751249
2021-07-26,270.87,267.54,270.87,265.24,813743
2021-07-27,267.61,264.97,269.36,259.99,888645
2021-07-28,265.13,269.08,269.98,264.02,546316
2021-07-29,267.5,266.79,271.62,264.88,1147789
2021-07-30,310.0,325.12,349.5,310.0,6133589
2021-08-02,324.2,322.58,326.97,313.4041,1948033
2021-08-03,325.62,329.42,336.65,324.335,1081132
2021-08-04,328.86,340.44,341.42,328.56,1326257
2021-08-05,340.21,342.43,343.15,335.38,1273383
2021-08-06,338.05,334.51,339.8,331.3,893196
2021-08-09,336.28,335.84,337.74,331.39,1247787
2021-08-10,337.61,327.52,340.5,325.75,1358528
2021-08-11,329.98,332.56,333.36,326.0,946527
2021-08-12,329.95,338.04,340.77,329.71,579860
2021-08-13,338.01,337.94,340.24,335.75,471602
2021-08-16,336.83,334.02,339.05,324.72,562690
2021-08-17,332.58,336.73,338.98,328.8,637600
2021-08-18,335.92,337.73,343.57,335.16,685367
2021-08-19,335.13,334.56,338.57,332.1905,961389
2021-08-20,334.47,346.0,346.64,334.47,914167
2021-08-23,342.23,352.49,353.6196,342.12,904222
2021-08-24,351.78,353.89,356.605,351.78,875417
2021-08-25,349.74,353.41,356.09,349.52,678357
2021-08-26,352.18,349.99,357.5,349.82,838834
2021-08-27,350.99,358.34,359.31,350.99,651513
2021-08-30,360.0,366.03,368.3294,360.0,799323
2021-08-31,364.33,367.06,368.12,362.59,853568
2021-09-01,369.05,371.7,373.44,368.0,694451
2021-09-02,371.88,376.0,376.36,370.4808,624037
2021-09-03,376.04,384.59,387.475,375.13,1197553
2021-09-07,383.39,381.69,384.98,379.24,910973
2021-09-08,380.41,381.75,385.94,378.9954,801044
2021-09-09,380.17,378.84,383.63,377.315,865830
2021-09-10,379.4,379.97,385.82,378.98,893869
2021-09-13,379.77,376.71,379.77,371.84,853801
2021-09-14,380.24,389.39,393.189,379.265,1119250
2021-09-15,387.47,394.53,394.99,386.8201,952138
2021-09-16,394.4,403.91,404.535,392.45,780500
2021-09-17,404.0,404.6,409.6,397.39,2222845
2021-09-20,395.22,400.59,402.69,392.1394,1273580
2021-09-21,408.46,405.98,420.23,404.695,1629550
2021-09-22,405.96,406.4,409.68,401.79,1236753
2021-09-23,407.94,409.6,412.0,401.245,1244610
2021-09-24,411.33,413.94,414.72,401.455,798193
2021-09-27,405.5,391.89,409.77,388.18,1444171
2021-09-28,383.71,381.58,391.11,375.5,1698501
2021-09-29,385.0,387.6,391.72,378.02,883400
2021-09-30,391.94,391.42,398.25,390.1394,843693
2021-10-01,393.0,392.22,395.68,383.9,1324741
2021-10-04,390.76,382.71,390.76,376.0,1277618
2021-10-05,385.7,389.94,392.57,384.78,1002271
2021-10-06,385.79,395.19,398.5,385.36,1050696
2021-10-07,397.6,392.98,402.06,392.29,880067
2021-10-08,400.17,390.74,402.0,387.16,785914
2021-10-11,387.15,389.5,396.47,385.35,493652
2021-10-12,393.27,397.47,402.44,391.45,567101
2021-10-13,401.32,407.04,407.91,399.33,697806
2021-10-14,412.61,406.73,415.88,406.165,583935
2021-10-15,406.73,409.74,409.79,400.89,587138
2021-10-18,407.73,414.77,414.8019,404.14,617656
2021-10-19,415.0,410.46,415.6,405.335,678252
2021-10-20,414.9,409.69,415.7,405.43,710184
2021-10-21,410.12,417.12,421.49,408.7,1258334
2021-10-22,418.67,423.2,425.295,414.5593,851372
2021-10-25,426.14,429.01,431.44,424.6,1111788
2021-10-26,424.0,424.52,433.58,421.75,789477
2021-10-27,424.53,412.88,428.09,412.255,808319
2021-10-28,410.77,417.33,418.41,410.02,1505379
2021-10-29,452.5,458.13,483.13,441.17,2862737
2021-11-01,455.2,450.14,461.45,445.59,1227575
2021-11-02,450.21,450.29,453.9,444.13,850335
2021-11-03,450.83,445.43,453.28,436.28,791115
2021-11-04,444.11,449.12,454.95,441.91,855205
2021-11-05,447.38,440.22,449.55,436.755,689543
2021-11-08,441.01,442.76,444.2671,437.3901,694983
2021-11-09,448.67,444.5,453.0,440.11,776319
2021-11-10,444.0,433.57,444.31,429.63,760763
2021-11-11,438.71,441.59,443.57,436.37,549533
2021-11-12,444.66,445.12,451.5,441.02,670899
2021-11-15,445.91,433.99,446.26,431.57,611666
2021-11-16,431.75,443.96,445.61,430.04,868678
2021-11-17,445.0,440.24,445.5,438.1601,527824
2021-11-18,441.0,440.69,448.0,436.1839,742387
2021-11-19,441.0,429.86,443.2512,429.8,941685
2021-11-22,426.85,403.0,428.24,401.91,1608379
2021-11-23,397.5554,389.51,400.0,376.07,1756713
2021-11-24,386.96,393.07,393.45,381.73,717728
2021-11-26,388.56,391.54,398.97,388.56,449445
2021-11-29,395.6,397.69,404.09,391.86,767739
2021-11-30,398.29,376.32,404.68,373.2,1709264
2021-12-01,383.71,357.21,386.93,356.78,2157588
2021-12-02,357.1,368.94,370.94,356.21,1541638
2021-12-03,368.95,349.5,368.95,339.97,2197044
2021-12-06,343.5,353.44,357.54,332.01,1620725
2021-12-07,366.53,382.99,383.69,366.32,2189571
2021-12-08,384.57,387.41,388.12,378.32,906779
2021-12-09,387.41,375.44,390.92,369.42,1427688
2021-12-10,379.59,372.62,388.99,368.4,694826
2021-12-13,372.2,369.93,381.645,368.045,1019336
2021-12-14,361.71,351.74,363.155,344.645,1858002
2021-12-15,352.28,364.43,368.2654,347.55,1243011
2021-12-16,364.43,345.44,366.77,344.22,1491270
2021-12-17,342.63,350.96,352.62,333.34,3136346
2021-12-20,336.76,343.33,348.97,333.03,1378451
2021-12-21,347.58,380.63,383.41,345.95,2813180
2021-12-22,382.32,388.05,395.0,379.27,2238181
2021-12-23,386.22,387.92,389.49,380.51,1087112
2021-12-27,390.59,394.43,397.78,389.45,758168
2021-12-28,395.37,388.61,399.103,386.12,649175
2021-12-29,388.61,382.78,389.27,376.44,627587
2021-12-30,383.58,385.36,392.85,381.925,834686
2021-12-31,383.81,381.29,388.87,380.75,556542
2022-01-03,380.43,350.42,380.63,349.56,1682926
2022-01-04,347.28,334.99,347.28,316.57,4131589
2022-01-05,327.25,311.64,331.6882,309.59,3509606
2022-01-06,309.11,313.75,320.97,299.195,2293827
2022-01-07,310.36,303.71,317.11,294.25,2220743
2022-01-10,295.5,312.98,314.44,284.575,3044646
2022-01-11,309.99,314.95,316.56,303.69,1796489
2022-01-12,318.48,320.59,324.13,315.01,2785196
2022-01-13,319.85,298.65,321.7062,297.62,2426098
2022-01-14,296.42,297.39,302.98,284.365,4026222
2022-01-18,284.64,293.63,305.98,281.18,2254060
2022-01-19,298.01,293.46,305.435,292.56,1790074
2022-01-20,300.47,291.32,309.78,289.69,1801858
2022-01-21,289.35,283.0,295.67,282.64,2098670
2022-01-24,277.485,300.27,303.0,273.4222,3460143
2022-01-25,294.58,286.69,294.67,275.15,3822156
2022-01-26,294.74,293.06,308.81,287.08,3609685
2022-01-27,300.02,290.89,310.14,290.38,3023236
2022-01-28,312.05,319.17,329.12,286.89,5822089
2022-01-31,319.08,324.34,329.26,316.83,3100707
2022-02-01,324.83,325.87,328.65,313.565,1875263
2022-02-02,328.89,314.29,328.89,309.655,2123237
2022-02-03,306.25,304.41,316.07,302.67,1863089
2022-02-04,304.78,320.91,324.201,301.01,2023256
2022-02-07,319.85,314.19,328.705,311.68,1698180
2022-02-08,311.8,318.05,318.945,307.76,862051
2022-02-09,323.47,335.6,336.639,321.0,1528525
2022-02-10,326.63,346.16,352.71,324.51,2236695
2022-02-11,346.9,321.76,352.92,319.53,1843129
2022-02-14,320.77,320.25,325.39,313.96,1728143
2022-02-15,328.06,330.33,335.84,323.63,1359567
2022-02-16,324.88,318.71,325.865,312.01,1046883
2022-02-17,314.31,304.0,316.1,303.1,1925956
2022-02-18,304.2,298.07,310.97,297.04,1609878
2022-02-22,292.18,295.7,303.0,290.88,1668586
2022-02-23,298.7,281.02,300.95,280.7976,1545680
2022-02-24,270.19,301.6,302.02,268.2,2318769
2022-02-25,297.74,305.03,305.36,293.61,1149978
2022-02-28,300.0,305.72,312.06,300.0,1190429
2022-03-01,308.0,307.27,321.76,304.88,1538956
2022-03-02,310.23,309.28,312.24,296.49,1428054
2022-03-03,309.9,286.88,310.53,282.39,2887539
2022-03-04,287.33,267.61,292.64,266.59,1856731
2022-03-07,270.84,244.24,273.979,243.61,3147164
2022-03-08,242.76,240.95,245.8199,232.6896,2573023
2022-03-09,256.25,261.59,264.86,251.8,2614939
2022-03-10,253.98,255.2,262.14,252.08,1684942
2022-03-11,258.3,246.39,258.65,244.69,1466375
2022-03-14,244.59,238.66,254.09,237.79,2026064
2022-03-15,238.35,245.17,246.36,236.53,1743668
2022-03-16,255.61,280.96,281.41,254.07,3738391
2022-03-17,277.08,280.13,284.62,272.1753,2330900
2022-03-18,283.6,294.73,295.4,279.06,2103510
2022-03-21,291.29,288.31,296.0,280.81,1595540
2022-03-22,286.17,298.51,306.565,285.785,1399218
2022-03-23,290.17,289.41,299.09,284.2501,1096855
2022-03-24,292.49,294.13,294.53,278.2,1762452
2022-03-25,294.13,284.21,294.73,274.8,1531691
2022-03-28,286.81,302.31,303.41,286.74,1748253
2022-03-29,304.77,311.64,315.0,298.31,1587145
2022-03-30,306.85,302.64,310.8399,297.0,1325810
2022-03-31,303.2,293.83,304.25,292.05,1636948
2022-04-01,297.03,305.75,312.63,295.05,1678571
2022-04-04,305.83,317.18,317.69,304.79,1694500
2022-04-05,317.0,299.86,318.64,296.5,2035454
2022-04-06,294.02,286.96,294.02,278.5,2324587
2022-04-07,286.9,292.97,298.48,283.87,1767015
2022-04-08,271.15,272.02,282.56,265.11,4433673
2022-04-11,267.59,271.63,275.8179,263.06,1819108
2022-04-12,281.33,268.32,283.81,267.5,1624670
2022-04-13,270.04,280.33,282.37,266.33,1121091
2022-04-14,280.07,265.35,280.07,263.94,1553263
2022-04-18,265.35,259.12,265.35,254.15,1157644
2022-04-19,258.0,273.9,277.705,257.08,1443521
2022-04-20,277.82,265.81,277.99,264.74,965870
2022-04-21,267.59,253.82,273.88,251.69,1247854
2022-04-22,255.36,245.29,256.7,243.85,1379552
2022-04-25,245.84,253.63,254.1,244.05,1229071
2022-04-26,250.28,242.98,250.9232,242.555,1462357
2022-04-27,245.74,243.66,252.76,241.855,1261881
2022-04-28,251.45,259.98,263.44,246.6702,3214551
2022-04-29,242.33,224.83,250.93,224.03,4478616
2022-05-02,224.39,235.28,235.47,219.55,2976227
2022-05-03,232.42,223.54,235.15,221.37,1770964
2022-05-04,226.7,234.7,234.91,211.45,2793293
2022-05-05,229.25,212.71,229.25,210.2,2243639
2022-05-06,210.9,202.26,210.93,193.61,3370126
2022-05-09,198.27,183.35,200.6,180.1,4834340
2022-05-10,191.79,180.98,194.48,174.64,2551315
2022-05-11,178.12,169.28,186.04,166.48,2680616
2022-05-12,164.572,168.24,175.27,161.04,4023011
2022-05-13,175.56,188.9,189.32,173.89,3758219
2022-05-16,184.39,177.0,186.34,170.81,3007773
2022-05-17,184.93,174.43,186.0,166.84,2885136
2022-05-18,171.8,162.49,172.105,159.54,2770052
2022-05-19,163.93,174.75,178.42,162.865,3062957
2022-05-20,178.6,177.4,182.015,169.175,2036975
2022-05-23,174.03,177.7,180.0,171.24,1828524
2022-05-24,174.08,164.17,174.49,161.99,2394432
2022-05-25,162.0,170.75,173.09,161.21,1732796
2022-05-26,168.45,175.18,176.59,166.04,1465397
2022-05-27,178.0,184.78,184.92,176.48,1565689
2022-05-31,184.78,177.32,186.26,176.12,1542643
2022-06-01,181.1,179.25,187.39,176.49,1392344
2022-06-02,178.22,196.62,197.49,177.5,2072533
2022-06-03,191.81,190.57,196.12,187.52,1232392
2022-06-06,194.45,190.27,196.81,187.95,1006939
2022-06-07,186.34,200.85,202.9834,185.77,1744274
2022-06-08,198.77,200.8,203.27,198.48,1699529
2022-06-09,197.44,196.06,203.4,192.59,1610256
2022-06-10,190.64,183.81,191.61,181.32,1564016
2022-06-13,173.97,166.29,177.32,165.4961,2195538
2022-06-14,167.12,167.68,171.0,164.44,1137822
2022-06-15,170.0,179.66,182.97,168.3,1933293
2022-06-16,172.14,165.74,174.9,162.865,2163122
2022-06-17,167.78,178.55,179.455,167.64,3391110
2022-06-21,181.55,183.0,187.49,181.06,1556395
2022-06-22,179.76,185.4,190.41,179.0,1600046
2022-06-23,188.57,193.26,194.2,183.08,1866855
2022-06-24,198.71,205.32,205.56,196.765,2432159
2022-06-27,210.0,202.21,211.83,200.0,2129252
2022-06-28,200.41,192.6,205.25,190.67,1331163
2022-06-29,191.77,192.36,196.15,188.0,818235
2022-06-30,189.0,187.4,190.65,179.84,1613441
2022-07-01,188.39,197.51,199.27,186.52,1710929
2022-07-05,194.4,208.39,208.56,191.94,1558712
2022-07-06,209.43,207.85,212.015,203.77,2097629
2022-07-07,207.54,213.77,214.84,206.7839,1452353
2022-07-08,206.51,214.08,215.355,205.59,1137960
2022-07-11,213.46,211.03,215.16,206.33,1554493
2022-07-12,207.0,192.67,207.28,189.32,3017533
2022-07-13,187.82,194.47,200.3257,184.87,1206595
2022-07-14,192.42,184.98,193.0,183.04,1725652
2022-07-15,185.95,188.89,191.52,183.67,1809076
2022-07-18,194.42,187.97,196.89,186.53,1901739
2022-07-19,191.15,191.59,192.13,178.68,1508623
2022-07-20,198.15,213.04,215.14,195.15,2790567
2022-07-21,211.64,214.18,216.06,210.09,1210173
2022-07-22,215.67,202.27,220.13,200.635,1987387
2022-07-25,201.09,196.05,201.6124,193.89,1204441
2022-07-26,194.79,187.61,194.8,184.36,1649999
2022-07-27,194.66,197.28,199.93,189.74,1734089
2022-07-28,195.06,204.85,205.96,190.92,1667009
2022-07-29,205.54,209.32,210.3,203.13,1464625
2022-08-01,207.83,210.59,217.6,205.0,1485765
2022-08-02,205.0,214.21,216.26,204.6783,1247337
2022-08-03,216.6,225.14,226.88,216.6,1536088
2022-08-04,222.31,230.41,230.88,220.04,2159032
2022-08-05,245.68,268.59,269.49,245.31,6815189
2022-08-08,265.41,279.35,289.12,264.97,5405414
2022-08-09,274.0,278.86,286.88,273.02,2757041
2022-08-10,287.37,286.19,300.29,285.0,2351183
2022-08-11,291.53,275.8,292.24,273.96,2440985
2022-08-12,278.58,283.25,283.87,270.72,2373358
2022-08-15,282.23,288.47,290.63,281.0,1239739
2022-08-16,286.5,289.36,290.5,282.88,1187945
2022-08-17,283.0,284.26,287.13,280.65,1431126
2022-08-18,283.0,283.37,286.28,279.355,1122569
2022-08-19,278.02,269.34,278.25,267.44,1643994
2022-08-22,260.9,258.47,264.61,254.78,2592156
2022-08-23,258.41,258.28,261.4,254.57,987891
2022-08-24,260.85,258.66,262.79,258.39,813867
2022-08-25,260.0,266.33,266.5,258.6,1072771
2022-08-26,265.68,257.05,267.58,256.51,1720870
2022-08-29,250.02,250.96,259.48,249.33,1141283
2022-08-30,251.73,251.4,256.0,246.14,1028619
2022-08-31,252.0,247.66,257.04,246.85,1120805
2022-09-01,243.02,235.43,244.93,230.84,2412745
2022-09-02,239.16,232.42,240.94,229.49,1907164
2022-09-06,232.42,229.67,233.91,227.88,933161
2022-09-07,231.11,235.42,236.93,227.545,1060993
2022-09-08,231.86,240.32,241.79,229.87,781727
2022-09-09,245.38,258.93,261.3,245.38,2172949
2022-09-12,261.0,264.79,264.97,259.54,1544875
2022-09-13,247.1,248.9,253.67,245.25,1771966
2022-09-14,250.54,255.57,255.89,244.27,840894
2022-09-15,250.06,252.89,259.68,248.9,1065158
2022-09-16,248.2,242.9,248.2,239.54,1690134
2022-09-19,241.43,241.62,243.656,236.91,1710395
2022-09-20,238.62,235.19,239.68,233.84,1003836
2022-09-21,237.41,232.3,245.64,232.29,1401806
2022-09-22,230.0,220.69,232.7,220.64,1424465
2022-09-23,216.5,217.56,221.82,214.82,1326690
2022-09-26,216.85,213.61,222.6,212.96,1583150
2022-09-27,218.7,214.59,222.06,211.32,1335099
2022-09-28,214.08,218.14,219.585,211.4,1331502
2022-09-29,212.61,212.33,214.21,204.73,1334731
2022-09-30,212.4,210.59,221.365,210.34,1403479
2022-10-03,214.55,217.33,219.81,210.01,1452821
2022-10-04,226.66,236.21,236.56,223.71,2317536
2022-10-05,230.48,242.46,244.66,229.575,1793357
2022-10-06,244.57,238.99,246.15,237.16,1102912
2022-10-07,231.94,228.24,233.61,225.3,1327059
2022-10-10,228.23,220.27,228.48,218.95,1138317
2022-10-11,216.85,207.64,218.56,205.56,1778100
2022-10-12,207.82,203.37,208.45,197.43,1921823
2022-10-13,191.79,202.2,203.44,184.47,2301745
2022-10-14,207.02,189.0,207.5,188.595,1807705
2022-10-17,196.93,204.67,207.18,193.845,1730464
2022-10-18,211.77,201.44,214.0,199.75,2315258
2022-10-19,197.01,187.73,198.24,186.56,2545131
2022-10-20,189.47,192.62,200.7,187.68,1676774
2022-10-21,190.13,194.1,194.8,186.28,1607746
2022-10-24,193.47,194.85,195.025,188.04,1670914
2022-10-25,197.37,206.04,206.14,197.37,2081264
2022-10-26,196.21,195.22,209.19,194.62,1567193
2022-10-27,202.11,198.0,205.7599,197.31,1855605
2022-10-28,194.5,200.82,201.18,189.67,1657982
2022-10-31,197.84,202.73,206.24,197.2,1846725
2022-11-01,209.87,191.74,211.99,191.26,1472652
2022-11-02,191.81,172.4,192.0,171.14,3575731
2022-11-03,170.0,174.17,178.77,168.4898,3460204
2022-11-04,131.0,123.73,133.0,115.06,15573087
2022-11-07,122.89,119.23,123.225,114.11,7110583
2022-11-08,120.18,122.72,128.9,117.21,3911039
2022-11-09,121.61,122.29,126.48,119.38,3438871
2022-11-10,131.29,140.85,144.92,131.2,5069435
2022-11-11,138.83,142.37,148.15,137.81,2730886
2022-11-14,139.76,134.96,139.76,129.22,2394443
2022-11-15,140.48,141.18,146.71,139.88,2724462
2022-11-16,138.44,129.27,139.7151,128.96,2831924
2022-11-17,124.7,121.69,128.5,121.46,3097776
2022-11-18,124.85,118.76,125.0,117.8,3534830
2022-11-21,116.4,117.56,117.78,113.855,2681079
2022-11-22,117.55,116.34,118.76,114.605,2336011
2022-11-23,117.07,124.5,125.0,115.24,2835876
2022-11-25,122.49,124.13,124.76,121.42,1040953
2022-11-28,123.41,126.45,127.545,122.815,2636053
2022-11-29,125.83,122.01,127.68,121.37,2417876
2022-11-30,120.17,131.55,132.19,119.45,3385774
2022-12-01,132.07,140.06,140.59,131.55,2930047
2022-12-02,136.9,141.0,142.82,132.75,3678328
2022-12-05,140.2,133.61,142.13,131.585,2909695
2022-12-06,134.94,124.96,134.94,123.23,3444163
2022-12-07,125.81,125.46,126.89,122.21,2930717
2022-12-08,130.6,135.71,138.41,128.31,5000782
2022-12-09,134.21,137.33,140.43,134.21,3911089
2022-12-12,136.25,143.79,149.07,136.18,4693875
2022-12-13,155.29,143.91,157.73,141.23,5678602
2022-12-14,143.6,149.85,153.15,143.402,6887806
2022-12-15,145.01,146.23,149.515,142.39,6389388
2022-12-16,145.5,147.26,148.96,143.78,17456200
2022-12-19,145.51,139.17,145.87,136.45,6813263
2022-12-20,136.56,138.02,139.67,133.4,5887232
2022-12-21,137.79,139.62,140.77,133.385,2692028
2022-12-22,136.67,127.26,137.31,124.5201,4558397
2022-12-23,125.26,127.22,127.45,122.21,2282220
2022-12-27,125.25,124.83,126.45,122.16,1579391
2022-12-28,124.83,123.3,126.4899,121.2,1333617
2022-12-29,125.18,129.68,130.23,124.1,1653877
2022-12-30,127.15,128.68,129.67,126.23,1419935
2023-01-03,131.91,126.5,132.71,119.84,2862121
2023-01-04,128.0,126.4,128.195,123.22,2148409
2023-01-05,124.5,119.97,125.35,119.82,2691752
2023-01-06,120.68,121.28,124.195,116.4,2886769
2023-01-09,123.77,127.17,127.72,121.865,3959557
2023-01-10,126.26,132.16,132.56,125.225,2592295
2023-01-11,136.9,141.78,145.55,135.8,4067520
2023-01-12,141.07,146.48,147.34,139.07,2519618
2023-01-13,143.9,148.0,148.83,143.0,1820555
2023-01-17,147.5,152.91,154.36,144.26,1877883
2023-01-18,155.24,148.73,157.6299,147.2701,1766020
2023-01-19,147.34,148.89,150.9099,145.83,1632731
2023-01-20,149.44,157.75,159.995,148.901,2793472
2023-01-23,155.86,154.58,156.0,150.06,4615771
2023-01-24,152.665,151.7,153.04,147.04,2212070
2023-01-25,147.24,151.93,153.76,140.92,2691091
2023-01-26,154.59,158.38,158.82,152.4,1934634
2023-01-27,157.4,164.25,165.06,155.5,2758126
2023-01-30,160.92,156.94,162.9099,154.34,2486113
2023-01-31,158.65,161.62,161.69,157.0401,1790378
2023-02-01,161.7,170.31,170.96,159.8,2036271
2023-02-02,179.65,182.41,183.43,175.95,4849446
2023-02-03,159.34,169.3,172.88,158.41,7323032
2023-02-06,165.4,172.37,178.71,165.06,2717583
2023-02-07,170.94,181.16,182.175,168.24,2904182
2023-02-08,179.57,175.65,181.3599,174.685,1620523
2023-02-09,179.0,171.15,180.7,170.41,2152854
2023-02-10,169.63,172.23,176.6,169.6,2536844
2023-02-13,172.79,175.56,177.845,170.1301,1600570
2023-02-14,172.34,181.87,183.8,172.18,1815295
2023-02-15,181.0,187.36,188.57,179.23,1780707
2023-02-16,178.43,174.66,182.795,174.32,2549981
2023-02-17,174.39,168.56,174.39,167.14,2272162
2023-02-21,164.42,165.15,167.4299,163.62,1983862
2023-02-22,166.03,169.49,171.81,166.03,1809418
2023-02-23,170.72,170.63,172.83,167.74,1750856
2023-02-24,164.29,162.55,166.31,160.11,2090014
2023-02-27,164.59,164.62,168.2099,162.16,1555931
2023-02-28,164.47,164.33,166.56,162.46,9810943
2023-03-01,165.06,162.19,169.12,162.14,1657043
2023-03-02,162.43,166.11,167.0,159.66,1522520
2023-03-03,166.6,177.53,178.11,166.21,1699132
2023-03-06,178.4,176.15,181.89,175.7,1503322
2023-03-07,176.83,176.48,182.72,175.32,2097418
2023-03-08,176.63,177.9,178.64,174.395,960961
2023-03-09,176.92,169.99,180.15,169.32,1526826
2023-03-10,169.42,155.78,169.69,155.34,2393856
2023-03-13,154.195,158.32,162.33,149.57,2176494
2023-03-14,155.0,159.98,160.18,148.55,2669838
2023-03-15,157.075,158.0,159.58,155.54,2294147
2023-03-16,157.79,157.35,161.49,152.28,2603927
2023-03-17,157.04,158.25,158.86,153.04,3325508
2023-03-20,157.04,148.9,157.45,148.47,2452365
2023-03-21,149.4,154.3,155.62,148.3701,2212140
2023-03-22,154.01,149.03,157.58,148.86,1334027
2023-03-23,152.5,153.29,155.835,149.915,1483505
2023-03-24,152.99,152.72,153.1,146.42,1442964
2023-03-27,153.43,154.99,156.26,152.09,1452867
2023-03-28,155.01,155.26,156.74,153.66,992184
2023-03-29,157.76,158.89,158.98,155.65,1111159
2023-03-30,161.52,160.59,162.12,158.9,966428
2023-03-31,161.76,171.17,171.84,160.46,1646306
2023-04-03,169.32,163.92,170.67,161.79,1347835
2023-04-04,164.64,166.49,169.5,164.2201,1125932
2023-04-05,165.37,156.99,165.56,156.59,1536651
2023-04-06,155.46,158.54,158.72,148.68,1577861
2023-04-10,155.61,158.92,159.25,147.96,1836490
2023-04-11,156.71,162.88,164.94,156.71,2012705
2023-04-12,167.75,158.55,168.205,158.32,2072194
2023-04-13,160.19,168.09,168.57,159.085,1567429
2023-04-14,165.76,165.53,167.86,159.65,1301430
2023-04-17,166.44,166.42,167.7399,161.44,1252456
2023-04-18,169.0,162.32,170.2,161.45,1321558
2023-04-19,159.7,162.77,164.4,159.63,1399498
2023-04-20,159.7,157.25,162.2399,156.8101,1462685
2023-04-21,158.25,158.55,159.11,155.16,1143270
2023-04-24,157.85,154.81,158.46,154.19,933747
2023-04-25,152.69,143.06,153.1,142.86,2206600
2023-04-26,145.63,151.74,152.99,145.41,1851148
2023-04-27,154.24,153.77,156.43,152.03,1469408
2023-04-28,150.4,147.66,150.51,146.0,1981335
2023-05-01,146.12,149.55,150.615,142.29,1598332
2023-05-02,150.47,147.16,150.605,146.35,1077571
2023-05-03,147.16,145.14,148.4384,144.72,1820202
2023-05-04,146.99,150.05,151.51,145.88,3392145
2023-05-05,134.5,135.73,138.45,130.07,7392780
2023-05-08,135.73,130.01,139.335,129.54,4917545
2023-05-09,128.95,133.15,134.4,128.02,2843285
2023-05-10,134.93,137.42,138.63,133.74,2626803
2023-05-11,137.0,135.68,137.22,135.05,1634237
2023-05-12,135.4,135.02,135.94,132.32,1564874
2023-05-15,135.02,145.36,146.0399,134.88,2862260
2023-05-16,144.16,139.22,144.35,138.8,1895345
2023-05-17,139.54,144.04,144.75,137.125,1726312
2023-05-18,143.95,148.08,148.93,143.875,1795815
2023-05-19,147.33,146.99,147.67,144.59,1706189
2023-05-22,146.22,158.38,161.18,145.205,3094005
2023-05-23,157.49,159.41,163.55,157.13,2268769
2023-05-24,156.99,160.64,162.38,156.05,1621137
2023-05-25,162.6,158.88,165.71,158.58,1874049
2023-05-26,160.0,166.15,170.0,159.555,2095573
