2020-10-29,404.61,404.61,404.61,404.61,22159
2020-10-30,400.18,400.18,400.18,400.18,8754
2020-11-02,401.99,401.99,401.99,401.99,10266
2020-11-03,408.24,408.24,408.24,408.24,12426
2020-11-04,418.53,418.53,418.53,418.53,36139
2020-11-05,420.14,420.14,420.14,420.14,7232
2020-11-06,429.01,429.01,429.01,429.01,20351
2020-11-09,428.61,428.61,428.61,428.61,25569
2020-11-10,432.04,432.04,432.04,432.04,11943
2020-11-11,435.47,435.47,435.47,435.47,8712
2020-11-12,427.3,427.3,427.3,427.3,17966
2020-11-13,437.18,437.18,437.18,437.18,7067
2020-11-16,438.8,438.8,438.8,438.8,25506
2020-11-17,438.6,15.16,438.6,438.6,14564
2020-11-18,15.29,15.205,16.04,15.13,29710
2020-11-19,15.2,15.18,15.25,15.095,14815
2020-11-20,15.19,15.0984,15.23,15.04,5493
2020-11-23,15.1,15.0072,15.196,14.95,11366
2020-11-24,15.02,14.8902,15.02,14.85,10020
2020-11-25,14.89,14.9748,15.01,14.89,6466
2020-11-27,15.0,15.1189,15.169,15.0,3347
2020-11-30,15.02,15.0448,15.08,14.98,10200
2020-12-01,15.25,15.2009,15.25,15.15,6105
2020-12-02,15.2,15.04,15.2,14.98,11447
2020-12-03,14.95,15.09,15.15,14.95,24964
2020-12-04,15.23,15.2153,15.245,15.15,6498
2020-12-07,15.3,15.21,15.3,15.21,11388
2020-12-08,15.21,15.2,15.21,15.1,35363
2020-12-09,15.35,14.9,15.37,14.785,22298
2020-12-10,14.9,14.93,14.97,14.8113,5990
2020-12-11,14.8,14.852,14.852,14.68,29545
2020-12-14,14.85,14.88,15.0,14.85,12334
2020-12-15,14.84,14.92,14.94,14.84,4915
2020-12-16,14.86,14.9455,15.03,14.821,9230
2020-12-17,14.94,15.16,15.16,14.94,5749
2020-12-18,15.09,15.05,15.293,15.05,11918
2020-12-21,15.13,15.09,15.19,15.045,14674
2020-12-22,15.2,15.36,15.36,15.015,8097
2020-12-23,15.4,15.1658,15.48,15.1658,15187
2020-12-24,15.28,15.18,15.37,15.02,6038
2020-12-28,15.54,15.39,15.54,15.1735,23929
2020-12-29,15.5,15.167,15.64,15.11,20039
2020-12-30,15.32,15.45,15.48,15.31,5112
2020-12-31,15.5,15.5802,15.61,15.2928,20895
2021-01-04,15.69,15.32,15.7,15.0,35678
2021-01-05,15.19,15.39,15.4,15.19,3328
2021-01-06,15.39,15.26,15.39,15.0601,17238
2021-01-07,15.18,15.28,15.28,15.1501,12546
2021-01-08,15.33,15.43,15.57,15.325,21098
2021-01-11,15.01,15.2369,15.4999,15.0,16047
2021-01-12,15.31,15.22,15.31,15.15,8281
2021-01-13,15.22,15.21,15.35,15.179,10694
2021-01-14,15.1,15.435,15.5586,15.1,15001
2021-01-15,15.45,15.609,15.609,15.4,7160
2021-01-19,15.92,15.8084,15.92,15.7344,63685
2021-01-20,16.0,16.019,16.088,15.91,24739
2021-01-21,16.0,16.0337,16.05,15.885,22518
2021-01-22,16.03,15.9988,16.11,15.945,11859
2021-01-25,16.21,16.1608,16.27,16.0,31473
2021-01-26,16.2,16.2219,16.35,16.09,38731
2021-01-27,16.22,15.8015,16.37,15.8015,38533
2021-01-28,15.98,15.9615,16.1491,15.8,14637
2021-01-29,16.03,15.74,16.08,15.73,23240
2021-02-01,16.27,16.3428,16.46,15.9401,38327
2021-02-02,16.66,16.525,16.68,16.36,37879
2021-02-03,17.11,16.22,17.11,16.13,34739
2021-02-04,16.22,16.34,16.3599,16.1,19411
2021-02-05,16.34,16.2909,16.41,16.1529,16971
2021-02-08,16.35,16.3423,16.475,16.1101,45176
2021-02-09,16.43,16.3674,16.52,16.34,28167
2021-02-10,16.56,16.46,16.6,16.369,19178
2021-02-11,16.5,16.2957,16.62,16.2,19396
2021-02-12,16.25,16.205,16.3,16.13,12257
2021-02-16,16.35,16.1,16.455,15.95,38433
2021-02-17,16.43,16.06,16.43,15.9515,27828
2021-02-18,16.06,16.04,16.115,16.02,12992
2021-02-19,16.1009,16.23,16.3494,16.0,14159
2021-02-22,16.11,15.85,16.11,15.8035,20388
2021-02-23,15.9,15.62,15.9,15.6,18294
2021-02-24,15.73,15.655,15.75,15.515,8547
2021-02-25,15.86,15.41,15.86,15.35,18794
2021-02-26,15.56,15.45,15.639,15.437,18017
2021-03-01,16.69,16.22,16.69,15.45,22368
2021-03-02,15.41,15.0,15.41,15.0,43308
2021-03-03,15.15,14.79,15.15,14.58,35311
2021-03-04,14.62,14.4,14.7788,14.335,26128
2021-03-05,14.54,14.5775,14.65,14.1,16117
2021-03-08,14.56,14.43,14.64,14.41,6583
2021-03-09,14.56,14.75,14.81,14.45,15571
2021-03-10,14.88,14.79,14.94,14.75,38231
2021-03-11,14.96,15.1969,15.25,14.92,16528
2021-03-12,15.02,15.15,15.2,14.8014,12444
2021-03-15,15.11,15.4,15.45,15.1,17966
2021-03-16,15.47,15.46,15.595,15.4,10073
2021-03-17,15.46,15.4,15.53,15.16,23563
2021-03-18,15.48,15.305,15.48,15.24,8859
2021-03-19,15.34,15.35,15.49,15.216,6405
2021-03-22,15.38,15.507,15.57,15.27,24805
2021-03-23,15.3,15.38,15.62,15.3,20368
2021-03-24,15.53,15.17,15.53,15.17,7729
2021-03-25,15.01,15.13,15.21,15.01,4441
2021-03-26,15.33,15.4289,15.439,15.25,7273
2021-03-29,15.5,15.7,15.7199,15.48,13175
2021-03-30,15.7,15.53,15.7,15.53,14944
2021-03-31,15.55,15.63,15.8,15.51,15253
2021-04-01,15.88,15.87,15.88,15.71,15644
2021-04-05,16.06,16.025,16.08,15.9,31865
2021-04-06,16.17,16.08,16.17,15.91,34741
2021-04-07,16.06,16.0,16.09,15.95,15144
2021-04-08,15.98,15.95,16.2199,15.95,11532
2021-04-09,16.0,15.88,16.0,15.8,22212
2021-04-12,15.99,16.0,16.0,15.8213,41284
2021-04-13,15.96,16.1006,16.1594,15.96,8088
2021-04-14,16.08,15.96,16.19,15.95,21931
2021-04-15,16.11,16.32,16.32,16.07,7501
2021-04-16,16.38,16.25,16.38,16.1812,14365
2021-04-19,16.25,16.34,16.34,16.25,27177
2021-04-20,16.35,16.48,16.5,16.33,532520
2021-04-21,16.5,16.501,16.584,16.47,46775
2021-04-22,16.57,16.3908,16.57,16.3631,34085
2021-04-23,16.57,16.58,16.64,16.4385,18309
2021-04-26,16.64,16.63,16.64,16.535,23650
2021-04-27,16.72,16.58,16.72,16.47,11984
2021-04-28,16.64,16.7,16.7,16.49,19475
2021-04-29,16.67,16.41,16.67,16.245,32578
2021-04-30,16.43,16.6,16.6,16.43,41742
2021-05-03,16.53,16.36,16.56,16.34,30289
2021-05-04,16.11,16.06,16.22,16.0411,17953
2021-05-05,16.06,16.05,16.09,15.91,19062
2021-05-06,16.05,15.87,16.055,15.85,27439
2021-05-07,16.08,16.18,16.18,15.97,39405
2021-05-10,16.23,16.03,16.23,16.0,18056
2021-05-11,15.91,15.83,15.9399,15.73,19750
2021-05-12,15.8,15.59,15.8,15.5301,27625
2021-05-13,15.72,15.61,15.72,15.5901,8337
2021-05-14,15.85,15.955,15.955,15.745,4909
2021-05-17,15.79,15.8561,15.9092,15.79,6814
2021-05-18,15.87,15.92,16.09,15.86,7945
2021-05-19,15.89,15.9,16.0,15.75,12749
2021-05-20,15.94,16.119,16.17,15.94,9781
2021-05-21,16.25,16.07,16.25,15.965,8062
2021-05-24,16.03,16.17,16.23,16.03,2837
2021-05-25,16.32,16.23,16.32,16.13,14615
2021-05-26,16.34,16.32,16.47,16.32,12275
2021-05-27,16.23,16.36,16.439,16.23,16190
2021-05-28,16.49,16.4122,16.49,16.3617,3461
2021-06-01,16.46,16.5262,16.55,16.41,15972
2021-06-02,16.69,16.74,16.8,16.53,8006
2021-06-03,16.78,16.775,16.85,16.7,8348
2021-06-04,16.96,16.9357,16.98,16.895,11321
2021-06-07,17.06,17.25,17.3399,16.98,11334
2021-06-08,17.34,17.325,17.3999,17.25,11960
2021-06-09,17.44,17.3759,17.5081,17.3214,9551
2021-06-10,17.25,17.57,17.588,17.0,11638
2021-06-11,17.7,17.43,17.7,17.33,10821
2021-06-14,17.47,17.59,17.61,17.43,33485
2021-06-15,17.6,17.5,17.6,17.35,10149
2021-06-16,17.4,17.25,17.48,17.16,39995
2021-06-17,17.2,17.247,17.32,17.0,8689
2021-06-18,17.29,17.27,17.3383,17.23,5854
2021-06-21,17.28,17.21,17.3799,17.03,9614
2021-06-22,17.28,17.2231,17.3381,17.15,14663
2021-06-23,17.33,17.15,17.33,17.08,14611
2021-06-24,17.2,17.08,17.2399,17.0,9202
2021-06-25,17.01,17.2299,17.2299,17.01,9210
2021-06-28,17.23,17.33,17.33,17.23,17691
2021-06-29,17.38,17.29,17.3881,17.238,16258
2021-06-30,17.3,17.235,17.3,17.235,6021
2021-07-01,17.24,17.13,17.24,17.05,12661
2021-07-02,17.13,17.26,17.27,17.13,15278
2021-07-06,17.26,17.3784,17.43,17.2397,23664
2021-07-07,17.47,17.498,17.498,17.39,13658
2021-07-08,17.28,17.3699,17.44,17.28,8355
2021-07-09,17.51,17.48,17.51,17.3,8202
2021-07-12,17.48,17.6199,17.6199,17.43,8888
2021-07-13,17.6,17.49,17.61,17.41,16246
2021-07-14,17.57,17.5186,17.59,17.43,21959
2021-07-15,17.475,17.4,17.5886,17.4,3058
2021-07-16,17.71,17.3713,17.71,17.3713,27415
2021-07-19,17.42,17.41,17.4899,17.23,10305
2021-07-20,17.55,17.51,17.55,17.34,8674
2021-07-21,17.53,17.4,17.53,17.34,20055
2021-07-22,17.44,17.195,17.44,17.11,28755
2021-07-23,17.33,17.31,17.33,17.1,8144
2021-07-26,17.23,17.29,17.29,17.14,21901
2021-07-27,17.15,17.175,17.211,17.1035,8708
2021-07-28,17.3,17.3,17.3,17.17,4554
2021-07-29,17.43,17.19,17.43,17.1,18673
2021-07-30,17.3196,17.36,17.43,17.25,5291
2021-08-02,17.39,17.405,17.49,17.3209,10495
2021-08-03,17.41,17.45,17.54,17.375,4655
2021-08-04,17.5,17.64,17.68,17.5,7363
2021-08-05,17.71,17.61,17.71,17.48,7073
2021-08-06,17.6,17.615,17.68,17.52,14515
2021-08-09,17.66,17.5201,18.03,17.5201,13210
2021-08-10,17.62,17.41,17.62,17.35,21196
2021-08-11,17.5,17.44,17.5,17.35,12357
2021-08-12,17.38,17.44,17.5274,17.27,7885
2021-08-13,17.53,17.69,17.69,17.3154,22083
2021-08-16,17.54,17.52,17.58,17.47,18454
2021-08-17,17.52,17.53,17.687,17.35,35705
2021-08-18,17.376,17.4,17.4599,17.315,4920
2021-08-19,17.25,17.53,17.53,17.25,22367
2021-08-20,17.67,17.65,17.6878,17.4586,8969
2021-08-23,17.74,17.725,17.7485,17.5022,14799
2021-08-24,17.74,17.61,17.74,17.585,12346
2021-08-25,17.69,17.53,17.69,17.46,18288
2021-08-26,17.44,17.44,17.46,17.3001,2597
2021-08-27,17.38,17.57,17.58,17.23,11140
2021-08-30,17.58,17.87,17.87,17.58,14118
2021-08-31,17.79,17.86,17.98,17.79,33037
2021-09-01,18.0,18.27,18.27,17.975,14736
2021-09-02,18.27,18.38,18.41,18.15,23277
2021-09-03,18.3,18.53,18.53,18.25,6806
2021-09-07,18.58,18.4197,19.09,18.25,60818
2021-09-08,18.39,18.37,18.4,18.3,10882
2021-09-09,18.4,18.03,18.4,18.0015,19507
2021-09-10,18.04,17.88,18.04,17.785,31744
2021-09-13,17.94,17.89,17.95,17.7977,47386
2021-09-14,17.89,17.8,17.96,17.8,21600
2021-09-15,17.93,17.89,17.93,17.8,4920
2021-09-16,17.92,17.76,17.92,17.75,22248
2021-09-17,17.84,18.0,18.0,17.7601,23765
2021-09-20,17.74,17.61,17.74,17.4,34283
2021-09-21,17.65,17.655,17.7555,17.625,30589
2021-09-22,17.84,17.93,17.968,17.68,23156
2021-09-23,17.86,17.71,17.8868,17.53,25529
2021-09-24,17.61,17.4201,17.61,17.38,8988
2021-09-27,17.36,17.03,17.36,17.02,32506
2021-09-28,16.94,16.8,16.94,16.61,9670
2021-09-29,16.89,16.9,16.97,16.845,4367
2021-09-30,16.91,16.75,17.06,16.7,49842
2021-10-01,16.75,16.7494,16.83,16.5477,17977
2021-10-04,16.67,16.614,16.67,16.5,9463
2021-10-05,16.56,16.53,16.61,16.32,17456
2021-10-06,16.45,16.5256,16.61,16.23,13995
2021-10-07,16.67,16.705,16.8,16.64,11933
2021-10-08,16.68,16.44,16.75,16.44,21039
2021-10-11,16.42,16.295,16.44,16.295,49545
2021-10-12,16.37,16.365,16.49,16.3,9672
2021-10-13,16.46,16.5099,16.54,16.346,36940
2021-10-14,16.59,16.7,16.76,16.59,61234
2021-10-15,16.78,16.74,16.81,16.685,9862
2021-10-18,16.6,16.7,16.8,16.6,23727
2021-10-19,16.75,16.86,16.95,16.71,12448
2021-10-20,16.94,17.21,17.21,16.94,24860
2021-10-21,17.12,17.38,17.38,17.074,32186
2021-10-22,17.38,17.4985,17.57,17.37,27148
2021-10-25,17.54,17.4937,17.57,17.305,8908
2021-10-26,17.67,17.6,17.67,17.52,6549
2021-10-27,17.54,17.43,17.64,17.43,12573
2021-10-28,17.55,17.61,17.6499,17.49,14976
2021-10-29,17.58,17.38,17.7,17.38,25343
2021-11-01,17.4,17.56,17.57,17.38,7340
2021-11-02,17.59,17.6495,17.6495,17.49,6820
2021-11-03,17.65,17.7,17.7,17.5,18157
2021-11-04,17.66,17.5,17.66,17.5,10541
2021-11-05,17.65,17.47,17.65,17.406,10973
2021-11-08,17.49,17.58,17.6228,17.43,11098
2021-11-09,17.58,17.675,17.74,17.58,11074
2021-11-10,17.57,17.445,17.6646,17.42,6552
2021-11-11,17.35,17.48,17.5164,17.35,23790
2021-11-12,17.51,17.6933,17.7232,17.5,9378
2021-11-15,17.75,17.785,17.8,17.7455,25191
2021-11-16,17.86,17.913,17.9806,17.82,18407
2021-11-17,17.86,17.89,17.96,17.79,8193
2021-11-18,18.0,18.0,18.0,17.79,52499
2021-11-19,17.99,17.84,18.0,17.77,30274
2021-11-22,17.96,17.803,17.9783,17.8,20223
2021-11-23,17.77,17.76,17.83,17.6801,14948
2021-11-24,17.76,18.02,18.035,17.75,29819
2021-11-26,17.96,17.7359,18.0,17.7359,12341
2021-11-29,17.74,18.0732,18.12,17.74,54332
2021-11-30,17.9,17.83,18.2178,17.8,50948
2021-12-01,18.0,17.6491,18.06,17.6,16961
2021-12-02,17.6,17.71,17.78,17.53,14061
2021-12-03,17.8,17.49,17.8,17.42,73465
2021-12-06,17.57,17.5694,17.65,17.47,8864
2021-12-07,17.79,17.9164,18.01,17.79,6225
2021-12-08,17.98,17.9905,18.05,17.7919,9592
2021-12-09,17.94,17.8296,17.98,17.7601,13942
2021-12-10,17.89,17.85,17.9,17.76,3782
2021-12-13,17.8,17.96,17.97,17.8,17076
2021-12-14,17.87,17.69,17.87,17.5101,18059
2021-12-15,17.73,17.98,18.0078,17.67,12384
2021-12-16,18.035,17.975,18.1,17.92,10235
2021-12-17,17.96,18.015,18.1,17.96,6970
2021-12-20,17.98,18.05,18.07,17.85,32342
2021-12-21,18.2,18.12,18.39,18.0,39578
2021-12-22,18.0,18.18,18.2,17.98,36714
2021-12-23,18.19,18.24,18.288,18.1,34831
2021-12-27,18.24,18.5,18.5,18.24,23207
2021-12-28,18.51,18.61,18.61,18.4433,53789
2021-12-29,18.61,18.6,18.61,18.43,41107
2021-12-30,18.47,18.51,18.57,18.36,14070
2021-12-31,18.47,18.51,18.62,18.47,10452
2022-01-03,18.62,18.3601,18.62,18.25,17082
2022-01-04,18.51,17.98,18.51,17.975,21618
2022-01-05,17.96,17.28,17.96,17.28,30819
2022-01-06,17.28,17.3,17.38,16.93,28044
2022-01-07,17.24,17.27,17.38,17.05,137465
2022-01-10,17.23,17.07,17.23,16.81,65158
2022-01-11,17.1,17.21,17.22,16.83,48074
2022-01-12,17.3,17.14,17.34,17.0001,78490
2022-01-13,17.22,16.9187,17.25,16.9,16822
2022-01-14,16.89,16.82,16.89,16.56,59548
2022-01-18,16.74,16.75,16.79,16.54,85631
2022-01-19,16.7,16.52,16.94,16.52,18068
2022-01-20,16.68,16.47,16.76,16.4,11671
2022-01-21,16.24,16.19,16.4999,16.1101,66014
2022-01-24,16.0,16.22,16.34,15.72,31324
2022-01-25,15.97,16.11,16.27,15.8904,15090
2022-01-26,16.22,15.92,16.36,15.77,509346
2022-01-27,15.91,15.45,16.195,15.3917,65515
2022-01-28,15.44,15.95,15.95,15.3733,137044
2022-01-31,15.9,16.39,16.39,15.84,105595
2022-02-01,16.35,16.25,16.38,16.06,33717
2022-02-02,16.38,16.31,16.39,16.21,22687
2022-02-03,16.17,16.07,16.1999,15.89,7204
2022-02-04,15.99,16.005,16.1,15.87,13618
2022-02-07,15.97,15.86,16.07,15.8501,15962
2022-02-08,15.92,15.95,16.0285,15.86,10308
2022-02-09,16.1,16.2752,16.46,16.1,5162
2022-02-10,16.14,16.04,16.4394,16.04,30909
2022-02-11,16.0,15.51,16.04,15.51,14224
2022-02-14,15.54,15.4714,15.63,15.41,11057
2022-02-15,15.66,15.81,15.8499,15.65,18979
2022-02-16,15.77,15.75,15.8081,15.56,30892
2022-02-17,15.64,15.57,15.742,15.55,22077
2022-02-18,15.59,15.51,15.59,15.4,9611
2022-02-22,15.35,15.39,15.5,15.33,9722
2022-02-23,15.53,15.33,15.53,15.18,5610
2022-02-24,14.88,15.47,15.47,14.65,32665
2022-02-25,15.56,15.805,15.805,15.47,9877
2022-02-28,15.62,15.6844,15.77,15.54,14979
2022-03-01,15.67,15.63,15.7801,15.581,5809
2022-03-02,15.73,16.0,16.0,15.73,15383
2022-03-03,15.95,15.91,15.96,15.775,15631
2022-03-04,15.74,15.85,15.9,15.73,16511
2022-03-07,15.79,15.59,15.79,15.481,17333
2022-03-08,15.5899,15.29,15.615,15.29,30145
2022-03-09,15.6,15.69,15.865,15.6,9193
2022-03-10,15.5,15.48,15.5,15.2222,10487
2022-03-11,15.64,15.29,15.64,15.29,2992
2022-03-14,15.15,14.92,15.15,14.92,6289
2022-03-15,15.14,15.11,15.15,15.06,9415
2022-03-16,15.3,15.56,15.6999,15.3,6216
2022-03-17,15.57,15.83,15.8801,15.57,6308
2022-03-18,16.04,16.25,16.27,16.0,13022
2022-03-21,16.0,15.91,16.1549,15.89,10880
2022-03-22,16.05,16.09,16.19,15.9302,5010
2022-03-23,16.0,15.965,16.015,15.95,9705
2022-03-24,15.95,16.08,16.08,15.84,8655
2022-03-25,16.0,15.9423,16.0,15.88,23225
2022-03-28,15.95,16.245,16.29,15.93,22644
2022-03-29,16.45,16.59,16.66,16.4,5363
2022-03-30,16.63,16.44,16.69,16.44,14906
2022-03-31,16.55,16.49,16.69,16.45,7148
2022-04-01,16.36,16.55,16.6899,16.36,6409
2022-04-04,16.58,16.75,16.75,16.57,6337
2022-04-05,16.64,16.715,16.8799,16.64,23068
2022-04-06,16.57,16.76,16.76,16.57,5525
2022-04-07,16.58,16.68,16.74,16.5,4583
2022-04-08,16.68,16.6,16.68,16.53,10241
2022-04-11,16.45,16.36,16.55,16.35,16844
2022-04-12,16.4,16.294,16.4,16.27,8148
2022-04-13,16.2317,16.44,16.45,16.2317,9003
2022-04-14,16.28,16.2418,16.315,16.2418,10974
2022-04-18,16.22,16.08,16.22,16.0399,9941
2022-04-19,16.16,16.46,16.4682,16.0916,4443
2022-04-20,16.48,16.57,16.64,16.48,9180
2022-04-21,16.53,16.3059,16.53,16.2,20386
2022-04-22,16.15,16.11,16.23,16.05,9597
2022-04-25,15.96,15.97,15.9889,15.8115,5544
2022-04-26,15.92,15.63,15.9494,15.63,9604
2022-04-27,15.66,15.62,15.785,15.61,7234
2022-04-28,15.72,15.99,15.99,15.51,7513
2022-04-29,15.89,15.5636,15.9002,15.51,9301
2022-05-02,15.45,15.3,15.51,15.07,34764
2022-05-03,15.41,15.53,15.75,15.41,62632
2022-05-04,15.62,15.87,15.907,15.44,5760
2022-05-05,15.66,15.41,15.66,15.35,15756
2022-05-06,15.22,15.33,15.42,15.22,6117
2022-05-09,15.09,14.62,15.125,14.52,12978
2022-05-10,14.76,14.42,14.76,14.24,6803
2022-05-11,14.66,14.4,14.66,14.3701,10791
2022-05-12,14.28,14.36,14.445,14.21,4698
2022-05-13,14.56,14.88,14.88,14.54,14447
2022-05-16,14.88,14.7701,14.9,14.7701,11456
2022-05-17,14.94,14.93,14.94,14.8,6020
2022-05-18,14.8935,14.64,14.8935,14.551,3926
2022-05-19,14.61,14.91,14.995,14.61,13689
2022-05-20,15.02,15.0181,15.02,14.75,11510
2022-05-23,15.14,15.2455,15.2658,15.105,4333
2022-05-24,15.18,15.34,15.34,15.053,9475
2022-05-25,15.3,15.4502,15.465,15.2,7465
2022-05-26,15.5201,15.4703,15.595,15.44,3071
2022-05-27,15.5,15.78,15.8258,15.5,3551
2022-05-31,15.97,15.77,15.97,15.685,4127
2022-06-01,15.49,15.5,15.5034,15.48,3079
2022-06-02,15.52,15.9,15.9,15.3843,14283
2022-06-03,15.63,15.66,15.7308,15.58,2792
2022-06-06,15.77,15.71,15.77,15.7,1040
2022-06-07,15.5,15.76,15.76,15.5,4117
2022-06-08,15.8359,15.6871,15.84,15.6871,2257
2022-06-09,15.61,15.3893,15.67,15.3893,1990
2022-06-10,15.2,15.0599,15.2,14.97,11536
2022-06-13,14.66,14.32,14.66,14.32,5176
2022-06-14,14.45,14.21,14.45,14.2,6206
2022-06-15,14.4645,14.2,14.57,14.2,3823
2022-06-16,14.25,14.05,14.278,14.045,7226
2022-06-17,14.23,14.26,14.33,14.12,14354
2022-06-21,14.37,14.59,14.63,14.37,4208
2022-06-22,14.52,14.8284,14.9864,14.52,18417
2022-06-23,15.025,15.12,15.1508,15.0,5562
2022-06-24,15.3,15.39,15.39,15.3,1560
2022-06-27,15.409,15.28,15.47,15.28,20257
2022-06-28,15.39,15.0058,15.46,15.0058,17029
2022-06-29,14.509,14.72,14.8,14.45,368152
2022-06-30,14.59,14.805,14.95,14.59,53347
2022-07-01,14.845,14.98,15.03,14.82,9782
2022-07-05,14.71,14.87,14.9,14.58,12516
2022-07-06,14.88,14.9,15.0076,14.87,6159
2022-07-07,14.92,15.0055,15.1,14.92,12587
2022-07-08,14.94,14.895,14.99,14.79,6959
2022-07-11,14.77,14.74,14.852,14.6,10630
2022-07-12,14.71,14.6178,14.75,14.575,6850
2022-07-13,14.47,14.6183,14.74,14.365,8358
2022-07-14,14.4,14.54,14.589,14.4,7038
2022-07-15,14.66,14.64,14.78,14.6,11980
2022-07-18,14.65,14.55,14.652,14.525,4055
2022-07-19,14.72,14.94,14.96,14.7001,16463
2022-07-20,14.987,14.8102,15.0,14.8102,30627
2022-07-21,14.67,14.9816,15.0,14.67,10897
2022-07-22,14.91,14.97,15.11,14.88,12857
2022-07-25,14.91,14.67,15.0,14.67,5657
2022-07-26,14.84,14.89,15.02,14.84,4632
2022-07-27,15.0,15.1437,15.145,14.91,4941
2022-07-28,15.2,15.62,15.62,15.2,4704
2022-07-29,15.42,15.5,15.63,15.41,7997
2022-08-01,15.49,15.45,15.5521,15.37,7814
2022-08-02,15.25,15.36,15.614,15.25,4474
2022-08-03,15.3901,15.565,15.6129,15.3901,17735
2022-08-04,15.57,15.6,15.68,15.514,10403
2022-08-05,15.5046,15.51,15.5549,15.47,8637
2022-08-08,15.715,15.6069,15.7492,15.53,20194
2022-08-09,15.5385,15.41,15.5385,15.41,8096
2022-08-10,15.53,15.695,15.7,15.53,12337
2022-08-11,15.7,15.582,15.845,15.5,4309
2022-08-12,15.75,15.8121,15.8121,15.65,13682
2022-08-15,15.76,15.9484,15.99,15.76,7168
2022-08-16,15.95,15.8949,15.96,15.8,6532
2022-08-17,15.79,15.76,15.8,15.7001,6241
2022-08-18,15.71,15.68,15.7299,15.674,1444
2022-08-19,15.5,15.515,15.61,15.5,4450
2022-08-22,15.28,15.15,15.4023,15.15,19256
2022-08-23,15.07,15.07,15.17,14.995,6238
2022-08-24,14.98,15.01,15.21,14.9015,9884
2022-08-25,15.31,15.385,15.385,15.2419,12124
2022-08-26,15.39,15.015,15.39,15.015,4053
2022-08-29,14.86,14.8,14.9899,14.8,14929
2022-08-30,14.8,14.53,14.82,14.53,3544
2022-08-31,14.74,14.63,14.74,14.58,556658
2022-09-01,14.46,14.43,14.49,14.336,4043
2022-09-02,14.57,14.2,14.57,14.2,13636
2022-09-06,14.24,14.11,14.24,14.04,6164
2022-09-07,14.08,14.35,14.35,14.08,3080
2022-09-08,14.2718,14.32,14.39,14.261,22956
2022-09-09,14.47,14.58,14.5808,14.37,6269
2022-09-12,14.63,14.7,14.73,14.63,2091
2022-09-13,14.41,14.11,14.41,14.08,17158
2022-09-14,14.15,14.03,14.15,14.02,3015
2022-09-15,14.02,13.85,14.02,13.85,3001
2022-09-16,13.65,13.72,13.805,13.65,4595
2022-09-19,13.61,13.77,13.77,13.592,6873
2022-09-20,13.545,13.4972,13.545,13.421,4418
2022-09-21,13.49,13.28,13.59,13.28,10288
2022-09-22,13.19,13.1788,13.3199,13.1788,4587
2022-09-23,13.01,12.84,13.01,12.84,7947
2022-09-26,12.79,12.64,12.84,12.52,2828
2022-09-27,12.62,12.44,12.79,12.44,9691
2022-09-28,12.46,12.57,12.64,12.46,4601
2022-09-29,12.4,12.15,12.4,12.13,5862
2022-09-30,12.29,12.28,12.38,12.25,10317
2022-10-03,12.34,12.4,12.5499,12.34,17291
2022-10-04,12.54,12.7462,12.85,12.54,21549
2022-10-05,12.45,12.5,12.61,12.45,1934
2022-10-06,12.45,12.16,12.45,12.16,7947
2022-10-07,12.01,11.7,12.04,11.665,8045
2022-10-10,11.73,11.5,11.73,11.5,9464
2022-10-11,11.325,11.42,11.56,11.23,6234
2022-10-12,11.3499,11.28,11.38,11.28,4705
2022-10-13,11.11,11.32,11.52,11.11,329328
2022-10-14,11.55,11.24,11.55,11.17,9815
2022-10-17,11.39,11.65,11.68,11.39,5699
2022-10-18,11.73,11.73,11.79,11.685,7874
2022-10-19,11.5,11.48,11.6663,11.46,6509
2022-10-20,11.64,11.48,11.64,11.43,16934
2022-10-21,11.34,11.5,11.52,11.28,6670
2022-10-24,11.47,11.3,11.47,11.275,5298
2022-10-25,11.39,11.74,11.74,11.39,8555
2022-10-26,11.755,11.8,11.9,11.7477,4279
2022-10-27,11.92,11.69,11.92,11.685,10939
2022-10-28,11.87,11.9381,11.9736,11.87,4720
2022-10-31,11.86,11.855,11.8754,11.7,17704
2022-11-01,11.5,11.85,12.09,11.5,18786
2022-11-02,11.91,11.7695,12.08,11.7695,8755
2022-11-03,11.705,11.8478,11.905,11.705,4747
2022-11-04,12.05,12.07,12.075,11.94,2240
2022-11-07,12.12,12.115,12.1697,12.09,4767
2022-11-08,12.2,12.1,12.2,12.06,13930
2022-11-09,12.08,11.9478,12.12,11.9478,8598
2022-11-10,12.38,12.88,12.88,12.38,15130
2022-11-11,12.99,13.265,13.29,12.99,7170
2022-11-14,13.23,12.9676,13.23,12.94,2847
2022-11-15,13.13,13.365,13.395,13.13,2564
2022-11-16,13.38,13.09,13.38,13.09,8967
2022-11-17,12.99,12.88,13.07,12.88,28838
2022-11-18,13.09,13.08,13.115,12.98,7084
2022-11-21,13.03,13.08,13.08,12.97,9525
2022-11-22,13.09,13.1275,13.135,12.99,6911
2022-11-23,12.91,13.21,13.23,12.91,17220
2022-11-25,13.17,13.33,13.354,13.17,4453
2022-11-28,13.22,13.0256,13.2231,12.98,11654
2022-11-29,13.1,13.13,13.15,13.1,7795
2022-11-30,13.14,13.44,13.53,13.1,30585
2022-12-01,13.66,13.51,13.66,13.48,21922
2022-12-02,13.28,13.38,13.4699,13.27,51654
2022-12-05,13.3297,13.31,13.41,13.27,6833
2022-12-06,13.16,13.1634,13.25,13.12,8697
2022-12-07,13.06,13.03,13.12,13.03,9275
2022-12-08,13.06,13.14,13.2696,13.06,7115
2022-12-09,13.14,13.14,13.31,13.12,10319
2022-12-12,13.13,13.19,13.19,13.01,19463
2022-12-13,13.59,13.56,13.775,13.41,8075
2022-12-14,13.51,13.4747,13.7201,13.32,8682
2022-12-15,13.409,13.1434,13.409,13.101,12271
2022-12-16,12.83,12.9301,12.9301,12.791,17044
2022-12-19,12.745,12.64,12.7899,12.6,12832
2022-12-20,12.59,12.6077,12.66,12.48,11451
2022-12-21,12.66,12.79,12.91,12.66,36907
2022-12-22,12.65,12.67,12.79,12.48,13819
2022-12-23,12.66,12.72,12.72,12.56,14523
2022-12-27,12.7148,12.72,12.7616,12.66,14724
2022-12-28,12.6559,12.5711,12.67,12.51,18911
2022-12-29,12.49,12.48,12.6699,12.4121,63968
2022-12-30,12.5,12.48,12.55,12.37,8638
2023-01-03,12.67,12.67,12.7089,12.61,7256
2023-01-04,12.84,13.12,13.12,12.84,5504
2023-01-05,12.8199,12.75,12.845,12.66,52089
2023-01-06,12.79,12.96,13.01,12.79,4528
2023-01-09,13.1,13.1,13.2678,13.075,17262
2023-01-10,13.07,13.19,13.19,12.94,5936
2023-01-11,13.29,13.3445,13.3445,13.18,2738
2023-01-12,13.31,13.5619,13.5619,13.31,3668
2023-01-13,13.52,13.6,13.615,13.52,2420
2023-01-17,13.76,13.63,13.76,13.51,10835
2023-01-18,13.73,13.35,13.73,13.31,32814
2023-01-19,13.22,13.25,13.32,13.19,5656
2023-01-20,13.34,13.435,13.435,13.16,10021
2023-01-23,13.4,13.5,13.57,13.4,3897
2023-01-24,13.41,13.5055,13.52,13.37,356999
2023-01-25,13.33,13.566,13.58,13.33,11029
2023-01-26,13.72,13.75,13.75,13.596,5360
2023-01-27,13.71,13.8062,13.8798,13.6801,12827
2023-01-30,13.66,13.61,13.74,13.59,12931
2023-01-31,13.56,13.78,13.8,13.56,6201
2023-02-01,13.9,14.22,14.22,13.8603,2396
2023-02-02,14.345,14.39,14.49,14.2968,6600
2023-02-03,14.04,13.985,14.129,13.93,8960
2023-02-06,13.83,13.775,13.93,13.73,22107
2023-02-07,13.69,13.8494,13.8494,13.66,8102
2023-02-08,13.83,13.7626,13.83,13.74,2551
2023-02-09,13.96,13.75,13.9917,13.75,3740
2023-02-10,13.52,13.5689,13.5689,13.52,718
2023-02-13,13.7,13.6286,13.7,13.61,4722
2023-02-14,13.49,13.5581,13.5581,13.48,3632
2023-02-15,13.5,13.575,13.63,13.47,2485
2023-02-16,13.445,13.53,13.59,13.445,3005
2023-02-17,13.34,13.37,13.37,13.21,8130
2023-02-21,12.9987,12.99,13.06,12.9295,19477
2023-02-22,12.93,12.761,12.9623,12.761,3724
2023-02-23,13.04,12.97,13.04,12.852,3028
2023-02-24,12.84,12.68,12.84,12.6356,5248
2023-02-27,12.76,12.72,12.78,12.6137,3020
2023-02-28,12.76,12.75,12.8399,12.73,129764
2023-03-01,12.85,12.68,12.85,12.614,6128
2023-03-02,12.65,12.81,12.82,12.645,2310
2023-03-03,12.9656,13.04,13.04,12.85,4030
2023-03-06,13.01,12.91,13.038,12.885,10617
2023-03-07,12.88,12.59,12.88,12.58,4052
2023-03-08,12.59,12.76,12.8,12.59,6394
2023-03-09,12.719,12.52,12.719,12.475,2725
2023-03-10,12.48,12.325,12.5,12.29,1093963
2023-03-13,12.23,12.51,12.65,12.23,183261
2023-03-14,12.595,12.6,12.655,12.535,34305
2023-03-15,12.5,12.69,12.69,12.5,18980
2023-03-16,12.67,12.85,12.85,12.61,39343
2023-03-17,12.75,12.6951,12.79,12.6951,20450
2023-03-20,12.7,12.785,12.79,12.58,6173
2023-03-21,12.71,12.68,12.77,12.6059,14024
2023-03-22,12.62,12.445,12.7,12.445,4457
2023-03-23,12.63,12.575,12.76,12.57,7461
2023-03-24,12.56,12.7206,12.7206,12.5242,5997
2023-03-27,12.79,12.67,12.835,12.6301,4304
2023-03-28,12.66,12.64,12.76,12.6076,4807
2023-03-29,12.86,12.82,12.87,12.77,5489
2023-03-30,12.97,13.0,13.1174,12.97,840
2023-03-31,12.99,13.14,13.14,12.99,7299
2023-04-03,13.13,13.1,13.15,13.03,2835
2023-04-04,13.08,13.045,13.12,12.972,4657
2023-04-05,12.96,12.9874,13.0132,12.96,5248
2023-04-06,12.91,12.99,13.01,12.8794,6018
2023-04-10,12.89,13.03,13.03,12.8601,4248
2023-04-11,13.07,13.15,13.15,13.0,6481
2023-04-12,13.24,13.11,13.3,13.11,1836
2023-04-13,13.1699,13.195,13.195,13.12,3370
2023-04-14,13.0623,12.965,13.16,12.965,918
2023-04-17,12.97,13.14,13.14,12.97,1907
2023-04-18,13.14,13.16,13.165,13.092,2569
2023-04-19,13.1,13.16,13.16,13.09,1369
2023-04-20,12.9673,12.925,13.0164,12.8656,13435
2023-04-21,12.78,12.89,12.9191,12.78,1796
2023-04-24,12.91,12.86,12.91,12.7901,2111
2023-04-25,12.75,12.6316,12.75,12.5701,11345
2023-04-26,12.7074,12.67,12.81,12.67,10055
2023-04-27,12.63,12.95,12.9699,12.63,2514
2023-04-28,12.89,12.98,13.0,12.89,3648
2023-05-01,13.0,12.925,13.0,12.9,1917
2023-05-02,12.75,12.61,12.75,12.57,6880
2023-05-03,12.57,12.48,12.6,12.4301,10292
2023-05-04,12.45,12.68,12.74,12.45,2655
2023-05-05,12.72,12.855,12.855,12.7,5465
2023-05-08,12.73,12.81,12.8288,12.73,6116
2023-05-09,12.68,12.72,12.72,12.68,421
2023-05-10,12.72,12.795,12.795,12.72,12160
2023-05-11,12.56,12.605,12.605,12.56,1064
2023-05-12,12.62,12.64,12.64,12.496,13766
2023-05-15,12.64,12.6,12.64,12.54,24652
2023-05-16,12.55,12.39,12.5501,12.39,995
2023-05-17,12.44,12.6,12.6,12.44,2260
2023-05-18,12.63,12.65,12.65,12.56,1979
2023-05-19,12.614,12.52,12.72,12.52,3956
2023-05-22,12.58,12.715,12.78,12.58,8209
2023-05-23,12.67,12.45,12.685,12.45,11264
2023-05-24,12.37,12.2,12.37,12.2,11311
2023-05-25,12.63,12.6275,12.67,12.58,10861
2023-05-26,12.75,13.02,13.02,12.75,15565
2023-05-30,13.1,12.98,13.32,12.9557,24441
2023-05-31,12.86,12.9,12.9294,12.82,2122
2023-06-01,12.99,13.1,13.1,12.95,7712
2023-06-02,13.13,13.25,13.3,13.13,8084
2023-06-05,13.2203,13.135,13.225,13.135,14261
2023-06-06,13.11,13.2,13.29,13.1,27451
2023-06-07,13.26,13.22,13.27,13.2162,13620
2023-06-08,13.21,13.26,13.2899,13.15,6511
2023-06-09,13.33,13.23,13.36,13.2,1429
2023-06-12,13.29,13.4,13.4,13.2329,3683
2023-06-13,13.47,13.56,13.58,13.4445,3966
2023-06-14,13.59,13.76,13.76,13.56,6189
2023-06-15,13.68,13.82,13.86,13.68,24155
2023-06-16,13.91,13.72,13.91,13.72,6823
2023-06-20,13.6,13.52,13.6,13.5,11740
2023-06-21,13.4,13.35,13.515,13.33,1822
2023-06-22,13.31,13.2,13.31,13.06,5556
2023-06-23,13.12,13.205,13.205,13.08,4829
