2021-02-17,80.0,65.3,82.4,62.6,187737
2021-02-18,65.8,61.0,65.9,60.0,64606
2021-02-19,62.8,64.5,66.5,60.9,25149
2021-02-22,64.5,61.4,66.8,60.1,48331
2021-02-23,59.3,57.5,59.3,54.1,12288
2021-02-24,57.0,58.9,59.6,56.0,6741
2021-02-25,58.6,56.2,59.8,56.2,3606
2021-02-26,56.0,53.9,58.0,52.5,7457
2021-03-01,55.9,57.8,58.0,54.2,3517
2021-03-02,59.3,55.1,59.599,55.1,5731
2021-03-03,56.3,56.35,56.9,55.1,2641
2021-03-04,55.1,50.0,56.0,48.7,8304
2021-03-05,50.2,49.3,51.0,47.2,10172
2021-03-08,50.4,50.0,51.4,48.7,2552
2021-03-09,51.3,50.0,51.302,49.3,5389
2021-03-10,51.1,50.0,52.5,49.4,8568
2021-03-11,50.0,50.4,51.004,49.6,5131
2021-03-12,50.5,56.0,56.0,50.3,17017
2021-03-15,56.7,61.1,63.401,56.7,30322
2021-03-16,62.3,56.1,62.5,55.2,15449
2021-03-17,55.5,54.997,57.0,54.5,10650
2021-03-18,55.0,54.7,56.9,54.2,4631
2021-03-19,55.1,53.0,56.4,52.3,6922
2021-03-22,53.7,50.7,54.472,50.5,32773
2021-03-23,50.7,51.3,54.0,50.4,6448
2021-03-24,51.0,47.5,51.5,47.5,13318
2021-03-25,45.4,43.9,45.5,42.8,11062
2021-03-26,44.0,45.4,47.9,44.0,4973
2021-03-29,44.2,47.5,57.8,44.2,185859
2021-03-30,46.7,48.0,50.3,46.1,20954
2021-03-31,48.4,47.1,49.166,46.0,9770
2021-04-01,47.5,49.4,49.9,47.0,6491
2021-04-05,49.9,50.9,60.9,49.7,115239
2021-04-06,49.8,47.3,49.8,46.3,13359
2021-04-07,47.148,46.21,47.7,46.0,5616
2021-04-08,46.3,60.0,60.0,45.0,152982
2021-04-09,48.091,48.6,51.497,47.9,30044
2021-04-12,48.5,47.8,50.5,47.5,8514
2021-04-13,47.6,47.299,47.8,47.0,3615
2021-04-14,47.1,46.2,47.2,45.5,3855
2021-04-15,46.2,45.0,46.2,44.0,8294
2021-04-16,45.1,43.2,46.0,42.2,13229
2021-04-19,41.9,42.6,43.099,39.6,12054
2021-04-20,41.9,40.1,42.5,40.1,2591
2021-04-21,41.1,40.9,41.3,40.3,2727
2021-04-22,41.0,41.1,42.15,41.0,3017
2021-04-23,41.0,42.9,43.4,41.0,1612
2021-04-26,43.9,42.7,44.4,42.2,3331
2021-04-27,42.4,42.0,43.1,42.0,1386
2021-04-28,41.6,41.5,42.5,41.367,2816
2021-04-29,41.6,41.1,41.6,40.7,1796
2021-04-30,40.761,39.7,40.9,38.5,3374
2021-05-03,41.2,41.3,41.886,40.27,4215
2021-05-04,41.193,40.6,41.193,39.9,1807
2021-05-05,40.4,39.7,40.7,39.6,1170
2021-05-06,40.0,38.9,40.1,38.601,2476
2021-05-07,38.9,40.6,41.9,38.2,12057
2021-05-10,40.5,40.5,40.5,38.7,2034
2021-05-11,39.4,39.8,39.8,38.5,2054
2021-05-12,40.0,39.5,40.0,38.8,604
2021-05-13,39.0,38.5,39.5,38.0,2565
2021-05-14,38.5,38.9,39.2,38.1,2176
2021-05-17,38.1,41.1,47.3,37.9,68095
2021-05-18,41.3,40.5,41.3,38.6,4522
2021-05-19,39.3,39.9,41.0,38.8,2210
2021-05-20,39.9,41.0,41.6,39.184,5534
2021-05-21,41.4,41.5,41.5,39.8,3171
2021-05-24,40.975,40.0,41.108,39.9,1236
2021-05-25,39.8,44.1,47.5,39.5,36015
2021-05-26,43.76,51.4,52.2,42.649,71531
2021-05-27,48.4,45.9,48.4,45.0,19849
2021-05-28,45.9,43.1,47.0,42.0,10370
2021-06-01,43.1,42.5,45.1,42.001,4546
2021-06-02,43.3,42.45,43.6,42.0,4585
2021-06-03,42.5,44.0,44.5,42.1,4928
2021-06-04,44.0,48.8,49.8,44.0,25760
2021-06-07,48.8,46.2,48.8,45.5,5917
2021-06-08,45.7,46.8,48.0,44.1,8261
2021-06-09,46.2,47.031,48.7,45.338,8888
2021-06-10,47.9,47.5,72.3,45.0,476520
2021-06-11,46.7,45.0,50.0,44.1,44680
2021-06-14,45.1,42.1,45.6,42.1,18833
2021-06-15,41.9,40.5,43.134,39.5,33965
2021-06-16,41.0,40.8,44.9,40.0,85497
2021-06-17,41.1,40.5,43.3,40.5,20261
2021-06-18,40.6,38.7,41.4,38.7,17199
2021-06-21,39.0,39.0,46.2,38.6,175234
2021-06-22,38.9,38.4,40.4,37.0,49533
2021-06-23,38.4,38.8,39.6,38.05,17218
2021-06-24,39.0,39.5,42.9,38.8,57239
2021-06-25,40.2,39.1,41.3,39.1,17942
2021-06-28,40.4,39.5,40.751,39.0,22963
2021-06-29,40.0,41.7,43.7,39.9,47414
2021-06-30,41.0,45.5,48.1,40.5,236393
2021-07-01,48.481,46.8,51.5,41.278,205068
2021-07-02,45.1,47.8,49.8,41.9,107924
2021-07-06,46.5,45.5,49.9,45.5,47756
2021-07-07,45.9,51.8,84.9,43.7,3334576
2021-07-08,44.3,45.4,48.7,42.301,146941
2021-07-09,46.5,44.2,46.5,42.7,41506
2021-07-12,42.8,45.0,45.175,42.2,56311
2021-07-13,51.3,56.5,72.7,46.7,1613380
2021-07-14,52.8,73.8,80.0,49.6,4498428
2021-07-15,76.4,56.4,76.4,48.0,929106
2021-07-16,52.1,52.0,57.5,50.5,134165
2021-07-19,50.0,47.3,53.5,45.2,81480
2021-07-20,48.0,50.8,52.492,47.5,95169
2021-07-21,51.5,48.1,52.5,47.0,58575
2021-07-22,47.0,44.6,47.5,43.8,45825
2021-07-23,44.0,41.4,46.8,40.985,42442
2021-07-26,40.3,43.2,60.3,39.6,738671
2021-07-27,41.6,44.8,53.0,41.6,211677
2021-07-28,45.0,43.9,46.9,42.7,63293
2021-07-29,44.0,45.1,47.3,43.1,68381
2021-07-30,45.8,44.5,49.5,44.2,65114
2021-08-02,44.8,46.7,47.0,43.4,28542
2021-08-03,45.7,45.1,46.4,43.5,28580
2021-08-04,43.935,45.5,46.3,43.935,14923
2021-08-05,44.9,45.8,48.745,44.9,30800
2021-08-06,46.8,46.9,49.0,46.0,20546
2021-08-09,47.2,48.25,51.49,46.501,49619
2021-08-10,49.9,48.4,53.0,47.6,88950
2021-08-11,48.0,46.1,48.65,45.0,29902
2021-08-12,46.9,46.2,46.9,44.2,8101
2021-08-13,46.0,45.3,46.8,45.0,12531
2021-08-16,44.8,42.0,45.4,41.2,33572
2021-08-17,66.1,153.5,164.8,64.6,16493905
2021-08-18,306.3,229.0,360.0,216.0,4901734
2021-08-19,167.2,172.2,187.1,142.0,1065811
2021-08-20,154.371,155.5,200.0,151.5,590122
2021-08-23,154.8,146.9,168.0,138.301,363043
2021-08-24,145.2,146.7,156.2,141.9,223230
2021-08-25,149.1,171.7,185.0,147.7,479159
2021-08-26,182.304,178.6,217.9,174.0,602850
2021-08-27,176.8,178.4,181.0,165.1,85537
2021-08-30,173.102,199.2,212.0,173.0,154561
2021-08-31,200.0,191.0,212.0,183.4,56862
2021-09-01,186.7,183.1,192.8,178.0,35443
2021-09-02,182.5,190.0,191.5,180.1,48603
2021-09-03,190.0,176.0,193.6,161.1,65058
2021-09-07,180.0,161.6,180.277,157.4,55734
2021-09-08,161.2,147.0,164.9,145.9,46560
2021-09-09,152.3,155.9,165.0,147.6,35570
2021-09-10,151.1,116.0,151.2,115.9,117977
2021-09-13,114.6,97.5,114.6,95.0,121179
2021-09-14,65.0,61.6,71.5,57.5,353490
2021-09-15,61.8,60.2,61.8,57.5,147464
2021-09-16,59.9,57.5,59.9,55.2,111639
2021-09-17,58.8,57.4,58.8,55.1,74927
2021-09-20,58.0,52.2,61.4,51.2,781824
2021-09-21,53.0,52.6,53.5,46.5,199097
2021-09-22,51.5,50.8,53.0,49.601,77095
2021-09-23,51.1,49.6,51.7,48.0,110872
2021-09-24,48.9,47.0,49.7,46.7,116553
2021-09-27,46.9,53.5,54.7,46.9,419507
2021-09-28,51.9,48.7,52.1,48.3,129291
2021-09-29,48.8,47.0,51.2,45.6,122547
2021-09-30,47.6,48.0,50.8,45.6,86698
2021-10-01,49.0,45.9,49.0,45.0,74823
2021-10-04,45.2,44.7,45.893,43.3,57635
2021-10-05,43.409,44.8,47.4,42.1,68897
2021-10-06,42.7,43.4,44.0,42.65,38701
2021-10-07,43.3,43.9,46.0,42.615,46934
2021-10-08,43.9,42.6,44.8,42.1,28603
2021-10-11,43.0,42.4,44.2,41.4,26277
2021-10-12,42.6,45.3,45.3,41.8,52865
2021-10-13,45.2,48.9,48.9,43.2,73431
2021-10-14,48.9,47.0,49.2,45.8,40966
2021-10-15,46.3,44.8,47.2,44.6,28200
2021-10-18,45.0,46.5,46.5,44.0,16125
2021-10-19,45.5,45.7,47.32,44.828,25344
2021-10-20,47.0,44.1,47.0,44.1,26083
2021-10-21,45.5,42.3,45.5,42.3,38511
2021-10-22,42.0,42.1,42.5,40.45,33373
2021-10-25,41.2,41.8,42.8,41.0,32042
2021-10-26,42.4,40.9,42.999,40.3,31025
2021-10-27,40.9,41.9,42.3,40.36,29738
2021-10-28,42.1,41.8,42.161,40.9,15561
2021-10-29,41.9,41.8,43.5,41.1,22756
2021-11-01,42.1,42.3,43.8,41.3,34665
2021-11-02,42.2,42.1,42.24,40.7,24890
2021-11-03,41.4,42.5,42.9,41.301,22359
2021-11-04,42.7,42.2,43.799,41.8,21429
2021-11-05,42.0,41.4,42.999,41.1,35503
2021-11-08,41.6,41.7,41.95,40.3,34727
2021-11-09,41.4,40.1,41.5,39.7,26186
2021-11-10,40.1,38.0,40.349,37.6,64375
2021-11-11,38.1,40.0,40.7,38.1,47981
2021-11-12,40.4,41.9,42.1,39.2,45997
2021-11-15,41.8,43.1,43.9,40.3,72906
2021-11-16,42.5,42.2,42.9,40.5,26084
2021-11-17,41.0,41.2,41.9,40.2,21807
2021-11-18,41.0,40.0,41.9,38.8,62656
2021-11-19,40.1,41.4,41.7,40.0,14404
2021-11-22,40.6,38.5,41.4,38.3,29711
2021-11-23,40.3,42.7,45.5,39.0,150123
2021-11-24,41.9,44.6,46.89,40.8,108530
2021-11-26,43.0,44.5,45.9,42.1,40024
2021-11-29,44.9,41.6,45.799,41.3,35475
2021-11-30,41.1,46.8,49.5,40.3,152883
2021-12-01,46.8,43.1,49.0,42.1,78082
2021-12-02,42.0,41.6,42.899,40.6,22540
2021-12-03,41.4,37.6,42.138,37.4,53395
2021-12-06,37.0,38.0,39.2,33.905,34652
2021-12-07,38.6,40.5,42.3,38.54,27240
2021-12-08,40.0,44.6,56.2,39.3,3121510
2021-12-09,42.7,38.6,43.3,38.5,192207
2021-12-10,38.9,40.5,42.1,38.9,139986
2021-12-13,39.5,39.8,41.1,38.3,63600
2021-12-14,39.887,38.0,40.1,37.4,53487
2021-12-15,37.2,38.5,39.0,36.1,40397
2021-12-16,38.9,37.6,40.5,37.6,28164
2021-12-17,37.0,36.8,40.0,36.5,54647
2021-12-20,36.9,35.5,38.0,34.7,61974
2021-12-21,36.2,37.6,37.8,35.125,29659
2021-12-22,37.2,39.1,40.6,37.0,110966
2021-12-23,38.6,37.9,39.5,37.65,19543
2021-12-27,37.9,36.4,38.45,36.239,21777
2021-12-28,36.0,34.5,37.799,33.88,79130
2021-12-29,34.3,31.9,34.7,31.1,64370
2021-12-30,31.7,33.1,33.9,31.5,21707
2021-12-31,33.0,34.3,36.37,33.0,40226
2022-01-03,34.4,36.1,36.2,34.3,18184
2022-01-04,36.0,33.8,36.7,33.7,30182
2022-01-05,33.8,31.2,34.252,31.0,24779
2022-01-06,32.2,29.8,32.863,29.11,49106
2022-01-07,30.2,29.6,30.7,29.4,12210
2022-01-10,29.2,30.6,31.597,28.8,27026
2022-01-11,30.6,31.4,33.0,29.5,46281
2022-01-12,31.6,29.6,31.99,29.5,21632
2022-01-13,29.7,29.0,29.8,28.7,11385
2022-01-14,28.5,28.7,29.0,27.9,15059
2022-01-18,28.0,29.7,30.2,28.0,12195
2022-01-19,29.7,28.0,30.099,27.7,10925
2022-01-20,28.3,26.4,28.416,26.3,12957
2022-01-21,26.3,23.0,27.7,22.2,81660
2022-01-24,22.5,23.0,23.4,20.41,33345
2022-01-25,22.6,21.5,23.2,20.3,29742
2022-01-26,21.7,19.1,23.2,19.0,100729
2022-01-27,20.297,18.6,20.3,18.6,28234
2022-01-28,18.3,20.2,20.3,17.5,37208
2022-01-31,20.2,21.3,22.3,20.0,13183
2022-02-01,21.5,21.7,21.873,21.0,7248
2022-02-02,21.6,20.6,22.2,20.55,7109
2022-02-03,20.9,20.0,21.612,19.507,8160
2022-02-04,19.9,21.1,21.5,19.75,7827
2022-02-07,21.55,22.1,22.3,21.2,5405
2022-02-08,22.1,22.3,22.5,21.7,8126
2022-02-09,22.0,23.8,23.899,22.0,11915
2022-02-10,23.0,22.9,24.699,22.6,9638
2022-02-11,22.8,22.1,23.8,21.95,9410
2022-02-14,21.5,21.3,22.4,21.1,2404
2022-02-15,21.4,23.1,23.602,21.4,7172
2022-02-16,23.1,22.8,23.8,22.1,8336
2022-02-17,22.5,21.3,22.5,20.85,6710
2022-02-18,21.6,21.3,21.9,20.85,3762
2022-02-22,20.9,20.4,21.4,20.0,6097
2022-02-23,21.8,20.1,21.8,20.0,6577
2022-02-24,19.1,20.5,21.499,18.8,8987
2022-02-25,20.103,20.65,21.7,20.103,4945
2022-02-28,21.8,21.7,22.1,20.6,7907
2022-03-01,21.7,21.6,22.0,21.4,3703
2022-03-02,21.8,20.9,22.1,20.5,5175
2022-03-03,21.6,20.5,21.8,20.107,4667
2022-03-04,20.201,20.3,20.6,19.2,5268
2022-03-07,19.6,19.1,20.3,18.7,7870
2022-03-08,19.237,20.5,21.146,18.3,7598
2022-03-09,20.9,22.5,23.0,20.0,15729
2022-03-10,21.8,21.3,22.95,21.0,3769
2022-03-11,21.1,20.8,21.6,20.35,6905
2022-03-14,20.6,19.0,20.6,19.0,9756
2022-03-15,20.6,20.1,22.899,19.9,70183
2022-03-16,20.2,20.9,21.7,20.0,15226
2022-03-17,21.0,21.7,21.7,19.6,10117
2022-03-18,20.3,21.5,22.387,19.9,21222
2022-03-21,21.2,21.0,22.5,20.2,9510
2022-03-22,22.5,22.9,23.15,21.134,17267
2022-03-23,22.101,23.9,24.8,22.101,19641
2022-03-24,24.1,23.8,24.8,22.8,9516
2022-03-25,23.972,23.0,24.549,22.9,5817
2022-03-28,23.4,22.3,23.8,21.7,5421
2022-03-29,22.5,22.6,23.3,22.4,6056
2022-03-30,22.7,22.9,25.0,22.65,16003
2022-03-31,22.5,22.2,24.4,22.2,8761
2022-04-01,22.1,22.1,23.9,21.8,6143
2022-04-04,22.6,22.1,22.6,21.6,5074
2022-04-05,22.4,22.5,23.2,21.6,6364
2022-04-06,21.8,20.6,22.7,20.5,12186
2022-04-07,21.5,21.0,22.2,20.7,25710
2022-04-08,20.9,20.5,21.5,20.5,3478
2022-04-11,21.0,20.539,21.5,20.3,5951
2022-04-12,21.25,20.1,21.6,20.0,5131
2022-04-13,20.494,20.7,21.6,20.3,3363
2022-04-14,21.0,20.1,22.1,19.701,31501
2022-04-18,20.272,17.8,20.272,17.4,36589
2022-04-19,18.0,19.4,20.1,17.832,10728
2022-04-20,18.8,18.9,19.9,18.5,3733
2022-04-21,18.4,19.1,19.167,18.0,5336
2022-04-22,19.099,17.6,19.5,17.5,14267
2022-04-25,17.4,17.6,18.498,17.4,7838
2022-04-26,18.5,17.5,18.999,17.4,9316
2022-04-27,17.4,17.4,18.5,17.4,3794
2022-04-28,18.0,17.5,18.5,17.1,3430
2022-04-29,17.258,17.7,17.9,16.7,4818
2022-05-02,17.743,18.1,18.399,17.701,1108
2022-05-03,18.0,19.2,19.369,17.6,5846
2022-05-04,20.5,19.6,20.9,18.4,3363
2022-05-05,21.2,18.8,23.5,17.3,397365
2022-05-06,17.4,17.4,17.799,16.7,36935
2022-05-09,16.7,16.6,16.8,15.916,19997
2022-05-10,16.5,14.7,16.849,14.001,33883
2022-05-11,14.0,13.6,15.183,13.5,17307
2022-05-12,13.0,13.3,13.9,12.5,14987
2022-05-13,13.3,13.4,14.865,13.2,9072
2022-05-16,14.1,12.9,14.541,12.6,15307
2022-05-17,13.1,13.2,14.2,12.6,13362
2022-05-18,13.3,13.3,13.899,13.1,12408
2022-05-19,13.2,13.4,14.01,12.9,18221
2022-05-20,14.1,12.9,14.1,12.9,7523
2022-05-23,13.8,13.0,13.892,12.9,21011
2022-05-24,13.2,12.2,13.5,11.9,17521
2022-05-25,12.7,13.7,14.1,12.101,17420
2022-05-26,13.9,13.7,14.3,13.327,9236
2022-05-27,13.9,14.3,14.6,13.7,6807
2022-05-31,14.0,14.2,15.2,14.0,5148
2022-06-01,14.6,14.5,14.7,13.9,3775
2022-06-02,14.6,14.3,14.6,13.8,6944
2022-06-03,14.2,14.0,14.5,13.8,3351
2022-06-06,14.0,13.9,14.5,13.9,3487
2022-06-07,13.9,15.2,15.7,13.1,12809
2022-06-08,15.9,15.5,16.1,14.9,5427
2022-06-09,16.4,16.2,16.5,15.4,12114
2022-06-10,16.5,15.3,16.5,15.0,3369
2022-06-13,14.4,14.3,15.0,13.673,10168
2022-06-14,14.3,14.1,14.899,13.8,5532
2022-06-15,14.2,14.0,14.7,13.8,2907
2022-06-16,14.6,14.2,14.6,13.3,2546
2022-06-17,14.3,14.3,14.4,13.518,4848
2022-06-21,13.8,14.7,14.95,13.705,5566
2022-06-22,14.0,15.1,15.693,14.0,3446
2022-06-23,15.3,15.0,15.8,15.0,1169
2022-06-24,14.4,15.1,15.755,14.4,6152
2022-06-27,15.7,15.7,16.6,14.85,12501
2022-06-28,16.7,15.7,17.0,15.3,3883
2022-06-29,16.1,16.7,17.6,15.0,43486
2022-06-30,16.7,16.8,17.3,16.1,4434
2022-07-01,16.3,16.6,17.3,16.3,1808
2022-07-05,16.5,16.7,17.0,15.4,5033
2022-07-06,17.3,17.2,17.5,16.666,6101
2022-07-07,17.5,17.5,18.3,17.279,4239
2022-07-08,17.5,17.8,18.2,17.3,1719
2022-07-11,17.8,17.0,17.8,16.899,2169
2022-07-12,17.078,16.2,17.5,15.3,9139
2022-07-13,16.1,16.0,16.8,15.9,1991
2022-07-14,16.9,16.2,16.9,15.624,3527
2022-07-15,16.698,16.3,17.2,15.7,3122
2022-07-18,15.8,15.8,16.6,15.1,4569
2022-07-19,16.5,15.9,16.711,15.5,3940
2022-07-20,16.0,15.9,16.5,15.5,4260
2022-07-21,16.0,15.9,16.2,15.7,2019
2022-07-22,15.877,15.7,16.2,15.5,2305
2022-07-25,15.4,15.4,16.1,15.4,1062
2022-07-26,15.5,15.4,15.8,15.4,3536
2022-07-27,15.4,15.0,15.534,14.7,4722
2022-07-28,14.7,15.0,15.3,14.6,3315
2022-07-29,15.001,15.2,15.7,14.9,1923
2022-08-01,15.699,15.0,15.699,14.7,2367
2022-08-02,14.7,14.7,15.6,14.6,8709
2022-08-03,14.6,16.3,16.9,14.6,8982
2022-08-04,16.4,16.7,16.8,15.8,7054
2022-08-05,16.0,17.0,17.5,16.0,2505
2022-08-08,17.25,16.3,17.5,16.0,3425
2022-08-09,16.1,15.6,16.7,15.02,4812
2022-08-10,15.1,16.2,16.6,15.1,6876
2022-08-11,16.5,16.6,17.0,15.9,4810
2022-08-12,16.201,16.2,17.0,16.2,4583
2022-08-15,15.6,16.8,17.3,15.3,9897
2022-08-16,16.0,15.9,17.2,15.6,8180
2022-08-17,15.3,15.8,15.9,15.0,10391
2022-08-18,15.7,14.3,15.86,13.6,16888
2022-08-19,14.5,13.0,14.7,13.0,16971
2022-08-22,12.9,12.7,13.6,12.5,5610
2022-08-23,12.683,13.3,13.9,12.501,6131
2022-08-24,13.5,13.5,14.1,13.3,4993
2022-08-25,13.8,13.736,14.2,13.3,4462
2022-08-26,13.9,12.6,13.9,12.6,7854
2022-08-29,12.5,12.9,13.229,12.1,3862
2022-08-30,12.85,13.0,13.5,12.718,7271
2022-08-31,13.3,12.7,13.5,12.664,4497
2022-09-01,12.7,12.5,12.764,12.2,4308
2022-09-02,12.9,12.256,12.9,12.2,3459
2022-09-06,12.5,12.4,12.8,12.0,3053
2022-09-07,12.2,12.2,12.9,12.027,4722
2022-09-08,12.8,12.8,12.932,12.0,3034
2022-09-09,12.8,12.6,13.2,12.318,5307
2022-09-12,13.1,12.5,13.1,12.45,1280
2022-09-13,12.2,13.1,13.9,12.2,7665
2022-09-14,13.683,13.0,13.683,12.9,1106
2022-09-15,13.5,13.1,13.8,12.8,1802
2022-09-16,13.0,13.0,13.0,12.5,1408
2022-09-19,12.6,12.8,13.2,12.4,940
2022-09-20,12.401,12.25,12.5,12.2,2447
2022-09-21,12.5,12.4,12.9,12.199,3978
2022-09-22,12.201,11.8,12.45,11.69,4520
2022-09-23,12.3,11.5,12.3,11.5,1527
2022-09-26,11.5,11.1,11.501,11.05,3365
2022-09-27,11.0,11.3,11.8,11.0,967
2022-09-28,11.5,11.9,12.1,11.411,2124
2022-09-29,11.9,11.6,12.5,11.6,1969
2022-09-30,12.5,11.9,12.799,11.701,2210
2022-10-03,11.45,11.8,12.2,11.45,1147
2022-10-04,11.6,11.8,12.599,11.6,1367
2022-10-05,12.05,11.8,12.2,11.601,1398
2022-10-06,12.2,12.0,12.3,11.548,2380
2022-10-07,11.8,11.6,12.0,11.6,2123
2022-10-10,11.999,11.75,11.999,11.553,2542
2022-10-11,11.401,11.3,11.501,11.3,2842
2022-10-12,11.9,11.0,11.9,10.9,2927
2022-10-13,10.983,10.7,11.0,10.5,2188
2022-10-14,11.699,10.7,11.699,10.534,1241
2022-10-17,10.85,10.9,10.9,10.6,1702
2022-10-18,11.3,10.5,11.3,10.2,5710
2022-10-19,10.5,9.901,10.873,9.5,8298
2022-10-20,9.901,8.606,10.299,8.5,26063
2022-10-21,8.5,9.051,9.2,8.5,4482
2022-10-24,8.9,9.631,9.631,8.6,2388
2022-10-25,10.0,9.951,10.7,9.101,4786
2022-10-26,9.838,10.1,10.9,9.838,854
2022-10-27,10.2,10.4,11.1,9.808,1298
2022-10-28,10.5,10.3,10.501,9.412,3128
2022-10-31,10.0,10.7,10.9,9.999,1464
2022-11-01,10.9,10.5,10.9,9.938,1574
2022-11-02,11.7,10.091,11.7,9.99,4542
2022-11-03,10.001,9.901,10.001,9.9,1500
2022-11-04,9.5,9.8,10.0,9.2,5870
2022-11-07,9.8,10.3,10.5,9.2,4662
2022-11-08,9.69,9.975,10.2,9.678,3964
2022-11-09,9.7,9.79899,10.0,9.2,2374
2022-11-10,9.408,8.667,9.883,8.5,13218
2022-11-11,9.1,9.0,9.168,8.5,4850
2022-11-14,9.025,8.816,9.10401,8.61101,2539
2022-11-15,8.816,8.577,8.816,8.577,2268
2022-11-16,8.51,8.45,8.961,8.3,1629
2022-11-17,8.4,8.421,8.72799,8.0,1709
2022-11-18,8.8,8.142,8.8,8.0,7707
2022-11-21,8.2,8.235,8.799,7.7,3407
2022-11-22,7.85,7.876,8.5,7.701,1792
2022-11-23,7.639,8.299,8.39899,7.639,2561
2022-11-25,8.19,8.1,8.5,7.8,2169
2022-11-28,8.17,8.556,8.8,8.17,6868
2022-11-29,8.5,8.5,8.554,8.009,7952
2022-11-30,8.2,8.39999,8.8,8.101,1298
2022-12-01,8.201,8.5,9.0,8.2,875
2022-12-02,8.3,8.49999,8.6,8.029,807
2022-12-05,8.1,8.31,8.505,8.1,1298
2022-12-06,8.31,8.6,8.8,7.927,4278
2022-12-07,8.427,8.202,8.8,8.0,798
2022-12-08,8.4,8.0,8.992,8.0,2820
2022-12-09,8.0,7.502,8.38,6.849,6694
2022-12-12,7.799,8.1125,8.2999,7.53,3625
2022-12-13,8.0,8.2,8.323,7.52,2955
2022-12-14,8.35,7.614,8.399,7.614,5202
2022-12-15,7.957,8.0,8.0,7.4,5032
2022-12-16,8.0,7.8,8.0,7.677,2785
2022-12-19,7.395,7.8,7.8,7.129,2127
2022-12-20,7.619,8.2,8.2,7.079,3307
2022-12-21,8.0,7.3,8.468,7.3,3067
2022-12-22,7.35,7.315,7.35,7.1,3498
2022-12-23,7.0,7.05,7.5005,7.0,1481
2022-12-27,7.0,6.6,7.3,6.50101,10947
2022-12-28,7.0,6.5,7.35,6.5,2141
2022-12-29,6.5,6.65,7.0,6.5,5368
2022-12-30,6.108,6.223,6.9,6.1,17196
2023-01-03,6.49899,6.7,6.877,6.374,4154
2023-01-04,6.8,7.4,7.7,6.8,10268
2023-01-05,7.5,7.5,7.515,7.0,2008
2023-01-06,7.59899,7.1,7.6,6.801,1472
2023-01-09,7.501,7.121,7.6,7.111,1822
2023-01-10,7.10101,7.46,7.6,7.101,3578
2023-01-11,7.5,8.1,8.1,7.33,4161
2023-01-12,8.094,8.2,8.2,7.9,1575
2023-01-13,8.199,8.3,8.3,7.5,1887
2023-01-17,7.987,8.0,8.3,7.64,4114
2023-01-18,8.0,8.0,8.0,7.8,1077
2023-01-19,7.8,7.651,8.0,7.502,1114
2023-01-20,7.658,7.99899,8.0,7.658,600
2023-01-23,7.75101,7.869,8.0,7.75101,2999
2023-01-24,7.8,7.711,8.0,7.711,2392
2023-01-25,7.998,7.876,8.244,7.483,7176
2023-01-26,8.15,8.0995,8.15,8.001,565
2023-01-27,8.0,8.059,8.15,7.8,3448
2023-01-30,8.15,8.1,8.15,7.975,1863
2023-01-31,8.102,9.898,10.4,7.927,68571
2023-02-01,9.5,9.4,9.889,9.032,7980
2023-02-02,9.7,10.6,11.4,9.6,26428
2023-02-03,10.8,10.8,11.7,10.55,11876
2023-02-06,10.8,10.8,11.504,10.15,4448
2023-02-07,10.8,11.25,11.3,10.5,4306
2023-02-08,10.727,10.499,10.9,10.257,3194
2023-02-09,10.4,10.55,11.0,10.4,2288
2023-02-10,10.4,10.6,10.7,10.2,2836
2023-02-13,11.1,11.0,11.1,10.3,12373
2023-02-14,10.5,11.0,11.0,10.401,2892
2023-02-15,10.743,10.936,11.0,10.6,789
2023-02-16,11.067,11.5,12.0,10.6,6264
2023-02-17,11.5,11.447,11.855,11.4,3080
2023-02-21,11.5,10.4,11.5,10.4,5679
2023-02-22,10.3,10.3,10.5,10.3,881
2023-02-23,10.2,10.2,10.3,9.8,1352
2023-02-24,9.8,9.81,10.1,9.654,1587
2023-02-27,10.0,9.607,10.0,9.51,2191
2023-02-28,9.415,9.429,9.799,9.0,3217
2023-03-01,9.4,9.5,9.999,9.399,1791
2023-03-02,8.919,9.67,10.4,8.919,761
2023-03-03,9.527,9.3,9.9,9.0,1768
2023-03-06,9.3,8.8,9.3,8.8,2604
2023-03-07,8.801,9.15,9.79899,8.6,1810
2023-03-08,8.6,8.962,9.15,8.6,568
2023-03-09,8.797,8.786,9.079,8.6,2433
2023-03-10,9.2,8.904,9.2,8.1,1325
2023-03-13,8.077,8.454,8.9,8.077,853
2023-03-14,8.01001,7.87,8.619,7.87,3135
2023-03-15,8.241,8.0,8.483,8.0,1047
2023-03-16,8.5,8.243,8.5,7.8,1499
2023-03-17,8.3,8.8,8.801,8.3,1863
2023-03-20,8.5,8.5,8.79,8.451,1260
2023-03-21,8.7,8.5,8.75,8.5,2311
2023-03-22,8.072,8.497,8.8,8.0,2307
2023-03-23,8.8,8.5,8.8,7.8,1979
2023-03-24,8.15,8.364,8.501,7.857,430
2023-03-27,8.5,8.189,8.799,7.8,3445
2023-03-28,7.8,8.001,8.19551,7.8,1163
2023-03-29,7.95,7.6,7.99,7.6,2307
2023-03-30,7.7,7.9,8.0,7.7,407
2023-03-31,7.777,7.85,7.91001,7.776,1609
2023-04-03,7.9,7.9,7.9,7.5,1561
2023-04-04,7.9,7.786,7.97,7.7,1507
2023-04-05,7.95,7.89899,7.95,7.5,1700
2023-04-06,7.70049,7.798,7.9,7.3,2103
2023-04-10,7.831,7.794,7.84899,7.3,1463
2023-04-11,7.9,7.375,8.0,7.0,3236
2023-04-12,7.8,7.55,7.8,7.3,583
2023-04-13,7.649,7.635,7.771,7.0,2540
2023-04-14,7.586,7.672,7.704,7.583,521
2023-04-17,7.3,7.568,7.671,7.3,1490
2023-04-18,7.4,7.368,7.568,7.368,205
2023-04-19,7.5,7.05426,7.8,7.0,568
2023-04-20,7.407,7.7,8.284,7.38,2024
2023-04-21,7.003,7.2,7.7,7.003,1382
2023-04-24,7.2,7.3,7.6,6.8,2220
2023-04-25,6.901,7.0,7.299,6.901,1563
2023-04-26,7.0,6.674,7.0,6.674,1827
2023-04-27,6.7,6.828,7.1,6.698,881
2023-04-28,7.0,7.105,7.299,6.859,900
2023-05-01,6.839,6.76,6.999,6.76,1177
2023-05-02,6.764,6.401,6.8,6.221,2130
2023-05-03,6.402,6.59,6.65,6.22101,679
2023-05-04,6.5,6.702,7.1,6.5,1398
2023-05-05,7.6,7.163,7.6,6.65,3862
2023-05-08,7.096,7.7,7.9065,7.05701,1873
2023-05-09,7.501,7.359,7.951,7.3,1496
2023-05-10,7.9,7.801,8.0,7.501,1127
2023-05-11,7.8,8.575,8.746,7.4,6367
2023-05-12,8.5,8.8,8.8,7.9,2027
2023-05-15,9.79,8.601,9.79,8.601,2338
2023-05-16,8.3,8.157,8.3,7.781,3020
2023-05-17,8.565,8.25,8.565,8.002,1089
2023-05-18,7.7,8.3,8.52115,7.617,1431
2023-05-19,8.5,8.4,8.9,8.0,866
2023-05-22,7.7,8.204,8.8,6.97,2320
2023-05-23,8.5,8.0105,8.5,8.0,1978
2023-05-24,7.85,7.85,8.5,7.301,915
2023-05-25,7.85,7.882,8.075,7.785,1245
2023-05-26,7.85,7.909,8.37451,7.6,1358
