2018-07-27,1500000.0,1409910.0,1500000.0,1260000.0,0
2018-07-30,1275000.0,1323780.0,1350030.0,1275000.0,0
2018-07-31,1425000.0,1425000.0,1425000.0,1320000.0,0
2018-08-01,1425000.0,1350000.0,1425000.0,1350000.0,0
2018-08-02,1416000.0,1413000.0,1416000.0,1350000.0,0
2018-08-03,1287000.0,1416000.0,1416000.0,1287000.0,0
2018-08-06,1416000.0,1419000.0,1425000.0,1365030.0,0
2018-08-07,1359000.0,1416000.0,1425000.0,1359000.0,0
2018-08-08,1500000.0,1467000.0,1500000.0,1377000.0,0
2018-08-09,1440000.0,1434000.0,1440000.0,1356030.0,0
2018-08-10,1431000.0,1368000.0,1467000.0,1365000.0,0
2018-08-13,1368000.0,1350300.0,1463970.0,1350300.0,0
2018-08-14,1410000.0,1422000.0,1422000.0,1365000.0,0
2018-08-15,1422000.0,1422000.0,1422000.0,1422000.0,0
2018-08-16,1387590.0,1425000.0,1425000.0,1387590.0,0
2018-08-17,1395000.0,1455000.0,1455000.0,1395000.0,0
2018-08-20,1419390.0,1454970.0,1458000.0,1395000.0,0
2018-08-21,1447710.0,1425000.0,1447710.0,1425000.0,0
2018-08-22,1421760.0,1383060.0,1425000.0,1380000.0,0
2018-08-23,1458000.0,1428000.0,1467000.0,1398000.0,0
2018-08-24,1419000.0,1440000.0,1440000.0,1419000.0,0
2018-08-27,1425000.0,1440000.0,1449000.0,1425000.0,0
2018-08-28,1434930.0,1455000.0,1455000.0,1434660.0,0
2018-08-29,1431030.0,1446000.0,1490550.0,1431030.0,0
2018-08-30,1440000.0,1428900.0,1440000.0,1425000.0,0
2018-08-31,1431000.0,1455000.0,1487700.0,1425030.0,0
2018-09-04,1461000.0,1461000.0,1461000.0,1397070.0,0
2018-09-05,1455000.0,1380360.0,1458720.0,1380000.0,0
2018-09-06,1380000.0,1378500.0,1440000.0,1350000.0,0
2018-09-07,1320000.0,1365000.0,1414470.0,1287000.0,0
2018-09-10,1290000.0,1305000.0,1431000.0,1290000.0,0
2018-09-11,1290000.0,1350000.0,1413090.0,1275000.0,0
2018-09-12,1377000.0,1305000.0,1383000.0,1297560.0,0
2018-09-13,1296000.0,1230000.0,1320000.0,1206000.0,0
2018-09-14,1206000.0,1187520.0,1320000.0,1074000.0,0
2018-09-17,1125000.0,1230000.0,1275000.0,1068000.0,0
2018-09-18,1134000.0,1254000.0,1269120.0,1110000.0,0
2018-09-19,1254000.0,1224000.0,1257000.0,1200000.0,0
2018-09-20,1383000.0,1386000.0,1413000.0,1292040.0,0
2018-09-21,1386000.0,1335000.0,1414500.0,1239000.0,0
2018-09-24,1341000.0,1357500.0,1397580.0,1341000.0,0
2018-09-25,1365000.0,1413000.0,1419000.0,1224090.0,0
2018-09-26,1419000.0,1388790.0,1419000.0,1314180.0,0
2018-09-27,1409970.0,1398000.0,1409970.0,1398000.0,0
2018-09-28,1410000.0,1290000.0,1410000.0,1203000.0,0
2018-10-01,1275000.0,1347000.0,1347000.0,1275000.0,0
2018-10-02,1325970.0,1290000.0,1325970.0,1203000.0,0
2018-10-03,1272000.0,1320000.0,1320000.0,1206000.0,0
2018-10-04,1308000.0,1233000.0,1308000.0,1230000.0,0
2018-10-05,1332000.0,1275300.0,1332000.0,1275300.0,0
2018-10-08,1305300.0,1317000.0,1317000.0,1305000.0,0
2018-10-09,1329000.0,1275000.0,1332000.0,1275000.0,0
2018-10-10,1365000.0,1296000.0,1365000.0,1200030.0,0
2018-10-11,1425000.0,1329000.0,1500000.0,1290000.0,0
2018-10-12,1332000.0,1365000.0,1390140.0,1302000.0,0
2018-10-15,1360470.0,1335300.0,1360470.0,1335300.0,0
2018-10-16,1335000.0,1322040.0,1377030.0,1212000.0,0
2018-10-17,1335000.0,1290690.0,1335000.0,1233690.0,0
2018-10-18,1338000.0,1335000.0,1355430.0,1335000.0,0
2018-10-19,1353000.0,1350000.0,1353000.0,1305000.0,0
2018-10-22,1380000.0,1332000.0,1380000.0,1323330.0,0
2018-10-23,1350000.0,1356750.0,1438290.0,1340370.0,0
2018-10-24,1434000.0,1395000.0,1446000.0,1371000.0,0
2018-10-25,1446000.0,1443000.0,1476000.0,1281000.0,0
2018-10-26,1425000.0,1568610.0,1620000.0,1425000.0,0
2018-10-29,1671000.0,1431000.0,1682400.0,1425000.0,0
2018-10-30,1428000.0,1485000.0,1680000.0,1410000.0,0
2018-10-31,1557000.0,1536000.0,1557000.0,1485000.0,0
2018-11-01,1524000.0,1443000.0,1539000.0,1410000.0,0
2018-11-02,1443000.0,1410000.0,1614000.0,1410000.0,0
2018-11-05,1539000.0,1464000.0,1563000.0,1454640.0,0
2018-11-06,1551000.0,1503000.0,1551000.0,1440000.0,0
2018-11-07,1620000.0,1419060.0,1620000.0,1365000.0,0
2018-11-08,1416000.0,1311000.0,1416000.0,1311000.0,0
2018-11-09,1305000.0,1284000.0,1403370.0,1284000.0,0
2018-11-12,1275000.0,1344000.0,1344000.0,1275000.0,0
2018-11-13,1317000.0,1359000.0,1376460.0,1305000.0,0
2018-11-14,1380000.0,1335000.0,1380000.0,1305000.0,0
2018-11-15,1302000.0,1281000.0,1311000.0,1275030.0,0
2018-11-16,1305000.0,1380000.0,1422000.0,1231500.0,0
2018-11-19,1341000.0,1233000.0,1365000.0,1233000.0,0
2018-11-20,1245000.0,1371000.0,1500000.0,1233000.0,0
2018-11-21,1487430.0,1350000.0,1488000.0,1341000.0,0
2018-11-23,1327620.0,1326000.0,1327620.0,1275000.0,0
2018-11-26,1377000.0,1410000.0,1455000.0,1344000.0,0
2018-11-27,1389000.0,1365000.0,1408440.0,1365000.0,0
2018-11-28,1344000.0,1335000.0,1344000.0,1275000.0,0
2018-11-29,1317000.0,1278000.0,1335000.0,1278000.0,0
2018-11-30,1305000.0,1320000.0,1323000.0,1253820.0,0
2018-12-03,1320000.0,1287000.0,1320000.0,1230000.0,0
2018-12-04,1269000.0,1277880.0,1277880.0,1269000.0,0
2018-12-06,1236150.0,1200000.0,1290000.0,1200000.0,0
2018-12-07,1200000.0,1269000.0,1290000.0,1200000.0,0
2018-12-10,1248000.0,1128000.0,1290000.0,1125000.0,0
2018-12-11,1374000.0,1353000.0,1380000.0,1272000.0,0
2018-12-12,1380000.0,1290000.0,1380000.0,1275000.0,0
2018-12-13,1305000.0,1260000.0,1305000.0,1257000.0,0
2018-12-14,1260000.0,1260000.0,1272000.0,1203000.0,0
2018-12-17,1245000.0,1170000.0,1260000.0,1170000.0,0
2018-12-18,1200000.0,1110000.0,1254000.0,1110000.0,0
2018-12-19,1140000.0,1140000.0,1227000.0,1140000.0,0
2018-12-20,1155000.0,1050000.0,1200000.0,1050000.0,0
2018-12-21,1050000.0,1059000.0,1136940.0,990000.0,0
2018-12-24,1044000.0,1050000.0,1050000.0,900000.0,0
2018-12-26,1041000.0,1050000.0,1050000.0,930000.0,0
2018-12-27,918000.0,975000.0,1032210.0,918000.0,0
2018-12-28,1049100.0,1056030.0,1071000.0,1049100.0,0
2018-12-31,1050000.0,1026000.0,1074000.0,928620.0,0
2019-01-02,1049730.0,1071000.0,1073970.0,1049730.0,0
2019-01-03,1059000.0,987000.0,1059000.0,940680.0,0
2019-01-04,954000.0,1089000.0,1177020.0,954000.0,0
2019-01-07,1131000.0,1080000.0,1131000.0,1080000.0,0
2019-01-08,1098000.0,1167000.0,1167000.0,1056000.0,0
2019-01-09,1191000.0,1200000.0,1217340.0,1092000.0,0
2019-01-10,1199700.0,1096590.0,1199700.0,1080000.0,0
2019-01-11,1097970.0,1176000.0,1176000.0,1085400.0,0
2019-01-14,1098000.0,1008000.0,1098000.0,975000.0,0
2019-01-15,1008000.0,1002000.0,1020000.0,914100.0,0
2019-01-16,1026000.0,1002000.0,1026000.0,979890.0,0
2019-01-17,992970.0,990000.0,993000.0,990000.0,0
2019-01-18,990000.0,1002000.0,1007370.0,990000.0,0
2019-01-22,1005000.0,993000.0,1005000.0,990000.0,0
2019-01-23,972000.0,945000.0,1005000.0,924000.0,0
2019-01-24,945000.0,855000.0,945000.0,844200.0,0
2019-01-25,855000.0,840000.0,900000.0,840000.0,0
2019-01-28,882000.0,900000.0,900000.0,882000.0,0
2019-01-29,918000.0,912000.0,985500.0,906720.0,0
2019-01-30,912000.0,966000.0,986460.0,912000.0,0
2019-01-31,957000.0,978000.0,1021110.0,957000.0,0
2019-02-01,1015710.0,954000.0,1015710.0,912000.0,0
2019-02-04,949350.0,921000.0,949350.0,912000.0,0
2019-02-05,894000.0,843000.0,900030.0,825030.0,0
2019-02-06,825000.0,780000.0,868950.0,780000.0,0
2019-02-07,780000.0,777000.0,918000.0,777000.0,0
2019-02-08,756000.0,735000.0,780000.0,678840.0,0
2019-02-11,729000.0,726000.0,774000.0,711540.0,0
2019-02-12,741000.0,798000.0,806130.0,741000.0,0
2019-02-13,792000.0,753000.0,801000.0,720000.0,0
2019-02-14,789000.0,723000.0,792000.0,720000.0,0
2019-02-15,720000.0,711000.0,741000.0,711000.0,0
2019-02-19,720000.0,717000.0,750000.0,690000.0,0
2019-02-20,720000.0,690000.0,747000.0,690000.0,0
2019-02-21,726000.0,705000.0,735000.0,690000.0,0
2019-02-22,721500.0,705000.0,721500.0,693000.0,0
2019-02-25,819000.0,750000.0,819000.0,705030.0,0
2019-02-26,777000.0,744000.0,780000.0,705030.0,0
2019-02-27,765000.0,776970.0,776970.0,705030.0,0
2019-02-28,777000.0,708000.0,777000.0,708000.0,0
2019-03-01,735000.0,742500.0,756000.0,735000.0,0
2019-03-04,732000.0,720000.0,752400.0,708000.0,0
2019-03-05,732000.0,660000.0,747000.0,660000.0,0
2019-03-06,663000.0,732000.0,732000.0,663000.0,0
2019-03-07,690000.0,702000.0,731970.0,675000.0,0
2019-03-08,720000.0,675000.0,720000.0,675000.0,0
2019-03-11,684000.0,714000.0,714000.0,660000.0,0
2019-03-12,720000.0,690690.0,726360.0,615000.0,0
2019-03-13,657000.0,696000.0,696000.0,630000.0,0
2019-03-14,678090.0,690000.0,741000.0,636780.0,0
2019-03-15,702000.0,690000.0,705000.0,660000.0,0
2019-03-18,696000.0,675000.0,696000.0,636000.0,0
2019-03-19,705000.0,717000.0,750000.0,628020.0,0
2019-03-20,715680.0,711630.0,717000.0,711630.0,0
2019-03-21,711000.0,693000.0,715050.0,657030.0,0
2019-03-22,687210.0,720000.0,735000.0,687210.0,0
2019-03-25,711840.0,675000.0,717000.0,675000.0,0
2019-03-26,675000.0,681000.0,771000.0,663000.0,0
2019-03-27,681000.0,645000.0,720000.0,615000.0,0
2019-03-28,642000.0,576000.0,642000.0,539190.0,0
2019-03-29,561000.0,597000.0,597000.0,561000.0,0
2019-04-01,621000.0,564000.0,627000.0,543000.0,0
2019-04-02,549000.0,558000.0,582000.0,540000.0,0
2019-04-03,558000.0,546000.0,564000.0,540420.0,0
2019-04-04,546000.0,540000.0,573000.0,540000.0,0
2019-04-05,540030.0,594000.0,597000.0,531000.0,0
2019-04-08,603000.0,624000.0,645000.0,600000.0,0
2019-04-09,612000.0,552000.0,620790.0,543000.0,0
2019-04-10,564000.0,591000.0,619110.0,549030.0,0
2019-04-11,585000.0,576000.0,594000.0,564930.0,0
2019-04-12,594060.0,686610.0,750000.0,588000.0,0
2019-04-15,693000.0,627000.0,693000.0,537030.0,0
2019-04-16,624000.0,585000.0,624000.0,558030.0,0
2019-04-17,560790.0,588000.0,645000.0,560790.0,0
2019-04-18,591000.0,622530.0,622530.0,570000.0,0
2019-04-22,633000.0,591000.0,670710.0,587940.0,0
2019-04-23,639000.0,554760.0,660000.0,525000.0,0
2019-04-24,582000.0,567000.0,582000.0,528000.0,0
2019-04-25,558000.0,532980.0,583470.0,525000.0,0
2019-04-26,510000.0,502500.0,534000.0,501000.0,0
2019-04-29,501000.0,486000.0,525000.0,450000.0,0
2019-04-30,493290.0,511170.0,511170.0,461310.0,0
2019-05-01,519000.0,522000.0,522000.0,474000.0,0
2019-05-02,513000.0,495000.0,513000.0,483030.0,0
2019-05-03,518910.0,505950.0,518910.0,465000.0,0
2019-05-06,510000.0,510000.0,534000.0,471030.0,0
2019-05-07,513000.0,600000.0,624090.0,513000.0,0
2019-05-08,618000.0,630000.0,810000.0,573000.0,2
2019-05-09,618000.0,597000.0,618000.0,540000.0,0
2019-05-10,570000.0,567000.0,597000.0,555000.0,0
2019-05-13,543000.0,516000.0,546000.0,510000.0,0
2019-05-14,600000.0,555000.0,645000.0,540000.0,0
2019-05-15,570000.0,594000.0,642000.0,555000.0,0
2019-05-16,564000.0,549000.0,590970.0,549000.0,0
2019-05-17,561000.0,573000.0,606150.0,522840.0,0
2019-05-20,564000.0,492000.0,567300.0,492000.0,0
2019-05-21,477000.0,468000.0,516000.0,453000.0,1
2019-05-22,435000.0,408000.0,441000.0,408000.0,2
2019-05-23,408000.0,423000.0,426420.0,402000.0,0
2019-05-24,420000.0,417000.0,429000.0,417000.0,0
2019-05-28,426000.0,408000.0,426000.0,400740.0,0
2019-05-29,393000.0,381000.0,399000.0,358200.0,0
2019-05-30,390000.0,399540.0,407790.0,390000.0,0
2019-05-31,402000.0,393000.0,411000.0,390000.0,0
2019-06-03,402000.0,384000.0,402000.0,381000.0,0
2019-06-04,402000.0,399000.0,402000.0,384000.0,0
2019-06-05,396000.0,414000.0,426000.0,366000.0,0
2019-06-06,396000.0,399000.0,422970.0,396000.0,0
2019-06-07,405000.0,389970.0,408990.0,379890.0,0
2019-06-10,405000.0,396000.0,414000.0,390000.0,0
2019-06-11,402000.0,363000.0,405000.0,363000.0,0
2019-06-12,369000.0,384000.0,393000.0,369000.0,0
2019-06-13,390000.0,390000.0,404880.0,363000.0,0
2019-06-14,387000.0,387000.0,387000.0,363000.0,0
2019-06-17,390000.0,390000.0,390000.0,294000.0,0
2019-06-18,357660.0,369000.0,390000.0,357000.0,0
2019-06-19,357000.0,387000.0,387000.0,357000.0,0
2019-06-20,363000.0,396000.0,396000.0,363000.0,0
2019-06-21,396000.0,375000.0,405000.0,375000.0,0
2019-06-24,384690.0,375000.0,384750.0,375000.0,0
2019-06-25,375000.0,333000.0,381000.0,327000.0,0
2019-06-26,396000.0,345000.0,396000.0,345000.0,0
2019-06-27,348120.0,357000.0,389970.0,348120.0,0
2019-06-28,345000.0,348000.0,360000.0,345000.0,0
2019-07-01,357000.0,348000.0,376170.0,342000.0,0
2019-07-02,357000.0,342000.0,375000.0,339000.0,0
2019-07-03,366000.0,369000.0,390000.0,340170.0,0
2019-07-05,369000.0,378000.0,389700.0,369000.0,0
2019-07-08,384000.0,372000.0,388860.0,372000.0,0
2019-07-09,369000.0,348000.0,386100.0,345000.0,0
2019-07-10,369000.0,387000.0,387000.0,354300.0,0
2019-07-11,390000.0,354000.0,390000.0,351000.0,0
2019-07-12,354030.0,342000.0,359520.0,339000.0,0
2019-07-15,354000.0,341700.0,354000.0,303000.0,0
2019-07-16,327000.0,330000.0,340320.0,324000.0,0
2019-07-17,321000.0,342000.0,342000.0,321000.0,0
2019-07-18,336000.0,342000.0,345000.0,336000.0,0
2019-07-19,343290.0,336000.0,348000.0,336000.0,0
2019-07-22,344910.0,333000.0,346680.0,333000.0,0
2019-07-23,333000.0,333000.0,336000.0,333000.0,0
2019-07-24,333000.0,327000.0,336000.0,315000.0,0
2019-07-25,327000.0,312000.0,330000.0,312000.0,0
2019-07-26,312000.0,315000.0,315000.0,285000.0,0
2019-07-29,306000.0,291000.0,306000.0,270000.0,0
2019-07-30,300000.0,286500.0,302970.0,279000.0,0
2019-07-31,277410.0,270180.0,284250.0,270000.0,0
2019-08-01,280410.0,249000.0,280410.0,240030.0,0
2019-08-02,243000.0,252000.0,270000.0,243000.0,0
2019-08-05,258000.0,249510.0,258000.0,228000.0,0
2019-08-06,252000.0,276000.0,297000.0,252000.0,0
2019-08-07,276000.0,291000.0,329520.0,255810.0,0
2019-08-08,285000.0,297000.0,333000.0,276000.0,0
2019-08-09,327000.0,319500.0,390000.0,300000.0,0
2019-08-12,324000.0,330000.0,360000.0,285000.0,0
2019-08-13,310920.0,285030.0,330000.0,285000.0,0
2019-08-14,285000.0,304500.0,315000.0,285000.0,0
2019-08-15,315000.0,336000.0,360000.0,294030.0,0
2019-08-16,318000.0,327000.0,333000.0,304530.0,0
2019-08-19,315000.0,345000.0,360000.0,315000.0,0
2019-08-20,345000.0,354000.0,354000.0,336000.0,0
2019-08-21,354000.0,387000.0,399000.0,345000.0,0
2019-08-22,393000.0,327000.0,399000.0,327000.0,0
2019-08-23,330000.0,342000.0,360000.0,330000.0,0
2019-08-26,342000.0,309000.0,342000.0,303360.0,0
2019-08-27,300000.0,294780.0,309000.0,292032.3,0
2019-08-28,303000.0,300000.0,336000.0,285000.0,0
2019-08-29,291000.0,306000.0,312000.0,291000.0,0
2019-08-30,294000.0,306000.0,315000.0,294000.0,0
2019-09-03,294000.0,300000.0,324000.0,294000.0,0
2019-09-04,288000.0,303000.0,321000.0,285000.0,0
2019-09-05,300000.0,293040.0,315000.0,285000.0,0
2019-09-06,300000.0,310350.0,310530.0,289530.0,0
2019-09-09,300000.0,288150.0,306000.0,285000.0,0
2019-09-10,285000.0,273060.0,294000.0,258000.0,0
2019-09-11,273000.0,285000.0,285000.0,258000.0,0
2019-09-12,279090.0,285000.0,285000.0,273000.0,0
2019-09-13,270000.0,282000.0,292500.0,270000.0,0
2019-09-16,285000.0,261030.0,285000.0,249030.0,0
2019-09-17,244500.0,252000.0,256710.0,231330.0,0
2019-09-18,252000.0,276000.0,279000.0,209970.0,0
2019-09-19,276000.0,274500.0,283500.0,273030.0,0
2019-09-20,273030.0,282300.0,285000.0,255000.0,0
2019-09-23,282300.0,269400.0,282300.0,261000.0,0
2019-09-24,269820.0,262530.0,275400.0,255000.0,0
2019-09-25,262530.0,270000.0,282300.0,255000.0,0
2019-09-26,271830.0,299970.0,300000.0,271830.0,0
2019-09-27,299970.0,285000.0,300000.0,273000.0,0
2019-09-30,270030.0,270000.0,285000.0,261000.0,0
2019-10-01,274500.0,252000.0,282322.5,249600.0,0
2019-10-02,258000.0,252000.0,270000.0,252000.0,0
2019-10-03,262260.0,269970.0,270000.0,252000.0,0
2019-10-04,267000.0,261000.0,270000.0,249000.0,0
2019-10-07,252000.0,252000.0,270000.0,240000.0,0
2019-10-08,258000.0,254880.0,270000.0,243000.0,0
2019-10-09,249000.0,262500.0,264000.0,249000.0,0
2019-10-10,262993.8,241800.0,264000.0,241800.0,0
2019-10-11,240000.0,249000.0,252000.0,207000.0,0
2019-10-14,240000.0,242670.0,247500.0,234600.3,0
2019-10-15,246000.0,244500.0,248940.0,234930.0,0
2019-10-16,234600.0,249000.0,257970.0,231000.0,0
2019-10-17,243000.0,250530.0,258000.0,231000.0,0
2019-10-18,249000.0,240030.0,252000.0,240030.0,0
2019-10-21,234000.0,234000.0,253830.0,231000.0,0
2019-10-22,240000.0,240000.0,240000.0,232500.0,0
2019-10-23,240000.0,231000.0,240000.0,225000.0,0
2019-10-24,234000.0,261750.0,268500.0,229026.3,0
2019-10-25,268500.0,277230.0,283982.1,244200.0,0
2019-10-28,285000.0,294000.0,297000.0,274950.0,0
2019-10-29,291000.0,254970.0,291000.0,243030.0,0
2019-10-30,273627.6,253485.0,273627.6,250200.0,0
2019-10-31,246120.0,272400.0,280650.0,246120.0,0
2019-11-01,285000.0,260700.0,285000.0,255000.0,0
2019-11-04,270000.0,258000.0,270000.0,243000.0,0
2019-11-05,255000.0,256140.0,258000.0,245910.0,0
2019-11-06,253740.0,240000.0,266400.0,237030.0,0
2019-11-07,229500.0,231000.0,248457.0,229500.0,0
2019-11-08,231000.0,228150.0,264000.0,219000.0,0
2019-11-11,239550.0,231000.0,252000.0,210030.0,0
2019-11-12,234924.3,205800.0,235200.0,195030.0,0
2019-11-13,204000.0,228720.0,230940.0,204000.0,0
2019-11-14,237030.0,223050.0,242970.0,210000.0,0
2019-11-15,219000.0,217740.0,220200.0,210000.0,0
2019-11-18,222000.0,216000.0,232650.0,210600.0,0
2019-11-19,216000.0,220230.0,255000.0,203970.0,0
2019-11-20,231570.0,233610.0,254400.0,225600.0,0
2019-11-21,247170.0,225660.0,252000.0,219000.0,0
2019-11-22,219810.0,222000.0,234690.0,214260.0,0
2019-11-25,225000.0,220500.0,225600.0,219000.0,0
2019-11-26,219000.0,236250.0,236970.0,207000.0,1
2019-11-27,240000.0,292830.0,295500.0,219000.0,0
2019-11-29,289500.0,285000.0,289500.0,276360.0,0
2019-12-02,282000.0,260970.0,282000.0,238950.0,0
2019-12-03,260430.0,260970.0,261000.0,249000.0,0
2019-12-04,261000.0,255000.0,261000.0,240000.0,0
2019-12-05,243270.0,238650.0,249030.0,237000.0,0
2019-12-06,234000.0,225000.0,234000.0,222000.0,0
2019-12-09,234000.0,201720.0,234000.0,201000.0,0
2019-12-10,216000.0,205290.0,221445.0,201000.0,0
2019-12-11,201000.0,199045.8,207000.0,189000.0,0
2019-12-12,200220.0,193335.0,200220.0,186000.0,0
2019-12-13,189000.0,176880.0,193200.0,169500.0,0
2019-12-16,176400.0,165600.0,179970.0,156060.0,0
2019-12-17,165600.0,186540.0,193800.0,165600.0,0
2019-12-18,192000.0,180660.0,204000.0,180600.0,0
2019-12-19,182400.0,180330.0,194940.0,179610.0,0
2019-12-20,186000.0,174000.0,189000.0,174000.0,0
2019-12-23,180000.0,174000.0,194970.0,171300.0,0
2019-12-24,180000.0,181530.0,183000.0,174870.0,0
2019-12-26,175170.0,165000.0,187530.0,165000.0,0
2019-12-27,174000.0,177000.0,180360.0,174000.0,0
2019-12-30,185850.0,171600.0,190500.0,159600.0,0
2019-12-31,177000.0,183000.0,192000.0,171000.0,0
2020-01-02,186000.0,189000.0,197250.0,183000.0,0
2020-01-03,198000.0,180600.0,198000.0,180600.0,0
2020-01-06,181290.0,185640.0,198442.5,180690.0,0
2020-01-07,185640.0,180150.0,195000.0,180000.0,0
2020-01-08,184080.0,187950.0,187950.0,180150.0,0
2020-01-09,192000.0,186870.0,192000.0,177600.0,2
2020-01-10,181650.0,192000.0,216000.0,181650.0,1
2020-01-13,192000.0,176700.0,193251.3,165180.0,0
2020-01-14,180000.0,166500.0,180000.0,165120.0,0
2020-01-15,165900.0,159150.0,169830.0,156600.0,0
2020-01-16,160380.0,162000.0,168000.0,159150.0,0
2020-01-17,162000.0,148500.0,162000.0,144000.0,0
2020-01-21,153000.0,145500.0,153000.0,135000.0,0
2020-01-22,147000.0,140880.0,147000.0,137700.0,0
2020-01-23,139800.0,135000.0,146280.0,132000.0,0
2020-01-24,135000.0,120300.0,135000.0,120300.0,0
2020-01-27,123000.0,115350.0,126000.0,108000.0,0
2020-01-28,117000.0,117030.0,125400.0,115500.0,0
2020-01-29,117000.0,117330.0,120000.0,99000.0,0
2020-01-30,119700.0,124500.0,124500.0,108000.0,0
2020-01-31,126000.0,119010.0,129000.0,108900.0,0
2020-02-03,119970.0,113430.0,141000.0,113430.0,0
2020-02-04,114000.0,109350.0,116970.0,102000.0,0
2020-02-05,113640.0,112560.0,117000.0,108330.0,0
2020-02-06,114150.0,118500.0,123300.0,113100.0,0
2020-02-07,117000.0,118110.0,129000.0,107100.0,0
2020-02-10,111000.0,120110.4,126000.0,111000.0,0
2020-02-11,129150.0,118770.0,132000.0,99000.0,0
2020-02-12,118560.0,120930.0,123870.0,114030.0,0
2020-02-13,122040.0,121080.0,123000.0,119250.0,0
2020-02-14,128100.0,123030.0,129555.0,120300.0,0
2020-02-18,129180.0,120300.0,129180.0,120300.0,0
2020-02-19,120300.0,118200.0,123000.0,111900.0,0
2020-02-20,123930.0,125520.0,131970.0,111000.0,0
2020-02-21,127500.0,123000.0,128309.7,114000.0,0
2020-02-24,120300.0,122970.0,125400.0,120300.0,0
2020-02-25,128340.0,115650.0,128340.0,108000.0,0
2020-02-26,120000.0,101880.0,120000.0,96060.0,0
2020-02-27,100530.0,93600.0,103950.0,92970.0,0
2020-02-28,106485.3,90000.0,107940.0,88500.0,0
2020-03-02,90660.0,93000.0,104400.0,88500.0,0
2020-03-03,97500.0,110130.0,123000.0,94590.0,1
2020-03-04,110700.0,114000.0,123000.0,105000.0,0
2020-03-05,108000.0,109485.0,111870.0,105300.0,0
2020-03-06,109500.0,108000.0,111000.0,105000.0,0
2020-03-09,100500.0,86670.0,101010.0,84000.0,0
2020-03-10,90000.0,85530.0,98250.0,84000.0,0
2020-03-11,75000.0,81705.0,90000.0,75000.0,0
2020-03-12,81000.0,78000.0,87600.3,75000.0,0
2020-03-13,104970.0,81000.0,104970.0,81000.0,0
2020-03-16,80970.0,79515.0,83970.0,75000.0,0
2020-03-17,78000.0,78000.0,83400.0,78000.0,0
2020-03-18,81900.0,75000.0,81900.0,75000.0,0
2020-03-19,82680.0,79470.0,87000.0,76500.0,0
2020-03-20,75000.0,90000.0,93000.0,75000.0,0
2020-03-23,94500.0,81720.0,100117.5,75000.0,0
2020-03-24,93000.0,86400.0,93000.0,85200.0,0
2020-03-25,90000.0,86850.0,90000.0,80905.5,0
2020-03-26,91170.0,89550.0,91170.0,86430.0,0
2020-03-27,99000.0,90000.0,105000.0,88170.0,0
2020-03-30,93000.0,100500.0,108000.0,90060.0,0
2020-03-31,113220.0,102750.0,114000.0,99765.0,0
2020-04-01,105000.0,84030.0,105000.0,84030.0,0
2020-04-02,105900.0,81720.0,105900.0,81030.0,0
2020-04-03,85800.0,71970.0,85800.0,66030.0,0
2020-04-06,72000.0,75000.0,78000.0,72000.0,0
2020-04-07,76200.0,70350.0,76200.0,66000.0,0
2020-04-08,75180.0,78000.0,81000.0,52920.0,1
2020-04-09,82500.0,70500.0,82500.0,67650.0,2
2020-04-13,73950.0,82650.0,98100.0,71250.0,0
2020-04-14,84000.0,105000.0,105000.0,82800.0,2
2020-04-15,97950.0,86400.0,97950.0,82500.0,1
2020-04-16,95850.0,80679.0,110550.0,78750.0,1
2020-04-17,78150.0,79500.0,94080.0,73500.0,5
2020-04-20,68250.0,64333.5,90000.0,58500.0,19
2020-04-21,35850.0,38100.0,38850.0,33000.0,160
2020-04-22,40350.0,35250.0,40350.0,34500.0,36
2020-04-23,36150.0,37500.0,40200.0,33900.0,65
2020-04-24,37200.0,36750.0,38850.0,34800.0,19
2020-04-27,36300.0,38850.0,42450.0,36300.0,86
2020-04-28,39900.0,37950.0,41250.0,37650.0,43
2020-04-29,39600.0,38100.0,40875.0,38025.0,33
2020-04-30,37500.0,35587.5,37800.0,33000.0,24
2020-05-01,36150.0,35700.0,36750.0,34200.0,20
2020-05-04,36150.0,36000.0,38250.0,35100.0,30
2020-05-05,36000.0,36450.0,36750.0,35550.0,10
2020-05-06,35700.0,36900.0,38100.0,35550.0,21
2020-05-07,36750.0,36000.0,37950.0,35908.5,13
2020-05-08,36300.0,36000.0,37350.0,35250.0,9
2020-05-11,35850.0,36450.0,38700.0,34500.0,34
2020-05-12,36750.0,35400.0,37200.0,34800.0,16
2020-05-13,34950.0,34800.0,36000.0,33750.0,18
2020-05-14,38250.0,34800.0,38550.0,34500.0,49
2020-05-15,34500.0,35100.0,36000.0,33000.0,25
2020-05-18,35250.0,34650.0,36300.0,34200.0,16
2020-05-19,34650.0,33450.0,35100.0,33300.0,10
2020-05-20,33750.0,34200.0,35550.0,33645.0,20
2020-05-21,34050.0,34800.0,34950.0,33300.0,10
2020-05-22,34500.0,36600.0,37350.0,33450.0,37
2020-05-26,39750.0,39450.0,42000.0,37950.0,77
2020-05-27,37800.0,36150.0,38100.0,34350.0,31
2020-05-28,34950.0,34200.0,35700.0,34200.0,15
2020-05-29,33750.0,33750.0,34291.5,33150.0,12
2020-06-01,33750.0,35100.0,37200.0,33375.0,38
2020-06-02,35700.0,34950.0,35700.0,34500.0,10
2020-06-03,50700.0,43050.0,57750.0,40500.0,1625
2020-06-04,35250.0,35400.0,36000.0,32400.0,259
2020-06-05,35850.0,34950.0,36000.0,34500.0,50
2020-06-08,34800.0,37800.0,38550.0,33450.0,155
2020-06-09,38400.0,45000.0,45000.0,36000.0,157
2020-06-10,37350.0,36001.5,38100.0,35400.0,186
2020-06-11,36000.0,33750.0,36000.0,33600.0,61
2020-06-12,34050.0,33750.0,34650.0,32400.0,70
2020-06-15,32700.0,33750.0,33900.0,31800.0,47
2020-06-16,34500.0,33150.0,34644.0,33000.0,29
2020-06-17,33150.0,34350.0,36750.0,32700.0,108
2020-06-18,33750.0,33600.0,34050.0,33000.0,23
2020-06-19,33450.0,33000.0,33988.5,32700.0,27
2020-06-22,33300.0,34200.0,34650.0,33000.0,65
2020-06-23,36000.0,36600.0,37950.0,34350.0,193
2020-06-24,35250.0,34800.0,35550.0,33150.0,73
2020-06-25,34500.0,34200.0,35296.5,33450.0,31
2020-06-26,34350.0,32550.0,34500.0,32100.0,60
2020-06-29,33450.0,33450.0,33655.5,32700.0,24
2020-06-30,33150.0,32250.0,33225.0,32100.0,35
2020-07-01,32250.0,33000.0,34200.0,32250.0,90
2020-07-02,34950.0,33900.0,35250.0,33150.0,103
2020-07-06,35100.0,34650.0,35700.0,33750.0,57
2020-07-07,35100.0,35100.0,36150.0,34650.0,63
2020-07-08,35400.0,34800.0,35550.0,33900.0,32
2020-07-09,34350.0,34200.0,35302.5,33375.0,65
2020-07-10,34050.0,34050.0,34350.0,33300.0,26
2020-07-13,33750.0,34200.0,36000.0,33000.0,94
2020-07-14,34200.0,33600.0,34200.0,33300.0,29
2020-07-15,33600.0,33450.0,34800.0,32700.0,51
2020-07-16,33300.0,33600.0,33900.0,33150.0,16
2020-07-17,34950.0,38250.0,38700.0,34500.0,178
2020-07-20,37650.0,36000.0,38100.0,35400.0,68
2020-07-21,34950.0,35400.0,35850.0,33750.0,41
2020-07-22,38250.0,35400.0,38850.0,34200.0,302
2020-07-23,34050.0,34200.0,34650.0,33600.0,47
2020-07-24,34200.0,33900.0,34350.0,33450.0,14
2020-07-27,34050.0,33600.0,34200.0,33000.0,26
2020-07-28,33300.0,33450.0,33975.0,33150.0,17
2020-07-29,33750.0,33450.0,34200.0,33150.0,11
2020-07-30,33000.0,33450.0,33750.0,32850.0,19
2020-07-31,33000.0,33750.0,34650.0,32850.0,35
2020-08-03,33600.0,35100.0,36000.0,33361.5,90
2020-08-04,35100.0,36900.0,38250.0,33750.0,67
2020-08-05,36750.0,36900.0,37348.5,36000.0,18
2020-08-06,36900.0,36600.0,38250.0,36150.0,25
2020-08-07,36450.0,36300.0,36451.5,35400.0,8
2020-08-10,36300.0,36600.0,36600.0,35550.0,9
2020-08-11,36150.0,34650.0,36150.0,34650.0,13
2020-08-12,35100.0,34200.0,35100.0,33600.0,20
2020-08-13,33900.0,33300.0,34500.0,33000.0,131
2020-08-14,33600.0,34800.0,35250.0,32250.0,75
2020-08-17,34350.0,33300.0,34800.0,33153.0,27
2020-08-18,36300.0,35550.0,36300.0,33750.0,74
2020-08-19,34950.0,34500.0,35250.0,33750.0,30
2020-08-20,34650.0,34800.0,34800.0,33450.0,27
2020-08-21,34050.0,33300.0,34650.0,33300.0,21
2020-08-24,33600.0,30900.0,34500.0,29250.0,69
2020-08-25,30750.0,31500.0,31500.0,30750.0,13
2020-08-26,32250.0,32250.0,33000.0,31350.0,16
2020-08-27,32700.0,30750.0,32700.0,29700.0,17
2020-08-28,30750.0,30900.0,31200.0,29700.0,17
2020-08-31,30750.0,30600.0,31050.0,29850.0,9
2020-09-01,30600.0,31500.0,32400.0,29850.0,36
2020-09-02,31350.0,30150.0,31650.0,29700.0,19
2020-09-03,29400.0,29250.0,30450.0,28500.0,24
2020-09-04,28800.0,27150.0,29400.0,25800.0,31
2020-09-08,26700.0,28200.0,28275.0,26400.0,11
2020-09-09,28050.0,28800.0,29400.0,27450.0,26
2020-09-10,29250.0,29550.0,30150.0,28500.0,13
2020-09-11,29250.0,30301.5,30600.0,28954.5,8
2020-09-14,30300.0,30450.0,31200.0,29853.0,4
2020-09-15,30900.0,30300.0,31800.0,29700.0,5
2020-09-16,30300.0,29100.0,30300.0,28650.0,6
2020-09-17,29400.0,29250.0,29400.0,28050.0,3
2020-09-18,29250.0,28500.0,29389.5,28500.0,5
2020-09-21,28800.0,27900.0,29250.0,27300.0,7
2020-09-22,29550.0,29550.0,30975.0,28050.0,30
2020-09-23,29700.0,27900.0,29775.0,27000.0,8
2020-09-24,27150.0,27750.0,28350.0,25950.0,8
2020-09-25,27600.0,27750.0,28200.0,26854.5,4
2020-09-28,27600.0,27900.0,28194.0,27450.0,3
2020-09-29,28500.0,28800.0,30000.0,27750.0,9
2020-09-30,28800.0,28500.0,29550.0,27900.0,4
2020-10-01,30000.0,29400.0,32400.0,27900.0,108
2020-10-02,27900.0,28650.0,29250.0,27900.0,9
2020-10-05,29400.0,28800.0,29400.0,28350.0,4
2020-10-06,29250.0,29850.0,30750.0,28950.0,12
2020-10-07,30450.0,31350.0,31500.0,30150.0,19
2020-10-08,33000.0,35400.0,36750.0,32250.0,115
2020-10-09,34800.0,34200.0,35400.0,33000.0,23
2020-10-12,34200.0,33000.0,34350.0,32250.0,9
2020-10-13,34350.0,33600.0,34350.0,32550.0,8
2020-10-14,33150.0,31800.0,33900.0,31500.0,9
2020-10-15,32100.0,31800.0,32175.0,30750.0,4
2020-10-16,32100.0,31950.0,32100.0,30750.0,8
2020-10-19,32250.0,34950.0,35100.0,32250.0,22
2020-10-20,35550.0,34050.0,35550.0,33300.0,7
2020-10-21,34350.0,34200.0,34960.5,33525.0,5
2020-10-22,33750.0,33000.0,33900.0,32400.0,4
2020-10-23,33150.0,32850.0,34050.0,32250.0,4
2020-10-26,33300.0,31350.0,33600.0,31200.0,7
2020-10-27,31050.0,31350.0,32100.0,31050.0,4
2020-10-28,31500.0,30751.5,31990.5,28875.0,7
2020-10-29,30900.0,31500.0,31500.0,30750.0,3
2020-10-30,31350.0,29700.0,31350.0,29100.0,7
2020-11-02,30150.0,30300.0,31200.0,28800.0,3
2020-11-03,29850.0,29850.0,30300.0,29850.0,2
2020-11-04,29400.0,28800.0,30000.0,27450.0,8
2020-11-05,28950.0,29550.0,30000.0,28500.0,5
2020-11-06,30000.0,29400.0,31050.0,29250.0,6
2020-11-09,30750.0,31950.0,33150.0,29850.0,13
2020-11-10,45150.0,54450.0,58200.0,40800.0,8810
2020-11-11,44250.0,42900.0,47250.0,41250.0,450
2020-11-12,41550.0,37950.0,43351.5,37050.0,159
2020-11-13,37650.0,37650.0,38100.0,36300.0,60
2020-11-16,37201.5,37350.0,39984.0,37200.0,49
2020-11-17,36900.0,40500.0,41850.0,36900.0,58
2020-11-18,40350.0,42300.0,43650.0,40275.0,53
2020-11-19,42450.0,43800.0,44596.5,41250.0,39
2020-11-20,45750.0,41700.0,46350.0,41400.0,40
2020-11-23,43350.0,43350.0,43672.5,41061.0,45
2020-11-24,43500.0,41850.0,44850.0,41100.0,29
2020-11-25,41400.0,40950.0,42154.5,40650.0,20
2020-11-27,41550.0,40950.0,41700.0,40350.0,11
2020-11-30,41400.0,39750.0,41766.0,36075.0,47
2020-12-01,40350.0,39000.0,41100.0,38400.0,16
2020-12-02,38250.0,38850.0,39525.0,37800.0,12
2020-12-03,38850.0,38700.0,39750.0,38175.0,10
2020-12-04,38700.0,40800.0,41115.0,38700.0,13
2020-12-07,42690.0,40350.0,42690.0,39660.0,20
2020-12-08,39900.0,41250.0,41550.0,39750.0,17
2020-12-09,41700.0,39600.0,42450.0,39000.0,15
2020-12-10,39150.0,39300.0,40950.0,38550.0,17
2020-12-11,39300.0,39150.0,39750.0,38550.0,5
2020-12-14,40950.0,47100.0,48450.0,40350.0,117
2020-12-15,47550.0,43650.0,47700.0,42000.0,33
2020-12-16,44850.0,43500.0,45450.0,42000.0,21
2020-12-17,43500.0,45750.0,46260.0,43200.0,14
2020-12-18,45300.0,42600.0,46200.0,42300.0,22
2020-12-21,42000.0,44700.0,44850.0,41850.0,11
2020-12-22,45150.0,43350.0,45450.0,42750.0,10
2020-12-23,42900.0,44400.0,45000.0,42450.0,16
2020-12-24,45000.0,47100.0,49950.0,44700.0,55
2020-12-28,49350.0,57600.0,60300.0,48000.0,154
2020-12-29,60000.0,57450.0,63150.0,49950.0,123
2020-12-30,56100.0,55500.0,57000.0,53250.0,24
2020-12-31,55800.0,53100.0,55800.0,52950.0,13
2021-01-04,54600.0,52500.0,56250.0,51150.0,20
2021-01-05,53250.0,55050.0,56100.0,52800.0,18
2021-01-06,55050.0,54000.0,57750.0,54000.0,25
2021-01-07,54750.0,54150.0,56100.0,53700.0,30
2021-01-08,58800.0,60600.0,61500.0,57450.0,43
2021-01-11,60750.0,66750.0,68550.0,60151.5,59
2021-01-12,67500.0,68250.0,68400.0,64500.0,21
2021-01-13,68250.0,63750.0,72900.0,63600.0,109
2021-01-14,66750.0,65100.0,68550.0,58950.0,128
2021-01-15,64200.0,62250.0,64275.0,59850.0,37
2021-01-19,58650.0,57750.0,58858.5,54000.0,90
2021-01-20,57150.0,55950.0,58200.0,54150.0,27
2021-01-21,55950.0,54750.0,57300.0,54000.0,29
2021-01-22,53625.0,53850.0,54708.0,50250.0,32
2021-01-25,55200.0,55650.0,57300.0,53250.0,23
2021-01-26,56850.0,52950.0,56850.0,52800.0,20
2021-01-27,52500.0,48600.0,54300.0,48450.0,39
2021-01-28,49800.0,53250.0,55350.0,49200.0,72
2021-01-29,52950.0,50100.0,53250.0,49200.0,26
2021-02-01,50550.0,49350.0,50550.0,48000.0,27
2021-02-02,49200.0,50850.0,52200.0,48901.5,27
2021-02-03,51750.0,55050.0,55198.5,50250.0,46
2021-02-04,57750.0,56100.0,57900.0,54750.0,44
2021-02-05,56400.0,55500.0,57000.0,54000.0,25
2021-02-08,56100.0,60000.0,60750.0,55650.0,41
2021-02-09,60600.0,60000.0,61500.0,57600.0,25
2021-02-10,60000.0,61800.0,63300.0,59400.0,30
2021-02-11,61650.0,66600.0,73350.0,59250.0,225
2021-02-12,62475.0,62550.0,63600.0,60246.0,52
2021-02-16,64050.0,62700.0,64200.0,61650.0,23
2021-02-17,61950.0,61350.0,63600.0,59100.0,20
2021-02-18,59250.0,61200.0,64050.0,57450.0,78
2021-02-19,61350.0,61650.0,63000.0,59550.0,25
2021-02-22,60750.0,57000.0,62550.0,56700.0,37
2021-02-23,54000.0,52350.0,54750.0,48352.5,48
2021-02-24,54450.0,53700.0,56400.0,53340.0,15
2021-02-25,54750.0,52050.0,57300.0,51166.5,42
2021-02-26,51000.0,48900.0,51598.5,48057.0,14
2021-03-01,52500.0,51750.0,53517.0,50400.0,25
2021-03-02,52950.0,48900.0,53100.0,48300.0,10
2021-03-03,50400.0,48150.0,51150.0,46650.0,20
2021-03-04,47250.0,43800.0,47931.0,40800.0,30
2021-03-05,46200.0,47250.0,47700.0,40950.0,22
2021-03-08,46950.0,45450.0,49350.0,45256.5,11
2021-03-09,46950.0,49050.0,50550.0,44250.0,18
2021-03-10,49200.0,48450.0,50302.5,47850.0,10
2021-03-11,48900.0,52200.0,52950.0,48900.0,21
2021-03-12,53866.5,54750.0,54750.0,49200.0,23
2021-03-15,53400.0,54750.0,55650.0,51150.0,16
2021-03-16,55050.0,48750.0,55141.5,48450.0,19
2021-03-17,47550.0,52050.0,52200.0,47250.0,10
2021-03-18,51450.0,50400.0,52350.0,49200.0,11
2021-03-19,51300.0,49650.0,51300.0,49350.0,7
2021-03-22,53175.0,50850.0,53175.0,50100.0,12
2021-03-23,51450.0,50550.0,51748.5,49350.0,7
2021-03-24,51450.0,48450.0,51450.0,48210.0,24
2021-03-25,46950.0,48300.0,48750.0,45000.0,6
2021-03-26,48600.0,47400.0,49267.5,46650.0,5
2021-03-29,47550.0,47550.0,48900.0,46650.0,5
2021-03-30,46800.0,45000.0,46950.0,44250.0,8
2021-03-31,46500.0,46350.0,46500.0,45300.0,3
2021-04-01,46050.0,46200.0,48448.5,46050.0,5
2021-04-05,47550.0,48300.0,48750.0,46800.0,5
2021-04-06,48150.0,46350.0,48300.0,46243.5,3
2021-04-07,46800.0,46200.0,48150.0,45450.0,9
2021-04-08,45750.0,47400.0,48300.0,45300.0,8
2021-04-09,47850.0,46200.0,47850.0,45600.0,7
2021-04-12,45750.0,44700.0,46948.5,44250.0,15
2021-04-13,44700.0,43800.0,44704.5,42750.0,5
2021-04-14,44400.0,43050.0,45748.5,42300.0,5
2021-04-15,43050.0,41550.0,43500.0,41550.0,7
2021-04-16,41850.0,41550.0,42450.0,40950.0,5
2021-04-19,42000.0,40200.0,42750.0,38700.0,6
2021-04-20,39450.0,37950.0,39750.0,37500.0,8
2021-04-21,37950.0,38850.0,40350.0,37734.0,2
2021-04-22,40200.0,39450.0,41550.0,37650.0,5
2021-04-23,40050.0,41068.5,41250.0,39900.0,3
2021-04-26,41250.0,41700.0,42385.5,40950.0,2
2021-04-27,41700.0,41850.0,42067.5,39900.0,3
2021-04-28,41100.0,40500.0,41739.0,39900.0,4
2021-04-29,40500.0,40200.0,40650.0,39450.0,1
2021-04-30,40050.0,39450.0,41580.0,39300.0,2
2021-05-03,39600.0,39000.0,41400.0,38850.0,5
2021-05-04,39150.0,43950.0,45000.0,36000.0,61
2021-05-05,42450.0,42300.0,44848.5,39450.0,29
2021-05-06,40950.0,43200.0,53829.0,39450.0,264
2021-05-07,44400.0,44700.0,45600.0,41250.0,29
2021-05-10,42900.0,39300.0,46500.0,38550.0,43
2021-05-11,37800.0,38700.0,40500.0,36750.0,13
2021-05-12,43206.0,50700.0,61500.0,40800.0,1360
2021-05-13,51900.0,51525.0,54000.0,47250.0,133
2021-05-14,51900.0,55350.0,56400.0,51750.0,134
2021-05-17,55200.0,56550.0,57750.0,52650.0,34
2021-05-18,57300.0,56400.0,60000.0,55500.0,31
2021-05-19,54600.0,61050.0,61050.0,54300.0,55
2021-05-20,61200.0,65700.0,70350.0,60750.0,72
2021-05-21,65850.0,68400.0,72000.0,61800.0,63
2021-05-24,67650.0,64500.0,68850.0,63900.0,19
2021-05-25,64050.0,59250.0,67648.5,58350.0,75
2021-05-26,58500.0,62250.0,63150.0,57750.0,28
2021-05-27,63000.0,61500.0,63000.0,59850.0,22
2021-05-28,61500.0,63000.0,64200.0,58650.0,62
2021-06-01,63600.0,61350.0,64500.0,58800.0,39
2021-06-02,61800.0,62100.0,63000.0,60000.0,18
2021-06-03,61800.0,61950.0,70800.0,60300.0,180
2021-06-04,64350.0,71550.0,72600.0,63000.0,162
2021-06-07,75300.0,75150.0,84450.0,73200.0,195
2021-06-08,75750.0,67500.0,76950.0,62401.5,199
2021-06-09,69300.0,65550.0,70500.0,64500.0,40
2021-06-10,65250.0,66300.0,67198.5,63150.0,24
2021-06-11,66450.0,64650.0,66475.5,63000.0,59
2021-06-14,64350.0,63300.0,66600.0,63000.0,41
2021-06-15,62850.0,64050.0,64050.0,59100.0,29
2021-06-16,62700.0,61050.0,63750.0,59250.0,25
2021-06-17,61500.0,61500.0,62250.0,60000.0,18
2021-06-18,61500.0,60450.0,62250.0,59250.0,57
2021-06-21,62700.0,58950.0,62700.0,57900.0,41
2021-06-22,58650.0,57150.0,58917.0,54750.0,41
2021-06-23,57750.0,62550.0,62700.0,57750.0,40
2021-06-24,62250.0,64500.0,64500.0,62100.0,12
2021-06-25,64500.0,65400.0,65400.0,63300.0,8
2021-06-28,65250.0,64050.0,65850.0,63450.0,14
2021-06-29,64650.0,63300.0,64650.0,62100.0,11
2021-06-30,61650.0,60150.0,61770.0,60150.0,12
2021-07-01,60750.0,60000.0,61800.0,57600.0,12
2021-07-02,60900.0,59100.0,61498.5,57750.0,12
2021-07-06,59250.0,59700.0,60000.0,58050.0,6
2021-07-07,59100.0,56850.0,60600.0,55500.0,13
2021-07-08,54150.0,55650.0,56700.0,53400.0,7
2021-07-09,55650.0,56250.0,56850.0,54900.0,7
2021-07-12,56400.0,59400.0,59700.0,55500.0,14
2021-07-13,60600.0,58950.0,60600.0,57202.5,8
2021-07-14,58350.0,54000.0,58950.0,53400.0,29
2021-07-15,54750.0,51600.0,54900.0,51000.0,15
2021-07-16,51600.0,50400.0,52092.0,49500.0,9
2021-07-19,49500.0,52950.0,53100.0,48900.0,23
2021-07-20,52500.0,52200.0,54000.0,51450.0,8
2021-07-21,52500.0,61050.0,64350.0,52500.0,206
2021-07-22,74400.0,69000.0,105900.0,66600.0,7218
2021-07-23,59700.0,58650.0,60750.0,53400.0,337
2021-07-26,57750.0,56700.0,58350.0,53850.0,75
2021-07-27,55500.0,51750.0,56700.0,51000.0,74
2021-07-28,53550.0,56250.0,57900.0,52800.0,45
2021-07-29,56250.0,52350.0,56400.0,52200.0,22
2021-07-30,53625.0,53100.0,55200.0,52650.0,31
2021-08-02,54000.0,55500.0,56250.0,53550.0,22
2021-08-03,55350.0,51900.0,56700.0,51300.0,29
2021-08-04,51450.0,50700.0,53700.0,50250.0,43
2021-08-05,50550.0,55200.0,56178.0,49756.5,64
2021-08-06,54300.0,54000.0,55650.0,52500.0,38
2021-08-09,55020.0,57150.0,58176.0,54000.0,49
2021-08-10,57000.0,54000.0,57600.0,51450.0,153
2021-08-11,52950.0,50100.0,52950.0,49500.0,57
2021-08-12,50400.0,52050.0,52350.0,48150.0,28
2021-08-13,50550.0,48150.0,51598.5,48000.0,25
2021-08-16,48900.0,49050.0,49350.0,45900.0,44
2021-08-17,48132.0,47250.0,48750.0,46800.0,19
2021-08-18,46650.0,49950.0,51600.0,46350.0,35
2021-08-19,48450.0,48000.0,49500.0,47325.0,34
2021-08-20,48300.0,50250.0,50250.0,47250.0,37
2021-08-23,50250.0,49200.0,51900.0,49200.0,35
2021-08-24,50250.0,49500.0,50550.0,48315.0,22
2021-08-25,49500.0,49350.0,50700.0,48750.0,9
2021-08-26,48906.0,47400.0,50100.0,47251.5,9
2021-08-27,47850.0,49350.0,49800.0,47250.0,28
2021-08-30,49950.0,48900.0,50250.0,48427.5,12
2021-08-31,49500.0,50250.0,50622.0,48450.0,16
2021-09-01,50250.0,50100.0,51210.0,49350.0,13
2021-09-02,50250.0,49200.0,51300.0,48750.0,14
2021-09-03,48900.0,48450.0,49500.0,47701.5,9
2021-09-07,49200.0,49650.0,50100.0,48300.0,14
2021-09-08,48900.0,48450.0,48900.0,46501.5,28
2021-09-09,48000.0,46350.0,48600.0,46200.0,30
2021-09-10,47250.0,45000.0,47551.5,44550.0,25
2021-09-13,45750.0,46200.0,47055.0,43500.0,13
2021-09-14,45900.0,44400.0,46650.0,43950.0,12
2021-09-15,44100.0,45450.0,46275.0,44100.0,6
2021-09-16,45600.0,45000.0,46200.0,44550.0,4
2021-09-17,45150.0,47250.0,47400.0,44100.0,23
2021-09-20,45900.0,43950.0,46200.0,43500.0,14
2021-09-21,45000.0,43350.0,45150.0,42900.0,15
2021-09-22,43350.0,44100.0,44700.0,43350.0,12
2021-09-23,44250.0,43800.0,44400.0,43350.0,9
2021-09-24,44100.0,44250.0,44700.0,42900.0,9
2021-09-27,43800.0,43050.0,44475.0,42750.0,10
2021-09-28,42750.0,41250.0,43198.5,40951.5,13
2021-09-29,41400.0,39750.0,42148.5,39450.0,8
2021-09-30,40500.0,42000.0,42000.0,40500.0,4
2021-10-01,42000.0,40350.0,42000.0,39750.0,8
2021-10-04,40350.0,40650.0,41250.0,39000.0,9
2021-10-05,40650.0,40500.0,41550.0,39900.0,5
2021-10-06,39900.0,39450.0,40233.0,38400.0,5
2021-10-07,39750.0,40350.0,41250.0,39300.0,3
2021-10-08,40200.0,40650.0,40800.0,39750.0,5
2021-10-11,40200.0,41550.0,47700.0,39981.0,73
2021-10-12,41550.0,39600.0,43050.0,38400.0,81
2021-10-13,39150.0,38550.0,39540.0,38400.0,9
2021-10-14,39150.0,39450.0,40950.0,38292.0,7
2021-10-15,40200.0,39600.0,40200.0,38700.0,9
2021-10-18,39900.0,39750.0,40200.0,38941.5,8
2021-10-19,39750.0,41850.0,42600.0,39150.0,33
2021-10-20,41400.0,40791.0,41850.0,40200.0,12
2021-10-21,41026.5,40950.0,42000.0,40200.0,7
2021-10-22,40950.0,38100.0,41053.5,37950.0,16
2021-10-25,38700.0,40200.0,41550.0,38263.5,11
2021-10-26,40200.0,39450.0,40621.5,38250.0,9
2021-10-27,38850.0,38250.0,39852.0,38250.0,4
2021-10-28,38250.0,39300.0,39750.0,38250.0,3
2021-10-29,38550.0,38400.0,39450.0,38400.0,6
2021-11-01,38550.0,39750.0,40050.0,38400.0,9
2021-11-02,40650.0,39600.0,40650.0,38550.0,6
2021-11-03,39450.0,39600.0,40500.0,38658.0,4
2021-11-04,40050.0,39150.0,40050.0,38550.0,10
2021-11-05,38550.0,38250.0,39000.0,36517.5,15
2021-11-08,38250.0,39750.0,42000.0,37500.0,32
2021-11-09,39600.0,43200.0,43950.0,38250.0,42
2021-11-10,42000.0,36000.0,42547.5,35550.0,60
2021-11-11,36750.0,33450.0,37800.0,32851.5,33
2021-11-12,33000.0,34200.0,34950.0,32700.0,17
2021-11-15,33900.0,33450.0,35100.0,33150.0,12
2021-11-16,33600.0,33600.0,35700.0,33075.0,28
2021-11-17,33750.0,32550.0,33795.0,31650.0,16
2021-11-18,32700.0,30900.0,33450.0,30450.0,26
2021-11-19,30300.0,30000.0,31200.0,30000.0,13
2021-11-22,30030.0,28650.0,30150.0,28065.0,18
2021-11-23,29100.0,28800.0,29850.0,28200.0,8
2021-11-24,28800.0,28800.0,30750.0,27600.0,36
2021-11-26,28500.0,27900.0,28950.0,27000.0,11
2021-11-29,27900.0,26850.0,27900.0,26400.0,12
2021-11-30,26250.0,27300.0,27450.0,25545.0,15
2021-12-01,27825.0,26250.0,28500.0,25800.0,15
2021-12-02,26400.0,26250.0,27000.0,25650.0,13
2021-12-03,26250.0,25200.0,26250.0,24780.0,9
2021-12-06,24900.0,25500.0,25800.0,24000.0,6
2021-12-07,25800.0,26850.0,28309.5,25800.0,7
2021-12-08,27600.0,27750.0,28350.0,26850.0,7
2021-12-09,27750.0,25950.0,29850.0,25950.0,47
2021-12-10,25800.0,25200.0,26400.0,24669.0,8
2021-12-13,25350.0,23100.0,25350.0,22800.0,19
2021-12-14,22500.0,23250.0,23700.0,21751.5,19
2021-12-15,23100.0,22800.0,24000.0,22200.0,33
2021-12-16,23550.0,22350.0,23550.0,22200.0,4
2021-12-17,21900.0,20250.0,22602.0,20100.0,31
2021-12-20,20850.0,19500.0,21600.0,18900.0,36
2021-12-21,19050.0,19950.0,20550.0,18900.0,25
2021-12-22,19650.0,23025.0,24450.0,19500.0,44
2021-12-23,23700.0,23250.0,24450.0,22500.0,18
2021-12-27,23550.0,22200.0,23700.0,21900.0,10
2021-12-28,22200.0,21300.0,22500.0,21000.0,9
2021-12-29,21150.0,20700.0,21450.0,20250.0,12
2021-12-30,21000.0,20400.0,21900.0,20250.0,11
2021-12-31,21000.0,20850.0,21450.0,20250.0,11
2022-01-03,20700.0,22200.0,22350.0,20700.0,11
2022-01-04,21900.0,21150.0,22017.0,21150.0,3
2022-01-05,21450.0,19800.0,21450.0,19800.0,3
2022-01-06,20250.0,20250.0,21300.0,19200.0,6
2022-01-07,20400.0,19200.0,20550.0,19050.0,6
2022-01-10,19650.0,18750.0,20175.0,18171.0,7
2022-01-11,18900.0,20100.0,20550.0,18750.0,12
2022-01-12,21000.0,20700.0,21075.0,19984.5,5
2022-01-13,21450.0,19650.0,21450.0,19500.0,4
2022-01-14,19800.0,20100.0,21000.0,19500.0,6
2022-01-18,19650.0,19200.0,20250.0,17400.0,89
2022-01-19,18600.0,18150.0,19050.0,17850.0,10
2022-01-20,18750.0,17850.0,19350.0,17850.0,10
2022-01-21,17400.0,17250.0,18300.0,17007.0,11
2022-01-24,16500.0,16050.0,16800.0,15000.0,21
2022-01-25,16050.0,17850.0,18088.5,16039.5,15
2022-01-26,18150.0,18150.0,19234.5,16500.0,9
2022-01-27,17550.0,16800.0,18000.0,16800.0,1
2022-01-28,16800.0,16891.5,16950.0,15750.0,2
2022-01-31,16800.0,17700.0,18000.0,16800.0,4
2022-02-01,18000.0,18900.0,20107.5,17757.0,8
2022-02-02,19500.0,18000.0,19500.0,17850.0,4
2022-02-03,18150.0,17850.0,19200.0,17250.0,4
2022-02-04,17700.0,19500.0,19500.0,17250.0,7
2022-02-07,19650.0,18300.0,19720.5,18000.0,2
2022-02-08,18450.0,19500.0,19500.0,18450.0,5
2022-02-09,19800.0,19650.0,21450.0,19200.0,6
2022-02-10,19200.0,19200.0,20100.0,18900.0,2
2022-02-11,19500.0,17700.0,19950.0,16950.0,7
2022-02-14,18300.0,18300.0,18600.0,17700.0,2
2022-02-15,18900.0,19350.0,19780.5,18750.0,4
2022-02-16,19050.0,18975.0,19785.0,18750.0,3
2022-02-17,19050.0,19350.0,19500.0,18901.5,3
2022-02-18,19350.0,17850.0,19800.0,17700.0,5
2022-02-22,17700.0,17550.0,18300.0,16950.0,4
2022-02-23,17250.0,17253.0,18298.5,17100.0,3
2022-02-24,17250.0,19200.0,19350.0,16500.0,14
2022-02-25,19200.0,18450.0,19350.0,17850.0,5
2022-02-28,18150.0,18300.0,19350.0,18000.0,4
2022-03-01,18300.0,18300.0,18600.0,18150.0,1
2022-03-02,19200.0,19950.0,20400.0,18150.0,14
2022-03-03,19800.0,18900.0,19951.5,18765.0,4
2022-03-04,18450.0,18075.0,18547.5,17857.5,3
2022-03-07,17550.0,16800.0,17872.5,16200.0,9
2022-03-08,16500.0,18133.5,18750.0,16090.5,8
2022-03-09,18150.0,18300.0,19147.5,17250.0,6
2022-03-10,18750.0,19200.0,19362.0,18001.5,10
2022-03-11,20400.0,16800.0,20400.0,16500.0,24
2022-03-14,16950.0,16650.0,17550.0,16500.0,4
2022-03-15,16650.0,17400.0,18000.0,16500.0,11
2022-03-16,18450.0,17550.0,18450.0,16500.0,29
2022-03-17,17250.0,17700.0,17850.0,17250.0,4
2022-03-18,17700.0,17700.0,18300.0,17551.5,3
2022-03-21,17250.0,17700.0,18300.0,17250.0,8
2022-03-22,17550.0,17850.0,18150.0,17550.0,6
2022-03-23,17700.0,18610.5,18900.0,17563.5,10
2022-03-24,18600.0,19050.0,19650.0,18150.0,10
2022-03-25,19050.0,20250.0,20700.0,18385.5,32
2022-03-28,20250.0,21150.0,21750.0,20250.0,24
2022-03-29,22350.0,20400.0,22350.0,20268.0,20
2022-03-30,20250.0,19200.0,20250.0,18450.0,12
2022-03-31,19500.0,18750.0,19500.0,18600.0,4
2022-04-01,18751.5,19200.0,19950.0,18751.5,11
2022-04-04,19050.0,19050.0,19713.0,18900.0,4
2022-04-05,19350.0,19050.0,20100.0,18150.0,5
2022-04-06,18750.0,18450.0,18750.0,18000.0,5
2022-04-07,18300.0,18000.0,18600.0,18000.0,4
2022-04-08,18750.0,17400.0,18750.0,17400.0,4
2022-04-11,17400.0,18450.0,18750.0,17250.0,4
2022-04-12,18750.0,18450.0,18900.0,18300.0,5
2022-04-13,18150.0,18300.0,18466.5,17550.0,9
2022-04-14,18750.0,18150.0,18750.0,17908.5,1
2022-04-18,18150.0,17700.0,18150.0,17400.0,3
2022-04-19,17250.0,18300.0,18300.0,17250.0,1
2022-04-20,18150.0,17400.0,18150.0,17400.0,1
2022-04-21,18000.0,16950.0,18000.0,16650.0,5
2022-04-22,17100.0,16950.0,18000.0,16650.0,3
2022-04-25,16650.0,16500.0,17250.0,16500.0,3
2022-04-26,16500.0,16200.0,17079.0,16200.0,9
2022-04-27,16200.0,17590.5,18748.5,16200.0,25
2022-04-28,17850.0,16800.0,17850.0,16200.0,8
2022-04-29,16200.0,16950.0,17400.0,16200.0,5
2022-05-02,16500.0,16650.0,17250.0,16350.0,1
2022-05-03,16950.0,16950.0,17250.0,16350.0,2
2022-05-04,17400.0,16950.0,17400.0,16350.0,3
2022-05-05,17100.0,16350.0,17100.0,16050.0,3
2022-05-06,16650.0,15900.0,16650.0,15900.0,6
2022-05-09,16200.0,15300.0,16200.0,15000.0,10
2022-05-10,15450.0,14103.0,15750.0,13510.5,12
2022-05-11,12000.0,10800.0,12000.0,10770.0,33
2022-05-12,10500.0,10275.0,10950.0,10050.0,6
2022-05-13,10396.5,10567.5,11098.485,10350.0,3
2022-05-16,10567.5,10441.5,10567.5,10440.0,3
2022-05-17,10650.0,10995.0,11550.0,10500.0,7
2022-05-18,11128.5,11100.0,12058.5,10978.5,4
2022-05-19,11400.0,11326.5,11850.0,10800.0,3
2022-05-20,11548.5,11025.0,11850.0,11004.0,2
2022-05-23,11100.0,11250.0,11850.0,11100.0,2
2022-05-24,11278.5,10942.5,11841.0,10548.0,8
2022-05-25,10958.265,10498.5,11182.485,10350.0,4
2022-05-26,10500.0,10501.5,10770.0,10350.0,1
2022-05-27,10500.0,10696.5,10776.0,10350.0,2
2022-05-31,11073.0,12331.5,12600.0,10801.5,10
2022-06-01,12600.0,12016.5,12837.0,11286.0,2
2022-06-02,12000.0,10500.0,12000.0,9180.0,31
2022-06-03,10424.235,10449.0,10798.5,10350.0,4
2022-06-06,10528.5,9802.5,10769.985,9780.0,7
2022-06-07,10264.5,9630.0,10540.5,9303.0,6
2022-06-08,10305.0,10350.0,10350.0,9903.0,3
2022-06-09,10350.0,10606.5,10650.0,9898.5,3
2022-06-10,10530.0,10281.75,10650.0,10135.5,4
2022-06-13,10254.0,9459.0,10350.0,9315.0,3
2022-06-14,9300.0,9150.0,10240.5,9150.0,2
2022-06-15,9450.0,8940.0,9450.0,8257.5,10
2022-06-16,9405.0,8695.5,9600.0,8400.0,2
2022-06-17,9600.0,8430.0,9600.0,8400.0,3
2022-06-21,8409.0,9007.5,9178.5,8409.0,2
2022-06-22,9000.0,9600.0,9900.0,8998.5,3
2022-06-23,9592.515,9030.0,10050.0,8850.0,4
2022-06-24,9750.0,12000.0,13096.5,8724.0,39
2022-06-27,12523.5,10080.0,12523.5,9901.5,23
2022-06-28,10500.0,9525.0,10530.0,9300.75,9
2022-06-29,9435.0,9451.5,9768.0,9435.0,3
2022-06-30,9355.5,9300.0,10251.0,9015.0,5
2022-07-01,9357.0,9487.5,9750.0,9357.0,2
2022-07-05,9306.0,9375.0,9750.0,9000.0,3
2022-07-06,9321.0,9184.5,9674.985,8668.5,2
2022-07-07,9000.0,9294.0,9600.0,9000.0,1
2022-07-08,9201.0,9276.0,9592.5,8556.0,1
2022-07-11,9300.0,9385.5,9901.515,8625.0,6
2022-07-12,9450.0,9055.5,9673.5,9015.0,2
2022-07-13,9013.5,8850.0,9013.5,8701.5,2
2022-07-14,8850.0,8649.0,8850.0,8637.0,1
2022-07-15,9000.0,8924.235,9000.0,8550.0,4
2022-07-18,8700.0,9298.5,9750.0,8698.245,11
2022-07-19,9450.015,9165.0,9598.515,9150.0,6
2022-07-20,9750.0,9300.0,9750.0,9225.0,1
2022-07-21,9207.0,9300.0,9750.0,9165.0,1
2022-07-22,9642.0,10318.5,11385.0,9318.0,16
2022-07-25,10800.0,10128.0,10800.0,9450.0,5
2022-07-26,9696.0,10314.0,11356.5,9600.0,9
2022-07-27,10650.0,10500.0,10650.0,9750.0,2
2022-07-28,10350.0,9414.0,10500.0,9025.5,7
2022-07-29,9300.0,9753.0,9922.5,9006.0,3
2022-08-01,9450.0,9649.5,11100.0,9300.0,3
2022-08-02,10132.5,10423.5,10800.0,9534.0,9
2022-08-03,10711.5,10738.485,11655.0,9570.0,11
2022-08-04,10650.0,10992.0,11550.0,10110.0,3
2022-08-05,10650.0,10501.5,11523.0,10500.0,3
2022-08-08,10528.5,10500.0,11143.5,10275.0,9
2022-08-09,10500.0,10051.5,10938.0,9945.0,7
2022-08-10,10500.0,10645.5,11196.0,10200.0,7
2022-08-11,11100.0,10797.0,11367.0,10371.0,7
2022-08-12,10771.515,11512.5,11593.5,10653.0,5
2022-08-15,11835.0,11549.985,11835.0,11295.0,6
2022-08-16,10950.0,10224.0,11550.0,9628.5,10
2022-08-17,10200.0,10004.985,10267.485,9900.0,4
2022-08-18,10500.0,10671.0,11790.0,10075.5,19
2022-08-19,10800.0,10344.0,10800.0,9570.0,6
2022-08-22,10344.0,9486.0,10344.0,9375.0,4
2022-08-23,9450.0,9406.5,9450.0,9300.0,3
2022-08-24,9312.0,9180.0,9642.0,9150.0,3
2022-08-25,9150.0,10150.5,10798.5,9150.0,6
2022-08-26,10680.0,9760.5,10680.0,9750.0,3
2022-08-29,9750.0,9760.5,9760.5,9196.515,1
2022-08-30,9927.75,9496.5,10050.0,9412.5,2
2022-08-31,9300.0,9360.0,10200.0,9300.0,1
2022-09-01,9300.0,9490.5,9750.0,9300.0,1
2022-09-02,9490.5,9408.0,9490.5,9150.0,1
2022-09-06,9300.0,9450.0,10350.0,9033.0,5
2022-09-07,9166.5,9181.5,9750.0,9166.5,1
2022-09-08,9195.0,9229.5,9600.0,9195.0,1
2022-09-09,9225.0,9148.485,9750.0,9105.0,4
2022-09-12,9570.0,9153.0,9570.0,8998.5,4
2022-09-13,9153.0,8769.0,9450.0,8442.015,2
2022-09-14,8775.0,8773.5,9180.0,8773.5,1
2022-09-15,8773.5,8794.5,9022.5,8700.0,0
2022-09-16,8772.0,7954.5,9274.5,7950.0,7
2022-09-19,8401.5,7800.0,9000.0,7800.0,4
2022-09-20,8115.0,7665.0,8550.0,7650.0,2
2022-09-21,7650.0,7950.0,8683.5,7650.0,3
2022-09-22,7680.0,7680.0,8700.0,7503.0,4
2022-09-23,7503.0,8100.0,8698.5,7503.0,2
2022-09-26,8476.5,8100.0,8476.5,7575.0,1
2022-09-27,7837.485,7949.985,8100.0,7575.0,0
2022-09-28,8347.5,7900.5,8764.5,7710.015,2
2022-09-29,8550.0,8622.0,9150.0,7678.5,2
2022-09-30,8400.0,8400.0,8911.5,8250.0,2
2022-10-03,8400.0,9147.0,9150.0,8400.0,4
2022-10-04,8989.5,9762.0,10351.5,8989.5,4
2022-10-05,9900.0,9900.0,10948.5,8700.0,5
2022-10-06,10350.0,9900.0,10350.0,9900.0,2
2022-10-07,9825.0,8700.0,9853.5,8700.0,1
2022-10-10,8400.0,9574.5,10348.5,8400.0,2
2022-10-11,9150.0,8886.0,9750.0,8716.5,1
2022-10-12,9300.0,8947.5,9300.0,8487.615,0
2022-10-13,8700.0,8550.0,8701.5,8400.0,2
2022-10-14,9000.0,8925.0,9750.0,8895.0,2
2022-10-17,9000.0,8565.0,9000.0,8400.0,0
2022-10-18,9000.0,8700.0,9000.0,8587.5,1
2022-10-19,8959.5,8640.0,9000.0,8418.0,2
2022-10-20,8607.0,8742.0,9000.0,8550.0,0
2022-10-21,8550.0,8445.0,9000.0,8445.0,1
2022-10-24,8445.0,8424.0,9000.0,8250.0,1
2022-10-25,8400.0,8451.0,8700.0,8251.5,0
2022-10-26,8400.0,8251.5,8475.0,8251.5,1
2022-10-27,8400.0,8400.0,8550.0,8056.5,2
2022-10-28,8401.5,7803.0,8401.5,7803.0,3
2022-10-31,7650.0,8250.0,8550.0,7650.0,10
2022-11-01,8100.0,7050.0,8100.0,6981.75,25
2022-11-02,7050.0,6450.0,7123.485,6450.0,10
2022-11-03,6750.0,5700.0,6750.0,5700.0,9
2022-11-04,6381.0,5703.0,6381.0,5700.0,3
2022-11-07,5550.0,5850.0,6300.0,5257.515,29
2022-11-08,5850.0,5253.0,6150.0,4650.0,62
2022-11-09,5487.0,4540.5,5541.0,4530.0,10
2022-11-10,5055.0,5025.0,5100.0,4513.5,29
2022-11-11,5175.0,5100.0,5700.0,4650.0,9
2022-11-14,5100.0,4707.0,5236.5,4518.0,17
2022-11-15,4816.5,4582.5,5100.0,4560.0,16
2022-11-16,4650.0,4500.0,4800.0,4500.0,6
2022-11-17,4500.0,4428.0,4792.5,4065.0,9
2022-11-18,4420.5,4350.0,4627.5,4290.0,3
2022-11-21,4410.0,3757.5,4410.0,3757.5,10
2022-11-22,3897.0,2947.5,3897.0,2730.0,70
2022-11-23,3000.0,2550.0,3000.0,2550.0,85
2022-11-25,2746.5,2628.0,2746.5,2401.5,182
2022-11-28,2700.0,3000.0,3375.0,2550.0,801
2022-11-29,2731.5,2476.5,2908.5,2474.97,418
2022-11-30,1530.0,1707.0,1827.0,1500.0,7862
2022-12-01,1785.0,1906.5,1950.0,1605.0,2719
2022-12-02,1821.0,1663.5,1837.5,1587.0,2041
2022-12-05,1675.5,1803.0,1918.5,1603.5,2604
2022-12-06,1965.0,1800.0,1995.0,1710.0,3105
2022-12-07,1684.5,1665.15,1738.5,1620.0,1114
2022-12-08,1660.5,1626.0,1680.0,1590.0,1038
2022-12-09,1695.0,1650.0,1723.5,1590.0,997
2022-12-12,1650.0,1708.5,1800.0,1605.0,1134
2022-12-13,1696.5,1777.5,1845.0,1635.0,1264
2022-12-14,1801.5,1711.5,1905.0,1650.0,1799
2022-12-15,1680.0,1695.0,1755.0,1605.0,758
2022-12-16,1605.0,1575.0,1648.5,1530.0,884
2022-12-19,1545.0,1389.0,1650.0,1294.5,1607
2022-12-20,1389.0,1353.0,1473.0,1350.0,506
2022-12-21,1354.5,1356.0,1419.0,1338.0,575
2022-12-22,1498.5,1462.5,1500.0,1366.5,439
2022-12-23,1455.0,1422.0,1455.0,1362.0,379
2022-12-27,1531.5,1587.0,1618.5,1432.5,2090
2022-12-28,1695.0,1554.0,1723.5,1500.0,1227
2022-12-29,1533.0,1593.0,1650.0,1470.0,757
2022-12-30,1543.5,1617.0,1665.0,1515.0,516
2023-01-03,1500.0,1485.0,1573.5,1302.0,4263
2023-01-04,1483.5,1441.5,1530.0,1383.0,3090
2023-01-05,1425.0,1356.0,1425.0,1335.0,1542
2023-01-06,1348.5,1326.0,1425.0,1300.5,1652
2023-01-09,1326.0,1363.5,1386.0,1306.5,1191
2023-01-10,1422.0,1489.5,1540.5,1330.5,2748
2023-01-11,1516.5,1443.0,1570.5,1410.0,1507
2023-01-12,1428.0,1375.5,1431.0,1335.0,1599
2023-01-13,1449.0,1378.5,1449.0,1267.5,1025
2023-01-17,1404.0,1387.5,1444.5,1330.5,1264
2023-01-18,1491.0,1432.5,1530.0,1393.5,1469
2023-01-19,1416.0,1849.5,1873.5,1353.0,6404
2023-01-20,2548.5,2110.5,2857.5,1875.0,21045
2023-01-23,2143.5,2400.0,2625.0,1905.0,8685
2023-01-24,2445.0,2475.0,3435.0,2401.5,14031
2023-01-25,2377.5,2065.5,2434.5,2007.0,3348
2023-01-26,2125.5,1665.0,2367.0,1554.0,6987
2023-01-27,1680.0,1380.0,1710.0,1293.255,5984
2023-01-30,1563.0,1972.5,2205.0,1414.5,30482
2023-01-31,1807.5,1573.5,1875.0,1561.5,9671
2023-02-01,1471.5,1420.5,1501.5,1369.5,5977
2023-02-02,1404.0,1363.5,1425.0,1332.0,3321
2023-02-03,1359.0,1335.0,1462.5,1312.5,4381
2023-02-06,1300.5,1207.5,1317.0,1207.5,2435
2023-02-07,1201.5,1065.0,1220.25,1057.5,3562
2023-02-08,1057.5,1089.0,1160.055,1057.5,2598
2023-02-09,1078.5,954.0,1092.645,930.0,3113
2023-02-10,930.0,927.0,985.485,898.5,2447
2023-02-13,927.0,837.0,931.5,831.0,2017
2023-02-14,822.0,786.0,822.0,747.0,2477
2023-02-15,765.0,766.5,787.5,735.0,1976
2023-02-16,736.5,837.0,895.5,736.5,3695
2023-02-17,814.5,774.0,825.0,744.0,1994
2023-02-21,766.5,741.0,777.33,739.5,1026
2023-02-22,736.5,673.5,740.655,660.0,1514
2023-02-23,672.0,673.5,682.5,649.485,565
2023-02-24,672.0,649.5,681.0,636.0,579
2023-02-27,643.5,652.5,704.985,636.0,789
2023-02-28,645.0,672.0,690.0,630.0,514
2023-03-01,691.5,651.0,691.5,637.5,493
2023-03-02,649.5,772.5,778.5,627.0,1556
2023-03-03,780.0,765.0,780.0,720.0,936
2023-03-06,756.0,714.0,756.0,693.0,431
2023-03-07,703.5,756.0,759.06,701.31,382
2023-03-08,757.5,720.0,778.095,711.0,656
2023-03-09,720.0,670.5,724.5,660.0,368
2023-03-10,657.0,618.0,665.985,607.5,658
2023-03-13,615.0,576.0,618.0,555.0,450
2023-03-14,574.5,597.0,616.5,574.5,246
2023-03-15,576.0,559.5,595.5,553.5,468
2023-03-16,513.0,433.5,540.0,421.5,2126
2023-03-17,420.0,348.0,420.0,348.0,1680
2023-03-20,355.5,321.0,360.0,312.75,1280
2023-03-21,327.0,313.5,351.0,309.0,1721
2023-03-22,315.0,291.0,330.69,286.5,930
2023-03-23,289.5,282.0,322.5,282.0,1233
2023-03-24,285.0,285.0,307.5,283.5,593
2023-03-27,289.5,540.0,653.985,285.0,320099
2023-03-28,397.5,294.0,415.5,285.0,33239
2023-03-29,304.5,249.0,312.0,226.5,15403
2023-03-30,240.0,234.0,252.0,225.0,5332
2023-03-31,234.0,237.0,276.0,228.0,7919
2023-04-03,237.0,246.0,261.0,231.0,5710
2023-04-04,246.0,241.5,261.0,237.0,2870
2023-04-05,240.0,214.5,240.0,207.0,2206
2023-04-06,214.5,211.5,217.5,210.0,1298
2023-04-10,208.5,199.5,213.0,189.75,2352
2023-04-11,198.0,199.5,207.0,198.0,1145
2023-04-12,208.5,198.0,208.5,195.0,943
2023-04-13,201.0,189.75,204.855,187.5,2384
2023-04-14,193.5,183.0,193.5,180.0,2292
2023-04-17,183.0,234.0,246.0,181.5,16188
2023-04-18,229.5,216.0,229.5,193.62,5593
2023-04-19,204.0,210.0,211.5,192.0,1397
2023-04-20,204.0,208.5,216.0,202.5,1106
2023-04-21,199.5,198.0,205.035,195.0,855
2023-04-24,198.0,190.5,199.5,180.0,752
2023-04-25,183.0,175.5,189.0,171.0,984
2023-04-26,175.5,150.0,178.38,147.0,1972
2023-04-27,145.5,154.5,159.0,142.5,1283
2023-04-28,159.0,175.5,181.5,154.5,3991
2023-05-01,171.0,168.0,175.5,157.5,946
2023-05-02,172.5,162.0,174.0,154.5,1278
2023-05-03,160.5,166.5,168.0,150.0,1676
2023-05-04,156.0,171.0,174.0,156.0,1221
2023-05-05,166.5,181.5,181.5,162.0,1245
2023-05-08,183.0,178.5,183.0,172.5,556
2023-05-09,174.0,180.0,183.0,166.5,536
2023-05-10,183.0,192.0,197.955,174.0,1081
2023-05-11,186.0,208.5,222.0,186.0,3657
2023-05-12,208.5,237.0,243.0,187.515,18658
2023-05-15,325.5,241.5,402.0,232.5,396125
2023-05-16,217.5,201.0,223.5,189.015,18259
2023-05-17,199.5,201.0,202.5,186.0,6765
2023-05-18,199.5,182.25,199.5,177.0,5303
2023-05-19,198.0,193.5,198.0,184.5,8873
2023-05-22,187.5,195.0,196.5,181.5,2702
2023-05-23,190.5,193.5,193.5,181.5,2339
2023-05-24,187.5,180.0,187.5,180.0,2310
2023-05-25,180.0,204.0,211.5,168.0,18432
2023-05-26,199.5,201.0,219.0,193.5,6334
